8.7644715214029378e-06 -2.0000000000000008e-05 0.0000000000000000e+00 0.0000000000000000e+00 4.9470219890962852e+00 3.8255739663897546e-10
1.7528943042805876e-05 -3.9999999999999990e-05 0.0000000000000000e+00 0.0000000000000000e+00 4.9470216729875975e+00 1.5302297102346579e-09
2.6293414564208815e-05 -5.9999999999999988e-05 0.0000000000000000e+00 0.0000000000000000e+00 4.9470213569347630e+00 3.4430171263051858e-09
3.5057886085611758e-05 -8.0000000000000007e-05 0.0000000000000000e+00 0.0000000000000000e+00 4.9470210409185595e+00 6.1209198303686987e-09
4.3822357607014701e-05 -1.0000000000000002e-04 0.0000000000000000e+00 0.0000000000000000e+00 4.9470207249226279e+00 9.5639380079433283e-09
5.2586829128417644e-05 -1.1999999999999998e-04 0.0000000000000000e+00 0.0000000000000000e+00 4.9470204088512277e+00 1.3772071844547207e-08
6.1351300649820594e-05 -1.3999999999999999e-04 0.0000000000000000e+00 0.0000000000000000e+00 4.9470200927908783e+00 1.8745321525698485e-08
7.0115772171223543e-05 -1.6000000000000007e-04 0.0000000000000000e+00 0.0000000000000000e+00 4.9470197767208512e+00 2.4483687236915313e-08
7.8880243692626493e-05 -1.8000000000000015e-04 0.0000000000000000e+00 0.0000000000000000e+00 4.9470194606715978e+00 3.0987169163715814e-08
8.7644715214029443e-05 -2.0000000000000017e-04 0.0000000000000000e+00 0.0000000000000000e+00 4.9470191446357985e+00 3.8255767491618098e-08
9.6409186735432393e-05 -2.2000000000000020e-04 0.0000000000000000e+00 0.0000000000000000e+00 4.9470188285987682e+00 4.6289482406140334e-08
1.0517365825683534e-04 -2.4000000000000022e-04 0.0000000000000000e+00 0.0000000000000000e+00 4.9470185125199517e+00 5.5088314092800649e-08
1.1393812977823829e-04 -2.6000000000000030e-04 0.0000000000000000e+00 0.0000000000000000e+00 4.9470181964933788e+00 6.4652262737117200e-08
1.2270260129964124e-04 -2.8000000000000046e-04 0.0000000000000000e+00 0.0000000000000000e+00 4.9470178804231031e+00 7.4981328524608136e-08
1.3146707282104419e-04 -3.0000000000000068e-04 0.0000000000000000e+00 0.0000000000000000e+00 4.9470175643719889e+00 8.6075511640791604e-08
1.4023154434244714e-04 -3.2000000000000106e-04 0.0000000000000000e+00 0.0000000000000000e+00 4.9470172483335961e+00 9.7934812271185820e-08
1.4899601586385009e-04 -3.4000000000000133e-04 0.0000000000000000e+00 0.0000000000000000e+00 4.9470169322859148e+00 1.1055923060130875e-07
1.5776048738525304e-04 -3.6000000000000170e-04 0.0000000000000000e+00 0.0000000000000000e+00 4.9470166162326894e+00 1.2394876681667861e-07
1.6652495890665599e-04 -3.8000000000000197e-04 0.0000000000000000e+00 0.0000000000000000e+00 4.9470163001779719e+00 1.3810342110281352e-07
1.7528943042805894e-04 -4.0000000000000224e-04 0.0000000000000000e+00 0.0000000000000000e+00 4.9470159841263452e+00 1.5302319364523160e-07
1.8405390194946189e-04 -4.2000000000000257e-04 0.0000000000000000e+00 0.0000000000000000e+00 4.9470156680776221e+00 1.6870808462945106e-07
1.9281837347086484e-04 -4.4000000000000294e-04 0.0000000000000000e+00 0.0000000000000000e+00 4.9470153520310429e+00 1.8515809424099003e-07
2.0158284499226779e-04 -4.6000000000000354e-04 0.0000000000000000e+00 0.0000000000000000e+00 4.9470150359840526e+00 2.0237322266536677e-07
2.1034731651367074e-04 -4.8000000000000402e-04 0.0000000000000000e+00 0.0000000000000000e+00 4.9470147199343026e+00 2.2035347008809918e-07
2.1911178803507369e-04 -5.0000000000000456e-04 0.0000000000000000e+00 0.0000000000000000e+00 4.9470144038819601e+00 2.3909883669470554e-07
2.2787625955647664e-04 -5.2000000000000527e-04 0.0000000000000000e+00 0.0000000000000000e+00 4.9470140878277693e+00 2.5860932267070407e-07
2.3664073107787959e-04 -5.4000000000000586e-04 0.0000000000000000e+00 0.0000000000000000e+00 4.9470137717781064e+00 2.7888492820161264e-07
2.4540520259928254e-04 -5.6000000000000656e-04 0.0000000000000000e+00 0.0000000000000000e+00 4.9470134557386620e+00 2.9992565347294960e-07
2.5416967412068549e-04 -5.8000000000000716e-04 0.0000000000000000e+00 0.0000000000000000e+00 4.9470131396946790e+00 3.2173149867023297e-07
2.6293414564208844e-04 -6.0000000000000797e-04 0.0000000000000000e+00 0.0000000000000000e+00 4.9470128236412956e+00 3.4430246397898111e-07
2.7169861716349139e-04 -6.2000000000000900e-04 0.0000000000000000e+00 0.0000000000000000e+00 4.9470125075917384e+00 3.6763854958471230e-07
2.8046308868489434e-04 -6.4000000000000970e-04 0.0000000000000000e+00 0.0000000000000000e+00 4.9470121915554621e+00 3.9173975567294390e-07
2.8922756020629729e-04 -6.6000000000001040e-04 0.0000000000000000e+00 0.0000000000000000e+00 4.9470118755060772e+00 4.1660608242919456e-07
2.9799203172770024e-04 -6.8000000000001122e-04 0.0000000000000000e+00 0.0000000000000000e+00 4.9470115594549382e+00 4.4223753003898242e-07
3.0675650324910319e-04 -7.0000000000001192e-04 0.0000000000000000e+00 0.0000000000000000e+00 4.9470112434194284e+00 4.6863409868782545e-07
3.1552097477050614e-04 -7.2000000000001284e-04 0.0000000000000000e+00 0.0000000000000000e+00 4.9470109273698553e+00 4.9579578856124218e-07
3.2428544629190908e-04 -7.4000000000001398e-04 0.0000000000000000e+00 0.0000000000000000e+00 4.9470106113233223e+00 5.2372259984475081e-07
3.3304991781331203e-04 -7.6000000000001544e-04 0.0000000000000000e+00 0.0000000000000000e+00 4.9470102952861899e+00 5.5241453272386947e-07
3.4181438933471498e-04 -7.8000000000001712e-04 0.0000000000000000e+00 0.0000000000000000e+00 4.9470099792349576e+00 5.8187158738411636e-07
3.5057886085611793e-04 -8.0000000000001890e-04 0.0000000000000000e+00 0.0000000000000000e+00 4.9470096631994274e+00 6.1209376401100938e-07
3.5934333237752088e-04 -8.2000000000002058e-04 0.0000000000000000e+00 0.0000000000000000e+00 4.9470093471519814e+00 6.4308106279006654e-07
3.6810780389892383e-04 -8.4000000000002237e-04 0.0000000000000000e+00 0.0000000000000000e+00 4.9470090311107588e+00 6.7483348390680594e-07
3.7687227542032678e-04 -8.6000000000002448e-04 0.0000000000000000e+00 0.0000000000000000e+00 4.9470087150699644e+00 7.0735102754674633e-07
3.8563674694172973e-04 -8.8000000000002692e-04 0.0000000000000000e+00 0.0000000000000000e+00 4.9470083990249423e+00 7.4063369389540582e-07
3.9440121846313268e-04 -9.0000000000002914e-04 0.0000000000000000e+00 0.0000000000000000e+00 4.9470080829881748e+00 7.7468148313830188e-07
4.0316568998453563e-04 -9.2000000000003114e-04 0.0000000000000000e+00 0.0000000000000000e+00 4.9470077669420887e+00 8.0949439546095230e-07
4.1193016150593858e-04 -9.4000000000003293e-04 0.0000000000000000e+00 0.0000000000000000e+00 4.9470074509070434e+00 8.4507243104887551e-07
4.2069463302734153e-04 -9.6000000000003504e-04 0.0000000000000000e+00 0.0000000000000000e+00 4.9470071348613818e+00 8.8141559008759036e-07
4.2945910454874448e-04 -9.8000000000003770e-04 0.0000000000000000e+00 0.0000000000000000e+00 4.9470068188269183e+00 9.1852387276261527e-07
4.3822357607014743e-04 -1.0000000000000406e-03 0.0000000000000000e+00 0.0000000000000000e+00 4.9470065027825898e+00 9.5639727925946805e-07
4.4698804759155038e-04 -1.0200000000000432e-03 0.0000000000000000e+00 0.0000000000000000e+00 4.9470061867478465e+00 9.9503580976366626e-07
4.5575251911295333e-04 -1.0400000000000461e-03 0.0000000000000000e+00 0.0000000000000000e+00 4.9470058707058442e+00 1.0344394644607283e-06
4.6451699063435628e-04 -1.0600000000000494e-03 0.0000000000000000e+00 0.0000000000000000e+00 4.9470055546697127e+00 1.0746082435361733e-06
4.7328146215575923e-04 -1.0800000000000525e-03 0.0000000000000000e+00 0.0000000000000000e+00 4.9470052386314380e+00 1.1155421471755178e-06
4.8204593367716218e-04 -1.1000000000000556e-03 0.0000000000000000e+00 0.0000000000000000e+00 4.9470049225925266e+00 1.1572411755642803e-06
4.9081040519856518e-04 -1.1200000000000589e-03 0.0000000000000000e+00 0.0000000000000000e+00 4.9470046065587994e+00 1.1997053288879798e-06
4.9957487671996813e-04 -1.1400000000000622e-03 0.0000000000000000e+00 0.0000000000000000e+00 4.9470042905168983e+00 1.2429346073321335e-06
5.0833934824137108e-04 -1.1600000000000659e-03 0.0000000000000000e+00 0.0000000000000000e+00 4.9470039744856633e+00 1.2869290110822611e-06
5.1710381976277403e-04 -1.1800000000000701e-03 0.0000000000000000e+00 0.0000000000000000e+00 4.9470036584442232e+00 1.3316885403238798e-06
5.2586829128417698e-04 -1.2000000000000741e-03 0.0000000000000000e+00 0.0000000000000000e+00 4.9470033424124296e+00 1.3772131952425075e-06
5.3463276280557993e-04 -1.2200000000000787e-03 0.0000000000000000e+00 0.0000000000000000e+00 4.9470030263757252e+00 1.4235029760236634e-06
5.4339723432698288e-04 -1.2400000000000828e-03 0.0000000000000000e+00 0.0000000000000000e+00 4.9470027103393974e+00 1.4705578828528636e-06
5.5216170584838583e-04 -1.2600000000000870e-03 0.0000000000000000e+00 0.0000000000000000e+00 4.9470023943086288e+00 1.5183779159156269e-06
5.6092617736978878e-04 -1.2800000000000916e-03 0.0000000000000000e+00 0.0000000000000000e+00 4.9470020782691781e+00 1.5669630753974729e-06
5.6969064889119173e-04 -1.3000000000000967e-03 0.0000000000000000e+00 0.0000000000000000e+00 4.9470017622392302e+00 1.6163133614839194e-06
5.7845512041259468e-04 -1.3200000000001021e-03 0.0000000000000000e+00 0.0000000000000000e+00 4.9470014462045988e+00 1.6664287743604848e-06
5.8721959193399763e-04 -1.3400000000001076e-03 0.0000000000000000e+00 0.0000000000000000e+00 4.9470011301694825e+00 1.7173093142126863e-06
5.9598406345540058e-04 -1.3600000000001131e-03 0.0000000000000000e+00 0.0000000000000000e+00 4.9470008141406501e+00 1.7689549812260413e-06
6.0474853497680353e-04 -1.3800000000001185e-03 0.0000000000000000e+00 0.0000000000000000e+00 4.9470004981040754e+00 1.8213657755860690e-06
6.1351300649820648e-04 -1.4000000000001234e-03 0.0000000000000000e+00 0.0000000000000000e+00 4.9470001820737695e+00 1.8745416974782860e-06
6.2227747801960943e-04 -1.4200000000001284e-03 0.0000000000000000e+00 0.0000000000000000e+00 4.9469998660443188e+00 1.9284827470882113e-06
6.3104194954101238e-04 -1.4400000000001334e-03 0.0000000000000000e+00 0.0000000000000000e+00 4.9469995500084867e+00 1.9831889246013637e-06
6.3980642106241533e-04 -1.4600000000001383e-03 0.0000000000000000e+00 0.0000000000000000e+00 4.9469992339807956e+00 2.0386602302032604e-06
6.4857089258381828e-04 -1.4800000000001424e-03 0.0000000000000000e+00 0.0000000000000000e+00 4.9469989179505118e+00 2.0948966640794176e-06
6.5733536410522123e-04 -1.5000000000001466e-03 0.0000000000000000e+00 0.0000000000000000e+00 4.9469986019168823e+00 2.1518982264153568e-06
6.6609983562662418e-04 -1.5200000000001512e-03 0.0000000000000000e+00 0.0000000000000000e+00 4.9469982858905563e+00 2.2096649173965955e-06
6.7486430714802713e-04 -1.5400000000001558e-03 0.0000000000000000e+00 0.0000000000000000e+00 4.9469979698603055e+00 2.2681967372086518e-06
6.8362877866943008e-04 -1.5600000000001602e-03 0.0000000000000000e+00 0.0000000000000000e+00 4.9469976538286300e+00 2.3274936860370424e-06
6.9239325019083303e-04 -1.5800000000001642e-03 0.0000000000000000e+00 0.0000000000000000e+00 4.9469973378032748e+00 2.3875557640672860e-06
7.0115772171223598e-04 -1.6000000000001686e-03 0.0000000000000000e+00 0.0000000000000000e+00 4.9469970217739636e+00 2.4483829714849021e-06
7.0992219323363893e-04 -1.6200000000001738e-03 0.0000000000000000e+00 0.0000000000000000e+00 4.9469967057435378e+00 2.5099753084754103e-06
7.1868666475504188e-04 -1.6400000000001795e-03 0.0000000000000000e+00 0.0000000000000000e+00 4.9469963897190796e+00 2.5723327752243281e-06
7.2745113627644483e-04 -1.6600000000001852e-03 0.0000000000000000e+00 0.0000000000000000e+00 4.9469960736913867e+00 2.6354553719171724e-06
7.3621560779784778e-04 -1.6800000000001913e-03 0.0000000000000000e+00 0.0000000000000000e+00 4.9469957576616626e+00 2.6993430987394614e-06
7.4498007931925072e-04 -1.7000000000001966e-03 0.0000000000000000e+00 0.0000000000000000e+00 4.9469954416379522e+00 2.7639959558767104e-06
7.5374455084065367e-04 -1.7200000000002016e-03 0.0000000000000000e+00 0.0000000000000000e+00 4.9469951256124238e+00 2.8294139435144402e-06
7.6250902236205662e-04 -1.7400000000002069e-03 0.0000000000000000e+00 0.0000000000000000e+00 4.9469948095832308e+00 2.8955970618381688e-06
7.7127349388345957e-04 -1.7600000000002128e-03 0.0000000000000000e+00 0.0000000000000000e+00 4.9469944935598447e+00 2.9625453110334160e-06
7.8003796540486252e-04 -1.7800000000002191e-03 0.0000000000000000e+00 0.0000000000000000e+00 4.9469941775364701e+00 3.0302586912857002e-06
7.8880243692626547e-04 -1.8000000000002246e-03 0.0000000000000000e+00 0.0000000000000000e+00 4.9469938615086031e+00 3.0987372027805346e-06
7.9756690844766842e-04 -1.8200000000002303e-03 0.0000000000000000e+00 0.0000000000000000e+00 4.9469935454848084e+00 3.1679808457034404e-06
8.0633137996907137e-04 -1.8400000000002355e-03 0.0000000000000000e+00 0.0000000000000000e+00 4.9469932294632954e+00 3.2379896202399350e-06
8.1509585149047432e-04 -1.8600000000002412e-03 0.0000000000000000e+00 0.0000000000000000e+00 4.9469929134380752e+00 3.3087635265755382e-06
8.2386032301187727e-04 -1.8800000000002471e-03 0.0000000000000000e+00 0.0000000000000000e+00 4.9469925974132503e+00 3.3803025648957679e-06
8.3262479453328022e-04 -1.9000000000002526e-03 0.0000000000000000e+00 0.0000000000000000e+00 4.9469922813928706e+00 3.4526067353861400e-06
8.4138926605468317e-04 -1.9200000000002587e-03 0.0000000000000000e+00 0.0000000000000000e+00 4.9469919653711063e+00 3.5256760382321760e-06
8.5015373757608612e-04 -1.9400000000002653e-03 0.0000000000000000e+00 0.0000000000000000e+00 4.9469916493459589e+00 3.5995104736193939e-06
8.5891820909748907e-04 -1.9600000000002714e-03 0.0000000000000000e+00 0.0000000000000000e+00 4.9469913333251743e+00 3.6741100417333082e-06
8.6768268061889202e-04 -1.9800000000002771e-03 0.0000000000000000e+00 0.0000000000000000e+00 4.9469910173058897e+00 3.7494747427594382e-06
8.7644715214029497e-04 -2.0000000000002837e-03 0.0000000000000000e+00 0.0000000000000000e+00 4.9469907012835082e+00 3.8256045768833045e-06
