1.5860689349274746e-05 -2.0000000000000188e-05 0.0000000000000000e+00 0.0000000000000000e+00 3.4137742489249652e+00 1.0849411050635532e-09
3.1721378698549492e-05 -3.9999999999999739e-05 0.0000000000000000e+00 0.0000000000000000e+00 3.4137741577506429e+00 4.3397646011313206e-09
4.7582068047824238e-05 -5.9999999999998694e-05 0.0000000000000000e+00 0.0000000000000000e+00 3.4137740665827581e+00 9.7644707595189754e-09
6.3442757397098984e-05 -7.9999999999997947e-05 0.0000000000000000e+00 0.0000000000000000e+00 3.4137739753352792e+00 1.7359059851542447e-08
7.9303446746373723e-05 -9.9999999999996725e-05 0.0000000000000000e+00 0.0000000000000000e+00 3.4137738841300180e+00 2.7123532148517309e-08
9.5164136095648462e-05 -1.1999999999999542e-04 0.0000000000000000e+00 0.0000000000000000e+00 3.4137737929060901e+00 3.9057887921759456e-08
1.1102482544492320e-04 -1.3999999999999481e-04 0.0000000000000000e+00 0.0000000000000000e+00 3.4137737016663943e+00 5.3162127442585065e-08
1.2688551479419794e-04 -1.5999999999999419e-04 0.0000000000000000e+00 0.0000000000000000e+00 3.4137736104534842e+00 6.9436250982309675e-08
1.4274620414347268e-04 -1.7999999999999505e-04 0.0000000000000000e+00 0.0000000000000000e+00 3.4137735192285188e+00 8.7880258812250068e-08
1.5860689349274742e-04 -1.9999999999999735e-04 0.0000000000000000e+00 0.0000000000000000e+00 3.4137734280008458e+00 1.0849415120372237e-07
1.7446758284202216e-04 -2.1999999999999760e-04 0.0000000000000000e+00 0.0000000000000000e+00 3.4137733367700376e+00 1.3127792842803984e-07
1.9032827219129690e-04 -2.3999999999999627e-04 0.0000000000000000e+00 0.0000000000000000e+00 3.4137732455412051e+00 1.5623159075651823e-07
2.0618896154057164e-04 -2.5999999999999526e-04 0.0000000000000000e+00 0.0000000000000000e+00 3.4137731543214165e+00 1.8335513846047484e-07
2.2204965088984638e-04 -2.7999999999999342e-04 0.0000000000000000e+00 0.0000000000000000e+00 3.4137730630879171e+00 2.1264857181122441e-07
2.3791034023912112e-04 -2.9999999999999390e-04 0.0000000000000000e+00 0.0000000000000000e+00 3.4137729718660519e+00 2.4411189108008597e-07
2.5377102958839583e-04 -3.1999999999999526e-04 0.0000000000000000e+00 0.0000000000000000e+00 3.4137728806419116e+00 2.7774509653837404e-07
2.6963171893767057e-04 -3.3999999999999910e-04 0.0000000000000000e+00 0.0000000000000000e+00 3.4137727894098040e+00 3.1354818845740689e-07
2.8549240828694531e-04 -3.6000000000000398e-04 0.0000000000000000e+00 0.0000000000000000e+00 3.4137726981825849e+00 3.5152116710849874e-07
3.0135309763622004e-04 -3.7999999999999449e-04 0.0000000000000000e+00 0.0000000000000000e+00 3.4137726069578185e+00 3.9166403276294419e-07
3.1721378698549478e-04 -3.9999999999998419e-04 0.0000000000000000e+00 0.0000000000000000e+00 3.4137725157326502e+00 4.3397678569207564e-07
3.3307447633476952e-04 -4.1999999999997356e-04 0.0000000000000000e+00 0.0000000000000000e+00 3.4137724245066452e+00 4.7845942616720964e-07
3.4893516568404426e-04 -4.3999999999996359e-04 0.0000000000000000e+00 0.0000000000000000e+00 3.4137723332799808e+00 5.2511195445966351e-07
3.6479585503331900e-04 -4.5999999999995421e-04 0.0000000000000000e+00 0.0000000000000000e+00 3.4137722420528060e+00 5.7393437084075302e-07
3.8065654438259374e-04 -4.7999999999994060e-04 0.0000000000000000e+00 0.0000000000000000e+00 3.4137721508252121e+00 6.2492667558178546e-07
3.9651723373186848e-04 -4.9999999999992965e-04 0.0000000000000000e+00 0.0000000000000000e+00 3.4137720595983096e+00 6.7808886895408878e-07
4.1237792308114322e-04 -5.1999999999992200e-04 0.0000000000000000e+00 0.0000000000000000e+00 3.4137719683710408e+00 7.3342095122898024e-07
4.2823861243041796e-04 -5.3999999999991609e-04 0.0000000000000000e+00 0.0000000000000000e+00 3.4137718771458556e+00 7.9092292267777337e-07
4.4409930177969270e-04 -5.5999999999991560e-04 0.0000000000000000e+00 0.0000000000000000e+00 3.4137717859220724e+00 8.5059478357179211e-07
4.5995999112896744e-04 -5.7999999999992031e-04 0.0000000000000000e+00 0.0000000000000000e+00 3.4137716946954773e+00 9.1243653418235265e-07
4.7582068047824218e-04 -5.9999999999992600e-04 0.0000000000000000e+00 0.0000000000000000e+00 3.4137716034669330e+00 9.7644817478076271e-07
4.9168136982751692e-04 -6.1999999999992942e-04 0.0000000000000000e+00 0.0000000000000000e+00 3.4137715122388910e+00 1.0426297056383311e-06
5.0754205917679165e-04 -6.3999999999993619e-04 0.0000000000000000e+00 0.0000000000000000e+00 3.4137714210143106e+00 1.1109811270263866e-06
5.2340274852606639e-04 -6.5999999999994655e-04 0.0000000000000000e+00 0.0000000000000000e+00 3.4137713297891654e+00 1.1815024392162455e-06
5.3926343787534113e-04 -6.7999999999995852e-04 0.0000000000000000e+00 0.0000000000000000e+00 3.4137712385606700e+00 1.2541936424792208e-06
5.5512412722461587e-04 -6.9999999999997170e-04 0.0000000000000000e+00 0.0000000000000000e+00 3.4137711473337773e+00 1.3290547370866256e-06
5.7098481657389061e-04 -7.1999999999998324e-04 0.0000000000000000e+00 0.0000000000000000e+00 3.4137710561098915e+00 1.4060857233097701e-06
5.8684550592316535e-04 -7.3999999999999533e-04 0.0000000000000000e+00 0.0000000000000000e+00 3.4137709648813517e+00 1.4852866014199752e-06
6.0270619527244009e-04 -7.6000000000001479e-04 0.0000000000000000e+00 0.0000000000000000e+00 3.4137708736550416e+00 1.5666573716885760e-06
6.1856688462171483e-04 -7.8000000000004184e-04 0.0000000000000000e+00 0.0000000000000000e+00 3.4137707824303813e+00 1.6501980343868905e-06
6.3442757397098957e-04 -8.0000000000006672e-04 0.0000000000000000e+00 0.0000000000000000e+00 3.4137706912013295e+00 1.7359085897862072e-06
6.5028826332026431e-04 -8.2000000000008878e-04 0.0000000000000000e+00 0.0000000000000000e+00 3.4137705999769330e+00 1.8237890381578394e-06
6.6614895266953905e-04 -8.4000000000011106e-04 0.0000000000000000e+00 0.0000000000000000e+00 3.4137705087499000e+00 1.9138393797731124e-06
6.8200964201881379e-04 -8.6000000000012813e-04 0.0000000000000000e+00 0.0000000000000000e+00 3.4137704175225569e+00 2.0060596149033242e-06
6.9787033136808852e-04 -8.8000000000013794e-04 0.0000000000000000e+00 0.0000000000000000e+00 3.4137703262981272e+00 2.1004497438197830e-06
7.1373102071736326e-04 -9.0000000000015437e-04 0.0000000000000000e+00 0.0000000000000000e+00 3.4137702350695709e+00 2.1970097667938485e-06
7.2959171006663800e-04 -9.2000000000017838e-04 0.0000000000000000e+00 0.0000000000000000e+00 3.4137701438457198e+00 2.2957396840968420e-06
7.4545239941591274e-04 -9.4000000000020998e-04 0.0000000000000000e+00 0.0000000000000000e+00 3.4137700526172257e+00 2.3966394960000811e-06
7.6131308876518748e-04 -9.6000000000023812e-04 0.0000000000000000e+00 0.0000000000000000e+00 3.4137699613928034e+00 2.4997092027748434e-06
7.7717377811446222e-04 -9.8000000000025779e-04 0.0000000000000000e+00 0.0000000000000000e+00 3.4137698701649364e+00 2.6049488046924272e-06
7.9303446746373696e-04 -1.0000000000002839e-03 0.0000000000000000e+00 0.0000000000000000e+00 3.4137697789399919e+00 2.7123583020241991e-06
8.0889515681301170e-04 -1.0200000000003080e-03 0.0000000000000000e+00 0.0000000000000000e+00 3.4137696877125041e+00 2.8219376950414471e-06
8.2475584616228644e-04 -1.0400000000003276e-03 0.0000000000000000e+00 0.0000000000000000e+00 3.4137695964875148e+00 2.9336869840154751e-06
8.4061653551156118e-04 -1.0600000000003432e-03 0.0000000000000000e+00 0.0000000000000000e+00 3.4137695052599617e+00 3.0476061692176003e-06
8.5647722486083592e-04 -1.0800000000003600e-03 0.0000000000000000e+00 0.0000000000000000e+00 3.4137694140352979e+00 3.1636952509191593e-06
8.7233791421011066e-04 -1.1000000000003678e-03 0.0000000000000000e+00 0.0000000000000000e+00 3.4137693228076844e+00 3.2819542293914257e-06
8.8819860355938540e-04 -1.1200000000003219e-03 0.0000000000000000e+00 0.0000000000000000e+00 3.4137692315830774e+00 3.4023831049055298e-06
9.0405929290866013e-04 -1.1400000000002810e-03 0.0000000000000000e+00 0.0000000000000000e+00 3.4137691403550212e+00 3.5249818777330197e-06
9.1991998225793487e-04 -1.1600000000002453e-03 0.0000000000000000e+00 0.0000000000000000e+00 3.4137690491306558e+00 3.6497505481452170e-06
9.3578067160720961e-04 -1.1800000000002119e-03 0.0000000000000000e+00 0.0000000000000000e+00 3.4137689579026453e+00 3.7766891164134229e-06
9.5164136095648435e-04 -1.2000000000001695e-03 0.0000000000000000e+00 0.0000000000000000e+00 3.4137688666782680e+00 3.9057975828089045e-06
9.6750205030575909e-04 -1.2200000000001346e-03 0.0000000000000000e+00 0.0000000000000000e+00 3.4137687754509334e+00 4.0370759476030510e-06
9.8336273965503383e-04 -1.2400000000001091e-03 0.0000000000000000e+00 0.0000000000000000e+00 3.4137686842254604e+00 4.1705242110671892e-06
9.9922342900430868e-04 -1.2600000000000900e-03 0.0000000000000000e+00 0.0000000000000000e+00 3.4137685929993120e+00 4.3061423734726194e-06
1.0150841183535835e-03 -1.2800000000000688e-03 0.0000000000000000e+00 0.0000000000000000e+00 3.4137685017724850e+00 4.4439304350906227e-06
1.0309448077028584e-03 -1.3000000000000440e-03 0.0000000000000000e+00 0.0000000000000000e+00 3.4137684105479402e+00 4.5838883961925061e-06
1.0468054970521332e-03 -1.3200000000000091e-03 0.0000000000000000e+00 0.0000000000000000e+00 3.4137683193202499e+00 4.7260162570495490e-06
1.0626661864014081e-03 -1.3399999999999664e-03 0.0000000000000000e+00 0.0000000000000000e+00 3.4137682280954667e+00 4.8703140179330831e-06
1.0785268757506829e-03 -1.3599999999999344e-03 0.0000000000000000e+00 0.0000000000000000e+00 3.4137681368688595e+00 5.0167816791145088e-06
1.0943875650999578e-03 -1.3799999999998922e-03 0.0000000000000000e+00 0.0000000000000000e+00 3.4137680456424611e+00 5.1654192408650435e-06
1.1102482544492326e-03 -1.3999999999998575e-03 0.0000000000000000e+00 0.0000000000000000e+00 3.4137679544178305e+00 5.3162267034560874e-06
1.1261089437985075e-03 -1.4199999999998244e-03 0.0000000000000000e+00 0.0000000000000000e+00 3.4137678631902615e+00 5.4692040671589319e-06
1.1419696331477823e-03 -1.4399999999997889e-03 0.0000000000000000e+00 0.0000000000000000e+00 3.4137677719652886e+00 5.6243513322448679e-06
1.1578303224970572e-03 -1.4599999999997649e-03 0.0000000000000000e+00 0.0000000000000000e+00 3.4137676807395585e+00 5.7816684989852847e-06
1.1736910118463320e-03 -1.4799999999997534e-03 0.0000000000000000e+00 0.0000000000000000e+00 3.4137675895126391e+00 5.9411555676515117e-06
1.1895517011956068e-03 -1.4999999999997309e-03 0.0000000000000000e+00 0.0000000000000000e+00 3.4137674982879296e+00 6.1028125385147332e-06
1.2054123905448817e-03 -1.5199999999997230e-03 0.0000000000000000e+00 0.0000000000000000e+00 3.4137674070612047e+00 6.2666394118464046e-06
1.2212730798941565e-03 -1.5399999999997031e-03 0.0000000000000000e+00 0.0000000000000000e+00 3.4137673158353370e+00 6.4326361879176985e-06
1.2371337692434314e-03 -1.5599999999997502e-03 0.0000000000000000e+00 0.0000000000000000e+00 3.4137672246104445e+00 6.6008028670003802e-06
1.2529944585927062e-03 -1.5799999999998040e-03 0.0000000000000000e+00 0.0000000000000000e+00 3.4137671333833297e+00 6.7711394493654292e-06
1.2688551479419811e-03 -1.5999999999998518e-03 0.0000000000000000e+00 0.0000000000000000e+00 3.4137670421580459e+00 6.9436459352840857e-06
1.2847158372912559e-03 -1.6199999999998852e-03 0.0000000000000000e+00 0.0000000000000000e+00 3.4137669509328572e+00 7.1183223250276180e-06
1.3005765266405308e-03 -1.6399999999999247e-03 0.0000000000000000e+00 0.0000000000000000e+00 3.4137668597057949e+00 7.2951686188674603e-06
1.3164372159898056e-03 -1.6599999999999642e-03 0.0000000000000000e+00 0.0000000000000000e+00 3.4137667684807442e+00 7.4741848170748902e-06
1.3322979053390805e-03 -1.6799999999999970e-03 0.0000000000000000e+00 0.0000000000000000e+00 3.4137666772554223e+00 7.6553709199211886e-06
1.3481585946883553e-03 -1.7000000000000151e-03 0.0000000000000000e+00 0.0000000000000000e+00 3.4137665860284914e+00 7.8387269276776119e-06
1.3640192840376302e-03 -1.7200000000000271e-03 0.0000000000000000e+00 0.0000000000000000e+00 3.4137664948034474e+00 8.0242528406155350e-06
1.3798799733869050e-03 -1.7400000000000299e-03 0.0000000000000000e+00 0.0000000000000000e+00 3.4137664035782156e+00 8.2119486590062457e-06
1.3957406627361799e-03 -1.7600000000000361e-03 0.0000000000000000e+00 0.0000000000000000e+00 3.4137663123512603e+00 8.4018143831211417e-06
1.4116013520854547e-03 -1.7800000000000446e-03 0.0000000000000000e+00 0.0000000000000000e+00 3.4137662211261826e+00 8.5938500132315329e-06
1.4274620414347296e-03 -1.8000000000000433e-03 0.0000000000000000e+00 0.0000000000000000e+00 3.4137661299011630e+00 8.7880555496086544e-06
1.4433227307840044e-03 -1.8200000000000321e-03 0.0000000000000000e+00 0.0000000000000000e+00 3.4137660386742903e+00 8.9844309925238226e-06
1.4591834201332793e-03 -1.8400000000000050e-03 0.0000000000000000e+00 0.0000000000000000e+00 3.4137659474492277e+00 9.1829763422483085e-06
1.4750441094825541e-03 -1.8599999999999613e-03 0.0000000000000000e+00 0.0000000000000000e+00 3.4137658562241655e+00 9.3836915990534166e-06
1.4909047988318290e-03 -1.8799999999999204e-03 0.0000000000000000e+00 0.0000000000000000e+00 3.4137657649976019e+00 9.5865767632105939e-06
1.5067654881811038e-03 -1.8999999999998879e-03 0.0000000000000000e+00 0.0000000000000000e+00 3.4137656737720641e+00 9.7916318349912010e-06
1.5226261775303786e-03 -1.9199999999998504e-03 0.0000000000000000e+00 0.0000000000000000e+00 3.4137655825472044e+00 9.9988568146664560e-06
1.5384868668796535e-03 -1.9399999999997987e-03 0.0000000000000000e+00 0.0000000000000000e+00 3.4137654913212776e+00 1.0208251702507610e-05
1.5543475562289283e-03 -1.9599999999997558e-03 0.0000000000000000e+00 0.0000000000000000e+00 3.4137654000950688e+00 1.0419816498786142e-05
1.5702082455782032e-03 -1.9799999999997151e-03 0.0000000000000000e+00 0.0000000000000000e+00 3.4137653088704090e+00 1.0633551203773320e-05
1.5860689349274780e-03 -1.9999999999996748e-03 0.0000000000000000e+00 0.0000000000000000e+00 3.4137652176450701e+00 1.0849455817740448e-05
