1.3563030616708749e-05 -2.0000000000000042e-05 0.0000000000000000e+00 0.0000000000000000e+00 4.0077777219359438e+00 7.0506699639727140e-10
2.7126061233417497e-05 -4.0000000000000003e-05 0.0000000000000000e+00 0.0000000000000000e+00 4.0077761711323285e+00 2.8202696489211709e-09
4.0689091850126249e-05 -6.0000000000000063e-05 0.0000000000000000e+00 0.0000000000000000e+00 4.0077746200557627e+00 6.3456104525698559e-09
5.4252122466835001e-05 -8.0000000000000074e-05 0.0000000000000000e+00 0.0000000000000000e+00 4.0077730690992883e+00 1.1281091902341452e-08
6.7815153083543753e-05 -1.0000000000000010e-04 0.0000000000000000e+00 0.0000000000000000e+00 4.0077715181345361e+00 1.7626716493234106e-08
8.1378183700252498e-05 -1.1999999999999983e-04 0.0000000000000000e+00 0.0000000000000000e+00 4.0077699671455607e+00 2.5382486720245864e-08
9.4941214316961243e-05 -1.3999999999999931e-04 0.0000000000000000e+00 0.0000000000000000e+00 4.0077684161263907e+00 3.4548405078374840e-08
1.0850424493366999e-04 -1.5999999999999917e-04 0.0000000000000000e+00 0.0000000000000000e+00 4.0077668651678691e+00 4.5124474062619399e-08
1.2206727555037873e-04 -1.7999999999999882e-04 0.0000000000000000e+00 0.0000000000000000e+00 4.0077653141946872e+00 5.7110696167977443e-08
1.3563030616708748e-04 -1.9999999999999838e-04 0.0000000000000000e+00 0.0000000000000000e+00 4.0077637632150820e+00 7.0507073889447193e-08
1.4919333678379621e-04 -2.1999999999999841e-04 0.0000000000000000e+00 0.0000000000000000e+00 4.0077622122398875e+00 8.5313609722027034e-08
1.6275636740050494e-04 -2.3999999999999849e-04 0.0000000000000000e+00 0.0000000000000000e+00 4.0077606612998879e+00 1.0153030616071498e-07
1.7631939801721367e-04 -2.5999999999999819e-04 0.0000000000000000e+00 0.0000000000000000e+00 4.0077591103257122e+00 1.1915716570050882e-07
1.8988242863392241e-04 -2.7999999999999786e-04 0.0000000000000000e+00 0.0000000000000000e+00 4.0077575593912087e+00 1.3819419083640695e-07
2.0344545925063114e-04 -2.9999999999999813e-04 0.0000000000000000e+00 0.0000000000000000e+00 4.0077560084352397e+00 1.5864138406340797e-07
2.1700848986733987e-04 -3.1999999999999856e-04 0.0000000000000000e+00 0.0000000000000000e+00 4.0077544574902380e+00 1.8049874787650976e-07
2.3057152048404860e-04 -3.3999999999999818e-04 0.0000000000000000e+00 0.0000000000000000e+00 4.0077529065619917e+00 2.0376628477070964e-07
2.4413455110075733e-04 -3.5999999999999850e-04 0.0000000000000000e+00 0.0000000000000000e+00 4.0077513556360431e+00 2.2844399724100702e-07
2.5769758171746606e-04 -3.7999999999999948e-04 0.0000000000000000e+00 0.0000000000000000e+00 4.0077498047117661e+00 2.5453188778240016e-07
2.7126061233417479e-04 -4.0000000000000029e-04 0.0000000000000000e+00 0.0000000000000000e+00 4.0077482537914211e+00 2.8202995888988630e-07
2.8482364295088353e-04 -4.2000000000000007e-04 0.0000000000000000e+00 0.0000000000000000e+00 4.0077467028760569e+00 3.1093821305846272e-07
2.9838667356759226e-04 -4.3999999999999985e-04 0.0000000000000000e+00 0.0000000000000000e+00 4.0077451519657883e+00 3.4125665278312860e-07
3.1194970418430099e-04 -4.5999999999999974e-04 0.0000000000000000e+00 0.0000000000000000e+00 4.0077436010603726e+00 3.7298528055888222e-07
3.2551273480100972e-04 -4.7999999999999980e-04 0.0000000000000000e+00 0.0000000000000000e+00 4.0077420501590675e+00 4.0612409888072170e-07
3.3907576541771845e-04 -5.0000000000000044e-04 0.0000000000000000e+00 0.0000000000000000e+00 4.0077404992613896e+00 4.4067311024364584e-07
3.5263879603442718e-04 -5.2000000000000104e-04 0.0000000000000000e+00 0.0000000000000000e+00 4.0077389483683321e+00 4.7663231714265209e-07
3.6620182665113592e-04 -5.4000000000000196e-04 0.0000000000000000e+00 0.0000000000000000e+00 4.0077373974836528e+00 5.1400172207273892e-07
3.7976485726784465e-04 -5.6000000000000158e-04 0.0000000000000000e+00 0.0000000000000000e+00 4.0077358466100312e+00 5.5278132752890214e-07
3.9332788788455338e-04 -5.8000000000000055e-04 0.0000000000000000e+00 0.0000000000000000e+00 4.0077342957386195e+00 5.9297113600614087e-07
4.0689091850126211e-04 -5.9999999999999919e-04 0.0000000000000000e+00 0.0000000000000000e+00 4.0077327448658249e+00 6.3457114999945344e-07
4.2045394911797084e-04 -6.1999999999999881e-04 0.0000000000000000e+00 0.0000000000000000e+00 4.0077311939983540e+00 6.7758137200384051e-07
4.3401697973467957e-04 -6.3999999999999864e-04 0.0000000000000000e+00 0.0000000000000000e+00 4.0077296431456269e+00 7.2200180451429830e-07
4.4758001035138831e-04 -6.5999999999999750e-04 0.0000000000000000e+00 0.0000000000000000e+00 4.0077280922930294e+00 7.6783245002582377e-07
4.6114304096809704e-04 -6.7999999999999658e-04 0.0000000000000000e+00 0.0000000000000000e+00 4.0077265414392258e+00 8.1507331103341619e-07
4.7470607158480577e-04 -6.9999999999999739e-04 0.0000000000000000e+00 0.0000000000000000e+00 4.0077249905998302e+00 8.6372439003207740e-07
4.8826910220151450e-04 -7.1999999999999994e-04 0.0000000000000000e+00 0.0000000000000000e+00 4.0077234397637413e+00 9.1378568951680541e-07
5.0183213281822323e-04 -7.4000000000000097e-04 0.0000000000000000e+00 0.0000000000000000e+00 4.0077218889255573e+00 9.6525721198259231e-07
5.1539516343493191e-04 -7.6000000000000221e-04 0.0000000000000000e+00 0.0000000000000000e+00 4.0077203381037600e+00 1.0181389599244391e-06
5.2895819405164059e-04 -7.8000000000000486e-04 0.0000000000000000e+00 0.0000000000000000e+00 4.0077187872789528e+00 1.0724309358373471e-06
5.4252122466834926e-04 -8.0000000000000578e-04 0.0000000000000000e+00 0.0000000000000000e+00 4.0077172364597393e+00 1.1281331422163074e-06
5.5608425528505794e-04 -8.2000000000000746e-04 0.0000000000000000e+00 0.0000000000000000e+00 4.0077156856520491e+00 1.1852455815563236e-06
5.6964728590176662e-04 -8.4000000000001088e-04 0.0000000000000000e+00 0.0000000000000000e+00 4.0077141348398335e+00 1.2437682563523965e-06
5.8321031651847530e-04 -8.6000000000001288e-04 0.0000000000000000e+00 0.0000000000000000e+00 4.0077125840437473e+00 1.3037011690995166e-06
5.9677334713518397e-04 -8.8000000000001510e-04 0.0000000000000000e+00 0.0000000000000000e+00 4.0077110332425629e+00 1.3650443222926862e-06
6.1033637775189265e-04 -9.0000000000001884e-04 0.0000000000000000e+00 0.0000000000000000e+00 4.0077094824547750e+00 1.4277977184269064e-06
6.2389940836860133e-04 -9.2000000000002334e-04 0.0000000000000000e+00 0.0000000000000000e+00 4.0077079316660082e+00 1.4919613599971733e-06
6.3746243898531001e-04 -9.4000000000002719e-04 0.0000000000000000e+00 0.0000000000000000e+00 4.0077063808863311e+00 1.5575352494984825e-06
6.5102546960201868e-04 -9.6000000000003255e-04 0.0000000000000000e+00 0.0000000000000000e+00 4.0077048301095610e+00 1.6245193894258367e-06
6.6458850021872736e-04 -9.8000000000003640e-04 0.0000000000000000e+00 0.0000000000000000e+00 4.0077032793391982e+00 1.6929137822742271e-06
6.7815153083543604e-04 -1.0000000000000421e-03 0.0000000000000000e+00 0.0000000000000000e+00 4.0077017285732675e+00 1.7627184305386602e-06
6.9171456145214472e-04 -1.0200000000000489e-03 0.0000000000000000e+00 0.0000000000000000e+00 4.0077001778133798e+00 1.8339333367141324e-06
7.0527759206885339e-04 -1.0400000000000578e-03 0.0000000000000000e+00 0.0000000000000000e+00 4.0076986270571844e+00 1.9065585032956448e-06
7.1884062268556207e-04 -1.0600000000000648e-03 0.0000000000000000e+00 0.0000000000000000e+00 4.0076970763086814e+00 1.9805939327781846e-06
7.3240365330227075e-04 -1.0800000000000729e-03 0.0000000000000000e+00 0.0000000000000000e+00 4.0076955255614441e+00 2.0560396276567582e-06
7.4596668391897943e-04 -1.1000000000000809e-03 0.0000000000000000e+00 0.0000000000000000e+00 4.0076939748247922e+00 2.1328955904263606e-06
7.5952971453568810e-04 -1.1200000000000892e-03 0.0000000000000000e+00 0.0000000000000000e+00 4.0076924240862830e+00 2.2111618235819910e-06
7.7309274515239678e-04 -1.1400000000000973e-03 0.0000000000000000e+00 0.0000000000000000e+00 4.0076908733607430e+00 2.2908383296186459e-06
7.8665577576910546e-04 -1.1600000000001043e-03 0.0000000000000000e+00 0.0000000000000000e+00 4.0076893226322969e+00 2.3719251110313206e-06
8.0021880638581414e-04 -1.1800000000001111e-03 0.0000000000000000e+00 0.0000000000000000e+00 4.0076877719167072e+00 2.4544221703150161e-06
8.1378183700252281e-04 -1.2000000000001181e-03 0.0000000000000000e+00 0.0000000000000000e+00 4.0076862212002471e+00 2.5383295099647325e-06
8.2734486761923149e-04 -1.2200000000001279e-03 0.0000000000000000e+00 0.0000000000000000e+00 4.0076846704924636e+00 2.6236471324754752e-06
8.4090789823594017e-04 -1.2400000000001392e-03 0.0000000000000000e+00 0.0000000000000000e+00 4.0076831197900153e+00 2.7103750403422386e-06
8.5447092885264884e-04 -1.2600000000001473e-03 0.0000000000000000e+00 0.0000000000000000e+00 4.0076815690886916e+00 2.7985132360600061e-06
8.6803395946935752e-04 -1.2800000000001569e-03 0.0000000000000000e+00 0.0000000000000000e+00 4.0076800183987258e+00 2.8880617221237911e-06
8.8159699008606620e-04 -1.3000000000001689e-03 0.0000000000000000e+00 0.0000000000000000e+00 4.0076784677072244e+00 2.9790205010285953e-06
8.9516002070277488e-04 -1.3200000000001793e-03 0.0000000000000000e+00 0.0000000000000000e+00 4.0076769170262061e+00 3.0713895752694017e-06
9.0872305131948355e-04 -1.3400000000001911e-03 0.0000000000000000e+00 0.0000000000000000e+00 4.0076753663488853e+00 3.1651689473412203e-06
9.2228608193619223e-04 -1.3600000000002028e-03 0.0000000000000000e+00 0.0000000000000000e+00 4.0076738156737060e+00 3.2603586197390448e-06
9.3584911255290091e-04 -1.3800000000002163e-03 0.0000000000000000e+00 0.0000000000000000e+00 4.0076722650092647e+00 3.3569585949578779e-06
9.4941214316960959e-04 -1.4000000000002294e-03 0.0000000000000000e+00 0.0000000000000000e+00 4.0076707143443997e+00 3.4549688754927129e-06
9.6297517378631826e-04 -1.4200000000002394e-03 0.0000000000000000e+00 0.0000000000000000e+00 4.0076691636877992e+00 3.5543894638385349e-06
9.7653820440302694e-04 -1.4400000000002499e-03 0.0000000000000000e+00 0.0000000000000000e+00 4.0076676130377802e+00 3.6552203624903551e-06
9.9010123501973562e-04 -1.4600000000002567e-03 0.0000000000000000e+00 0.0000000000000000e+00 4.0076660623876208e+00 3.7574615739431579e-06
1.0036642656364443e-03 -1.4800000000002639e-03 0.0000000000000000e+00 0.0000000000000000e+00 4.0076645117480965e+00 3.8611131006919555e-06
1.0172272962531530e-03 -1.5000000000002696e-03 0.0000000000000000e+00 0.0000000000000000e+00 4.0076629611120147e+00 3.9661749452317384e-06
1.0307903268698617e-03 -1.5200000000002735e-03 0.0000000000000000e+00 0.0000000000000000e+00 4.0076614104780450e+00 4.0726471100575040e-06
1.0443533574865703e-03 -1.5400000000002805e-03 0.0000000000000000e+00 0.0000000000000000e+00 4.0076598598543836e+00 4.1805295976642718e-06
1.0579163881032790e-03 -1.5600000000002892e-03 0.0000000000000000e+00 0.0000000000000000e+00 4.0076583092326761e+00 4.2898224105470297e-06
1.0714794187199877e-03 -1.5800000000003014e-03 0.0000000000000000e+00 0.0000000000000000e+00 4.0076567586150631e+00 4.4005255512007897e-06
1.0850424493366964e-03 -1.6000000000003149e-03 0.0000000000000000e+00 0.0000000000000000e+00 4.0076552080068080e+00 4.5126390221205363e-06
1.0986054799534050e-03 -1.6200000000003254e-03 0.0000000000000000e+00 0.0000000000000000e+00 4.0076536574001960e+00 4.6261628258012508e-06
1.1121685105701137e-03 -1.6400000000003398e-03 0.0000000000000000e+00 0.0000000000000000e+00 4.0076521067984299e+00 4.7410969647379620e-06
1.1257315411868224e-03 -1.6600000000003511e-03 0.0000000000000000e+00 0.0000000000000000e+00 4.0076505562055260e+00 4.8574414414256376e-06
1.1392945718035311e-03 -1.6800000000003657e-03 0.0000000000000000e+00 0.0000000000000000e+00 4.0076490056145024e+00 4.9751962583593029e-06
1.1528576024202397e-03 -1.7000000000003831e-03 0.0000000000000000e+00 0.0000000000000000e+00 4.0076474550281098e+00 5.0943614180339553e-06
1.1664206330369484e-03 -1.7200000000003968e-03 0.0000000000000000e+00 0.0000000000000000e+00 4.0076459044505510e+00 5.2149369229445626e-06
1.1799836636536571e-03 -1.7400000000004111e-03 0.0000000000000000e+00 0.0000000000000000e+00 4.0076443538755697e+00 5.3369227755861432e-06
1.1935466942703658e-03 -1.7600000000004290e-03 0.0000000000000000e+00 0.0000000000000000e+00 4.0076428033041918e+00 5.4603189784537090e-06
1.2071097248870745e-03 -1.7800000000004442e-03 0.0000000000000000e+00 0.0000000000000000e+00 4.0076412527418599e+00 5.5851255340422286e-06
1.2206727555037831e-03 -1.8000000000004562e-03 0.0000000000000000e+00 0.0000000000000000e+00 4.0076397021832246e+00 5.7113424448466951e-06
1.2342357861204918e-03 -1.8200000000004708e-03 0.0000000000000000e+00 0.0000000000000000e+00 4.0076381516268658e+00 5.8389697133621388e-06
1.2477988167372005e-03 -1.8400000000004860e-03 0.0000000000000000e+00 0.0000000000000000e+00 4.0076366010793842e+00 5.9680073420835463e-06
1.2613618473539092e-03 -1.8600000000005036e-03 0.0000000000000000e+00 0.0000000000000000e+00 4.0076350505370018e+00 6.0984553335059258e-06
1.2749248779706178e-03 -1.8800000000005184e-03 0.0000000000000000e+00 0.0000000000000000e+00 4.0076334999964072e+00 6.2303136901242477e-06
1.2884879085873265e-03 -1.9000000000005330e-03 0.0000000000000000e+00 0.0000000000000000e+00 4.0076319494632235e+00 6.3635824144335245e-06
1.3020509392040352e-03 -1.9200000000005504e-03 0.0000000000000000e+00 0.0000000000000000e+00 4.0076303989368336e+00 6.4982615089287672e-06
1.3156139698207439e-03 -1.9400000000005669e-03 0.0000000000000000e+00 0.0000000000000000e+00 4.0076288484129616e+00 6.6343509761049597e-06
1.3291770004374526e-03 -1.9600000000005841e-03 0.0000000000000000e+00 0.0000000000000000e+00 4.0076272978937082e+00 6.7718508184571035e-06
1.3427400310541612e-03 -1.9800000000006006e-03 0.0000000000000000e+00 0.0000000000000000e+00 4.0076257473826491e+00 6.9107610384801934e-06
1.3563030616708699e-03 -2.0000000000006146e-03 0.0000000000000000e+00 0.0000000000000000e+00 4.0076241968759012e+00 7.0510816386692151e-06
