1.3563030616708749e-05 -2.0000000000000039e-05 0.0000000000000000e+00 0.0000000000000000e+00 4.0077783974901608e+00 7.0506681527888757e-10
2.7126061233417497e-05 -3.9999999999999922e-05 0.0000000000000000e+00 0.0000000000000000e+00 4.0077775222372374e+00 2.8202681999740940e-09
4.0689091850126249e-05 -5.9999999999999778e-05 0.0000000000000000e+00 0.0000000000000000e+00 4.0077766467078444e+00 6.3456055623734542e-09
5.4252122466835001e-05 -7.9999999999999722e-05 0.0000000000000000e+00 0.0000000000000000e+00 4.0077757712950222e+00 1.1281080310764829e-08
6.7815153083543753e-05 -9.9999999999999747e-05 0.0000000000000000e+00 0.0000000000000000e+00 4.0077748958703978e+00 1.7626693853436064e-08
8.1378183700252498e-05 -1.1999999999999987e-04 0.0000000000000000e+00 0.0000000000000000e+00 4.0077740204180330e+00 2.5382447598675028e-08
9.4941214316961243e-05 -1.4000000000000012e-04 0.0000000000000000e+00 0.0000000000000000e+00 4.0077731449319520e+00 3.4548342954769578e-08
1.0850424493366999e-04 -1.6000000000000031e-04 0.0000000000000000e+00 0.0000000000000000e+00 4.0077722695030005e+00 4.5124381330007491e-08
1.2206727555037873e-04 -1.8000000000000047e-04 0.0000000000000000e+00 0.0000000000000000e+00 4.0077713940558652e+00 5.7110564132676635e-08
1.3563030616708748e-04 -2.0000000000000044e-04 0.0000000000000000e+00 0.0000000000000000e+00 4.0077705185987869e+00 7.0506892771064735e-08
1.4919333678379621e-04 -2.2000000000000074e-04 0.0000000000000000e+00 0.0000000000000000e+00 4.0077696431425966e+00 8.5313368653459888e-08
1.6275636740050494e-04 -2.4000000000000166e-04 0.0000000000000000e+00 0.0000000000000000e+00 4.0077687677180824e+00 1.0152999318815022e-07
1.7631939801721367e-04 -2.6000000000000247e-04 0.0000000000000000e+00 0.0000000000000000e+00 4.0077678922558730e+00 1.1915676778342312e-07
1.8988242863392241e-04 -2.8000000000000285e-04 0.0000000000000000e+00 0.0000000000000000e+00 4.0077670168298143e+00 1.3819369384756621e-07
2.0344545925063114e-04 -3.0000000000000366e-04 0.0000000000000000e+00 0.0000000000000000e+00 4.0077661413787657e+00 1.5864077278886793e-07
2.1700848986733987e-04 -3.2000000000000415e-04 0.0000000000000000e+00 0.0000000000000000e+00 4.0077652659351717e+00 1.8049800601561550e-07
2.3057152048404860e-04 -3.4000000000000490e-04 0.0000000000000000e+00 0.0000000000000000e+00 4.0077643905048088e+00 2.0376539493609735e-07
2.4413455110075733e-04 -3.6000000000000534e-04 0.0000000000000000e+00 0.0000000000000000e+00 4.0077635150732238e+00 2.2844294095860068e-07
2.5769758171746606e-04 -3.8000000000000615e-04 0.0000000000000000e+00 0.0000000000000000e+00 4.0077626396397896e+00 2.5453064549141405e-07
2.7126061233417479e-04 -4.0000000000000783e-04 0.0000000000000000e+00 0.0000000000000000e+00 4.0077617642067667e+00 2.8202850994282590e-07
2.8482364295088353e-04 -4.2000000000000999e-04 0.0000000000000000e+00 0.0000000000000000e+00 4.0077608887752048e+00 3.1093653572112376e-07
2.9838667356759226e-04 -4.4000000000001243e-04 0.0000000000000000e+00 0.0000000000000000e+00 4.0077600133452203e+00 3.4125472423459530e-07
3.1194970418430099e-04 -4.6000000000001557e-04 0.0000000000000000e+00 0.0000000000000000e+00 4.0077591379165671e+00 3.7298307689152895e-07
3.2551273480100972e-04 -4.8000000000001937e-04 0.0000000000000000e+00 0.0000000000000000e+00 4.0077582624885055e+00 4.0612159510021247e-07
3.3907576541771845e-04 -5.0000000000002245e-04 0.0000000000000000e+00 0.0000000000000000e+00 4.0077573870605523e+00 4.4067028026893216e-07
3.5263879603442718e-04 -5.2000000000002511e-04 0.0000000000000000e+00 0.0000000000000000e+00 4.0077565116336977e+00 4.7662913380597618e-07
3.6620182665113592e-04 -5.4000000000002874e-04 0.0000000000000000e+00 0.0000000000000000e+00 4.0077556362116979e+00 5.1399815711963394e-07
3.7976485726784465e-04 -5.6000000000003226e-04 0.0000000000000000e+00 0.0000000000000000e+00 4.0077547607972379e+00 5.5277735161819231e-07
3.9332788788455338e-04 -5.8000000000003557e-04 0.0000000000000000e+00 0.0000000000000000e+00 4.0077538853814749e+00 5.9296671870993860e-07
4.0689091850126211e-04 -6.0000000000003822e-04 0.0000000000000000e+00 0.0000000000000000e+00 4.0077530099608065e+00 6.3456625980316006e-07
4.2045394911797084e-04 -6.2000000000004152e-04 0.0000000000000000e+00 0.0000000000000000e+00 4.0077521345419385e+00 6.7757597630614648e-07
4.3401697973467957e-04 -6.4000000000004516e-04 0.0000000000000000e+00 0.0000000000000000e+00 4.0077512591342943e+00 7.2199586962718552e-07
4.4758001035138831e-04 -6.6000000000004976e-04 0.0000000000000000e+00 0.0000000000000000e+00 4.0077503837232671e+00 7.6782594117456582e-07
4.6114304096809704e-04 -6.8000000000005317e-04 0.0000000000000000e+00 0.0000000000000000e+00 4.0077495083075103e+00 8.1506619235657187e-07
4.7470607158480577e-04 -7.0000000000005550e-04 0.0000000000000000e+00 0.0000000000000000e+00 4.0077486329026373e+00 8.6371662458149123e-07
4.8826910220151450e-04 -7.2000000000005870e-04 0.0000000000000000e+00 0.0000000000000000e+00 4.0077477574975626e+00 9.1377723925761529e-07
5.0183213281822323e-04 -7.4000000000006342e-04 0.0000000000000000e+00 0.0000000000000000e+00 4.0077468820868658e+00 9.6524803779323361e-07
5.1539516343493191e-04 -7.6000000000006661e-04 0.0000000000000000e+00 0.0000000000000000e+00 4.0077460066890369e+00 1.0181290215966275e-06
5.2895819405164059e-04 -7.8000000000007122e-04 0.0000000000000000e+00 0.0000000000000000e+00 4.0077451312846852e+00 1.0724201920760912e-06
5.4252122466834926e-04 -8.0000000000007507e-04 0.0000000000000000e+00 0.0000000000000000e+00 4.0077442558823977e+00 1.1281215506399079e-06
5.5608425528505794e-04 -8.2000000000007891e-04 0.0000000000000000e+00 0.0000000000000000e+00 4.0077433804881251e+00 1.1852330986963675e-06
5.6964728590176662e-04 -8.4000000000008330e-04 0.0000000000000000e+00 0.0000000000000000e+00 4.0077425050858029e+00 1.2437548376537585e-06
5.8321031651847530e-04 -8.6000000000008596e-04 0.0000000000000000e+00 0.0000000000000000e+00 4.0077416296960910e+00 1.3036867689203633e-06
5.9677334713518397e-04 -8.8000000000008991e-04 0.0000000000000000e+00 0.0000000000000000e+00 4.0077407542977648e+00 1.3650288939044774e-06
6.1033637775189265e-04 -9.0000000000009408e-04 0.0000000000000000e+00 0.0000000000000000e+00 4.0077398789093097e+00 1.4277812140143857e-06
6.2389940836860133e-04 -9.2000000000009771e-04 0.0000000000000000e+00 0.0000000000000000e+00 4.0077390035163676e+00 1.4919437306583749e-06
6.3746243898531001e-04 -9.4000000000010340e-04 0.0000000000000000e+00 0.0000000000000000e+00 4.0077381281289837e+00 1.5575164452447381e-06
6.5102546960201868e-04 -9.6000000000010801e-04 0.0000000000000000e+00 0.0000000000000000e+00 4.0077372527410029e+00 1.6244993591817561e-06
6.6458850021872736e-04 -9.8000000000011294e-04 0.0000000000000000e+00 0.0000000000000000e+00 4.0077363773558954e+00 1.6928924738777206e-06
6.7815153083543604e-04 -1.0000000000001188e-03 0.0000000000000000e+00 0.0000000000000000e+00 4.0077355019717169e+00 1.7626957907409207e-06
6.9171456145214472e-04 -1.0200000000001239e-03 0.0000000000000000e+00 0.0000000000000000e+00 4.0077346265900493e+00 1.8339093111796395e-06
7.0527759206885339e-04 -1.0400000000001291e-03 0.0000000000000000e+00 0.0000000000000000e+00 4.0077337512085673e+00 1.9065330366021679e-06
7.1884062268556207e-04 -1.0600000000001344e-03 0.0000000000000000e+00 0.0000000000000000e+00 4.0077328758312474e+00 1.9805669684167929e-06
7.3240365330227075e-04 -1.0800000000001371e-03 0.0000000000000000e+00 0.0000000000000000e+00 4.0077320004516892e+00 2.0560111080317946e-06
7.4596668391897943e-04 -1.1000000000001380e-03 0.0000000000000000e+00 0.0000000000000000e+00 4.0077311250791849e+00 2.1328654568554639e-06
7.5952971453568810e-04 -1.1200000000001402e-03 0.0000000000000000e+00 0.0000000000000000e+00 4.0077302497013143e+00 2.2111300162960964e-06
7.7309274515239678e-04 -1.1400000000001444e-03 0.0000000000000000e+00 0.0000000000000000e+00 4.0077293743328894e+00 2.2908047877619831e-06
7.8665577576910546e-04 -1.1600000000001459e-03 0.0000000000000000e+00 0.0000000000000000e+00 4.0077284989580413e+00 2.3718897726613971e-06
8.0021880638581414e-04 -1.1800000000001453e-03 0.0000000000000000e+00 0.0000000000000000e+00 4.0077276235925350e+00 2.4543849724026277e-06
8.1378183700252281e-04 -1.2000000000001445e-03 0.0000000000000000e+00 0.0000000000000000e+00 4.0077267482226322e+00 2.5382903883939683e-06
8.2734486761923149e-04 -1.2200000000001459e-03 0.0000000000000000e+00 0.0000000000000000e+00 4.0077258728578995e+00 2.6236060220437152e-06
8.4090789823594017e-04 -1.2400000000001448e-03 0.0000000000000000e+00 0.0000000000000000e+00 4.0077249974949734e+00 2.7103318747601408e-06
8.5447092885264884e-04 -1.2600000000001436e-03 0.0000000000000000e+00 0.0000000000000000e+00 4.0077241221296624e+00 2.7984679479515406e-06
8.6803395946935752e-04 -1.2800000000001426e-03 0.0000000000000000e+00 0.0000000000000000e+00 4.0077232467721888e+00 2.8880142430262024e-06
8.8159699008606620e-04 -1.3000000000001405e-03 0.0000000000000000e+00 0.0000000000000000e+00 4.0077223714096588e+00 2.9789707613924108e-06
8.9516002070277488e-04 -1.3200000000001418e-03 0.0000000000000000e+00 0.0000000000000000e+00 4.0077214960541001e+00 3.0713375044584695e-06
9.0872305131948355e-04 -1.3400000000001416e-03 0.0000000000000000e+00 0.0000000000000000e+00 4.0077206206987119e+00 3.1651144736326483e-06
9.2228608193619223e-04 -1.3600000000001447e-03 0.0000000000000000e+00 0.0000000000000000e+00 4.0077197453419586e+00 3.2603016703232530e-06
9.3584911255290091e-04 -1.3800000000001450e-03 0.0000000000000000e+00 0.0000000000000000e+00 4.0077188699924218e+00 3.3568990959385500e-06
9.4941214316960959e-04 -1.4000000000001477e-03 0.0000000000000000e+00 0.0000000000000000e+00 4.0077179946389379e+00 3.4549067518868445e-06
9.6297517378631826e-04 -1.4200000000001523e-03 0.0000000000000000e+00 0.0000000000000000e+00 4.0077171192902119e+00 3.5543246395764238e-06
9.7653820440302694e-04 -1.4400000000001569e-03 0.0000000000000000e+00 0.0000000000000000e+00 4.0077162439445413e+00 3.6551527604155699e-06
9.9010123501973562e-04 -1.4600000000001639e-03 0.0000000000000000e+00 0.0000000000000000e+00 4.0077153685952149e+00 3.7573911158125781e-06
1.0036642656364443e-03 -1.4800000000001724e-03 0.0000000000000000e+00 0.0000000000000000e+00 4.0077144932530118e+00 3.8610397071757340e-06
1.0172272962531530e-03 -1.5000000000001796e-03 0.0000000000000000e+00 0.0000000000000000e+00 4.0077136179107224e+00 3.9660985359133136e-06
1.0307903268698617e-03 -1.5200000000001835e-03 0.0000000000000000e+00 0.0000000000000000e+00 4.0077127425670405e+00 4.0725676034335971e-06
1.0443533574865703e-03 -1.5400000000001877e-03 0.0000000000000000e+00 0.0000000000000000e+00 4.0077118672301459e+00 4.1804469111448869e-06
1.0579163881032790e-03 -1.5600000000001912e-03 0.0000000000000000e+00 0.0000000000000000e+00 4.0077109918916802e+00 4.2897364604554660e-06
1.0714794187199877e-03 -1.5800000000001917e-03 0.0000000000000000e+00 0.0000000000000000e+00 4.0077101165538052e+00 4.4004362527736130e-06
1.0850424493366964e-03 -1.6000000000001950e-03 0.0000000000000000e+00 0.0000000000000000e+00 4.0077092412217654e+00 4.5125462895076396e-06
1.0986054799534050e-03 -1.6200000000001988e-03 0.0000000000000000e+00 0.0000000000000000e+00 4.0077083658878445e+00 4.6260665720658237e-06
1.1121685105701137e-03 -1.6400000000002014e-03 0.0000000000000000e+00 0.0000000000000000e+00 4.0077074905552665e+00 4.7409971018564490e-06
1.1257315411868224e-03 -1.6600000000002006e-03 0.0000000000000000e+00 0.0000000000000000e+00 4.0077066152280274e+00 4.8573378802877882e-06
1.1392945718035311e-03 -1.6800000000001972e-03 0.0000000000000000e+00 0.0000000000000000e+00 4.0077057398991460e+00 4.9750889087681361e-06
1.1528576024202397e-03 -1.7000000000001938e-03 0.0000000000000000e+00 0.0000000000000000e+00 4.0077048645713917e+00 5.0942501887057892e-06
1.1664206330369484e-03 -1.7200000000001919e-03 0.0000000000000000e+00 0.0000000000000000e+00 4.0077039892489470e+00 5.2148217215090447e-06
1.1799836636536571e-03 -1.7400000000001921e-03 0.0000000000000000e+00 0.0000000000000000e+00 4.0077031139255581e+00 5.3368035085861924e-06
1.1935466942703658e-03 -1.7600000000001965e-03 0.0000000000000000e+00 0.0000000000000000e+00 4.0077022386022669e+00 5.4601955513455313e-06
1.2071097248870745e-03 -1.7800000000001994e-03 0.0000000000000000e+00 0.0000000000000000e+00 4.0077013632845029e+00 5.5849978511953205e-06
1.2206727555037831e-03 -1.8000000000002051e-03 0.0000000000000000e+00 0.0000000000000000e+00 4.0077004879669103e+00 5.7112104095438701e-06
1.2342357861204918e-03 -1.8200000000002084e-03 0.0000000000000000e+00 0.0000000000000000e+00 4.0076996126480875e+00 5.8388332277994444e-06
1.2477988167372005e-03 -1.8400000000002132e-03 0.0000000000000000e+00 0.0000000000000000e+00 4.0076987373346267e+00 5.9678663073703464e-06
1.2613618473539092e-03 -1.8600000000002150e-03 0.0000000000000000e+00 0.0000000000000000e+00 4.0076978620227415e+00 6.0983096496648432e-06
1.2749248779706178e-03 -1.8800000000002181e-03 0.0000000000000000e+00 0.0000000000000000e+00 4.0076969867091270e+00 6.2301632560912447e-06
1.2884879085873265e-03 -1.9000000000002238e-03 0.0000000000000000e+00 0.0000000000000000e+00 4.0076961113994178e+00 6.3634271280578457e-06
1.3020509392040352e-03 -1.9200000000002277e-03 0.0000000000000000e+00 0.0000000000000000e+00 4.0076952360929790e+00 6.4981012669729112e-06
1.3156139698207439e-03 -1.9400000000002330e-03 0.0000000000000000e+00 0.0000000000000000e+00 4.0076943607855364e+00 6.6341856742447462e-06
1.3291770004374526e-03 -1.9600000000002424e-03 0.0000000000000000e+00 0.0000000000000000e+00 4.0076934854792103e+00 6.7716803512816515e-06
1.3427400310541612e-03 -1.9800000000002494e-03 0.0000000000000000e+00 0.0000000000000000e+00 4.0076926101775578e+00 6.9105852994918819e-06
1.3563030616708699e-03 -2.0000000000002550e-03 0.0000000000000000e+00 0.0000000000000000e+00 4.0076917348766941e+00 7.0509005202837297e-06
