1.3563030616708749e-05 -2.0000000000000025e-05 0.0000000000000000e+00 0.0000000000000000e+00 4.0077785663788683e+00 7.0506676999929101e-10
2.7126061233417497e-05 -3.9999999999999908e-05 0.0000000000000000e+00 0.0000000000000000e+00 4.0077778600140768e+00 2.8202678377373253e-09
4.0689091850126249e-05 -5.9999999999999805e-05 0.0000000000000000e+00 0.0000000000000000e+00 4.0077771533722428e+00 6.3456043398243697e-09
5.4252122466835001e-05 -7.9999999999999830e-05 0.0000000000000000e+00 0.0000000000000000e+00 4.0077764468464059e+00 1.1281077412870715e-08
6.7815153083543753e-05 -1.0000000000000003e-04 0.0000000000000000e+00 0.0000000000000000e+00 4.0077757403081922e+00 1.7626688193486657e-08
8.1378183700252498e-05 -1.2000000000000002e-04 0.0000000000000000e+00 0.0000000000000000e+00 4.0077750337416651e+00 2.5382437818282362e-08
9.4941214316961243e-05 -1.4000000000000026e-04 0.0000000000000000e+00 0.0000000000000000e+00 4.0077743271408481e+00 3.4548327423868238e-08
1.0850424493366999e-04 -1.6000000000000056e-04 0.0000000000000000e+00 0.0000000000000000e+00 4.0077736205965859e+00 4.5124358146854505e-08
1.2206727555037873e-04 -1.8000000000000088e-04 0.0000000000000000e+00 0.0000000000000000e+00 4.0077729140335654e+00 5.7110531123851418e-08
1.3563030616708748e-04 -2.0000000000000088e-04 0.0000000000000000e+00 0.0000000000000000e+00 4.0077722074600297e+00 7.0506847491469081e-08
1.4919333678379621e-04 -2.2000000000000117e-04 0.0000000000000000e+00 0.0000000000000000e+00 4.0077715008868058e+00 8.5313308386318026e-08
1.6275636740050494e-04 -2.4000000000000101e-04 0.0000000000000000e+00 0.0000000000000000e+00 4.0077707943446876e+00 1.0152991494500810e-07
1.7631939801721367e-04 -2.6000000000000128e-04 0.0000000000000000e+00 0.0000000000000000e+00 4.0077700877642970e+00 1.1915666830415013e-07
1.8988242863392241e-04 -2.8000000000000144e-04 0.0000000000000000e+00 0.0000000000000000e+00 4.0077693812194841e+00 1.3819356960035403e-07
2.0344545925063114e-04 -3.0000000000000138e-04 0.0000000000000000e+00 0.0000000000000000e+00 4.0077686746491077e+00 1.5864061997022994e-07
2.1700848986733987e-04 -3.2000000000000182e-04 0.0000000000000000e+00 0.0000000000000000e+00 4.0077679680856129e+00 1.8049782055038871e-07
2.3057152048404860e-04 -3.4000000000000311e-04 0.0000000000000000e+00 0.0000000000000000e+00 4.0077672615347746e+00 2.0376517247744107e-07
2.4413455110075733e-04 -3.6000000000000420e-04 0.0000000000000000e+00 0.0000000000000000e+00 4.0077665549821404e+00 2.2844267688799633e-07
2.5769758171746606e-04 -3.8000000000000577e-04 0.0000000000000000e+00 0.0000000000000000e+00 4.0077658484270824e+00 2.5453033491866550e-07
2.7126061233417479e-04 -4.0000000000000745e-04 0.0000000000000000e+00 0.0000000000000000e+00 4.0077651418718627e+00 2.8202814770605834e-07
2.8482364295088353e-04 -4.2000000000000820e-04 0.0000000000000000e+00 0.0000000000000000e+00 4.0077644353175303e+00 3.1093611638678430e-07
2.9838667356759226e-04 -4.4000000000000869e-04 0.0000000000000000e+00 0.0000000000000000e+00 4.0077637287642007e+00 3.4125424209745389e-07
3.1194970418430099e-04 -4.6000000000000863e-04 0.0000000000000000e+00 0.0000000000000000e+00 4.0077630222116314e+00 3.7298252597467721e-07
3.2551273480100972e-04 -4.8000000000000869e-04 0.0000000000000000e+00 0.0000000000000000e+00 4.0077623156590771e+00 4.0612096915506522e-07
3.3907576541771845e-04 -5.0000000000000738e-04 0.0000000000000000e+00 0.0000000000000000e+00 4.0077616091060584e+00 4.4066957277522628e-07
3.5263879603442718e-04 -5.2000000000000613e-04 0.0000000000000000e+00 0.0000000000000000e+00 4.0077609025535637e+00 4.7662833797177226e-07
3.6620182665113592e-04 -5.4000000000000413e-04 0.0000000000000000e+00 0.0000000000000000e+00 4.0077601960053508e+00 5.1399726588131248e-07
3.7976485726784465e-04 -5.6000000000000288e-04 0.0000000000000000e+00 0.0000000000000000e+00 4.0077594894641022e+00 5.5277635764045921e-07
3.9332788788455338e-04 -5.8000000000000228e-04 0.0000000000000000e+00 0.0000000000000000e+00 4.0077587829209795e+00 5.9296561438582273e-07
4.0689091850126211e-04 -6.0000000000000136e-04 0.0000000000000000e+00 0.0000000000000000e+00 4.0077580763723768e+00 6.3456503725401178e-07
4.2045394911797084e-04 -6.1999999999999924e-04 0.0000000000000000e+00 0.0000000000000000e+00 4.0077573698250006e+00 6.7757462738163541e-07
4.3401697973467957e-04 -6.3999999999999637e-04 0.0000000000000000e+00 0.0000000000000000e+00 4.0077566632882728e+00 7.2199438590530373e-07
4.4758001035138831e-04 -6.5999999999999371e-04 0.0000000000000000e+00 0.0000000000000000e+00 4.0077559567475918e+00 7.6782431396162939e-07
4.6114304096809704e-04 -6.7999999999998964e-04 0.0000000000000000e+00 0.0000000000000000e+00 4.0077552502016047e+00 8.1506441268721933e-07
4.7470607158480577e-04 -6.9999999999998633e-04 0.0000000000000000e+00 0.0000000000000000e+00 4.0077545436659268e+00 8.6371468321868770e-07
4.8826910220151450e-04 -7.1999999999998422e-04 0.0000000000000000e+00 0.0000000000000000e+00 4.0077538371294761e+00 9.1377512669264576e-07
5.0183213281822323e-04 -7.3999999999998383e-04 0.0000000000000000e+00 0.0000000000000000e+00 4.0077531305868277e+00 9.6524574424570500e-07
5.1539516343493191e-04 -7.5999999999998530e-04 0.0000000000000000e+00 0.0000000000000000e+00 4.0077524240564735e+00 1.0181265370144763e-06
5.2895819405164059e-04 -7.7999999999998849e-04 0.0000000000000000e+00 0.0000000000000000e+00 4.0077517175190254e+00 1.0724175061355700e-06
5.4252122466834926e-04 -7.9999999999999126e-04 0.0000000000000000e+00 0.0000000000000000e+00 4.0077510109830632e+00 1.1281186527455916e-06
5.5608425528505794e-04 -8.1999999999999489e-04 0.0000000000000000e+00 0.0000000000000000e+00 4.0077503044545457e+00 1.1852299779811544e-06
5.6964728590176662e-04 -8.3999999999999819e-04 0.0000000000000000e+00 0.0000000000000000e+00 4.0077495979174032e+00 1.2437514829788667e-06
5.8321031651847530e-04 -8.6000000000000193e-04 0.0000000000000000e+00 0.0000000000000000e+00 4.0077488913922981e+00 1.3036831688753393e-06
5.9677334713518397e-04 -8.8000000000000469e-04 0.0000000000000000e+00 0.0000000000000000e+00 4.0077481848580057e+00 1.3650250368071803e-06
6.1033637775189265e-04 -9.0000000000000529e-04 0.0000000000000000e+00 0.0000000000000000e+00 4.0077474783330080e+00 1.4277770879109965e-06
6.2389940836860133e-04 -9.2000000000000447e-04 0.0000000000000000e+00 0.0000000000000000e+00 4.0077467718029531e+00 1.4919393233233994e-06
6.3746243898531001e-04 -9.4000000000000138e-04 0.0000000000000000e+00 0.0000000000000000e+00 4.0077460652778800e+00 1.5575117441809971e-06
6.5102546960201868e-04 -9.5999999999999883e-04 0.0000000000000000e+00 0.0000000000000000e+00 4.0077453587516381e+00 1.6244943516204068e-06
6.6458850021872736e-04 -9.7999999999999607e-04 0.0000000000000000e+00 0.0000000000000000e+00 4.0077446522276947e+00 1.6928871467782370e-06
6.7815153083543604e-04 -9.9999999999999070e-04 0.0000000000000000e+00 0.0000000000000000e+00 4.0077439457041093e+00 1.7626901307910911e-06
6.9171456145214472e-04 -1.0199999999999866e-03 0.0000000000000000e+00 0.0000000000000000e+00 4.0077432391824557e+00 1.8339033047955901e-06
7.0527759206885339e-04 -1.0399999999999815e-03 0.0000000000000000e+00 0.0000000000000000e+00 4.0077425326604201e+00 1.9065266699283375e-06
7.1884062268556207e-04 -1.0599999999999750e-03 0.0000000000000000e+00 0.0000000000000000e+00 4.0077418261419693e+00 1.9805602273259429e-06
7.3240365330227075e-04 -1.0799999999999686e-03 0.0000000000000000e+00 0.0000000000000000e+00 4.0077411196207082e+00 2.0560039781250205e-06
7.4596668391897943e-04 -1.0999999999999639e-03 0.0000000000000000e+00 0.0000000000000000e+00 4.0077404131059255e+00 2.1328579234621847e-06
7.5952971453568810e-04 -1.1199999999999615e-03 0.0000000000000000e+00 0.0000000000000000e+00 4.0077397065852045e+00 2.2111220644740491e-06
7.7309274515239678e-04 -1.1399999999999590e-03 0.0000000000000000e+00 0.0000000000000000e+00 4.0077390000733555e+00 2.2907964022972150e-06
7.8665577576910546e-04 -1.1599999999999590e-03 0.0000000000000000e+00 0.0000000000000000e+00 4.0077382935545076e+00 2.3718809380683028e-06
8.0021880638581414e-04 -1.1799999999999567e-03 0.0000000000000000e+00 0.0000000000000000e+00 4.0077375870444305e+00 2.4543756729239067e-06
8.1378183700252281e-04 -1.1999999999999533e-03 0.0000000000000000e+00 0.0000000000000000e+00 4.0077368805293805e+00 2.5382806080006415e-06
8.2734486761923149e-04 -1.2199999999999492e-03 0.0000000000000000e+00 0.0000000000000000e+00 4.0077361740189312e+00 2.6235957444351187e-06
8.4090789823594017e-04 -1.2399999999999430e-03 0.0000000000000000e+00 0.0000000000000000e+00 4.0077354675097103e+00 2.7103210833639409e-06
8.5447092885264884e-04 -1.2599999999999346e-03 0.0000000000000000e+00 0.0000000000000000e+00 4.0077347609975353e+00 2.7984566259237217e-06
8.6803395946935752e-04 -1.2799999999999229e-03 0.0000000000000000e+00 0.0000000000000000e+00 4.0077340544926212e+00 2.8880023732510645e-06
8.8159699008606620e-04 -1.2999999999999130e-03 0.0000000000000000e+00 0.0000000000000000e+00 4.0077333479820769e+00 2.9789583264825983e-06
8.9516002070277488e-04 -1.3199999999999002e-03 0.0000000000000000e+00 0.0000000000000000e+00 4.0077326414779337e+00 3.0713244867549154e-06
9.0872305131948355e-04 -1.3399999999998886e-03 0.0000000000000000e+00 0.0000000000000000e+00 4.0077319349733829e+00 3.1651008552046421e-06
9.2228608193619223e-04 -1.3599999999998737e-03 0.0000000000000000e+00 0.0000000000000000e+00 4.0077312284668976e+00 3.2602874329683722e-06
9.3584911255290091e-04 -1.3799999999998603e-03 0.0000000000000000e+00 0.0000000000000000e+00 4.0077305219670523e+00 3.3568842211827324e-06
9.4941214316960959e-04 -1.3999999999998432e-03 0.0000000000000000e+00 0.0000000000000000e+00 4.0077298154626870e+00 3.4548912209843129e-06
9.6297517378631826e-04 -1.4199999999998237e-03 0.0000000000000000e+00 0.0000000000000000e+00 4.0077291089625087e+00 3.5543084335097304e-06
9.7653820440302694e-04 -1.4399999999998012e-03 0.0000000000000000e+00 0.0000000000000000e+00 4.0077284024648101e+00 3.6551358598955918e-06
9.9010123501973562e-04 -1.4599999999997766e-03 0.0000000000000000e+00 0.0000000000000000e+00 4.0077276959628820e+00 3.7573735012785088e-06
1.0036642656364443e-03 -1.4799999999997543e-03 0.0000000000000000e+00 0.0000000000000000e+00 4.0077269894675043e+00 3.8610213587951121e-06
1.0172272962531530e-03 -1.4999999999997288e-03 0.0000000000000000e+00 0.0000000000000000e+00 4.0077262829714657e+00 3.9660794335819864e-06
1.0307903268698617e-03 -1.5199999999997054e-03 0.0000000000000000e+00 0.0000000000000000e+00 4.0077255764734625e+00 4.0725477267757654e-06
1.0443533574865703e-03 -1.5399999999996788e-03 0.0000000000000000e+00 0.0000000000000000e+00 4.0077248699816739e+00 4.1804262395130375e-06
1.0579163881032790e-03 -1.5599999999996513e-03 0.0000000000000000e+00 0.0000000000000000e+00 4.0077241634877367e+00 4.2897149729304219e-06
1.0714794187199877e-03 -1.5799999999996260e-03 0.0000000000000000e+00 0.0000000000000000e+00 4.0077234569938218e+00 4.4004139281645412e-06
1.0850424493366964e-03 -1.5999999999996000e-03 0.0000000000000000e+00 0.0000000000000000e+00 4.0077227505051658e+00 4.5125231063519940e-06
1.0986054799534050e-03 -1.6199999999995743e-03 0.0000000000000000e+00 0.0000000000000000e+00 4.0077220440140540e+00 4.6260425086293953e-06
1.1121685105701137e-03 -1.6399999999995498e-03 0.0000000000000000e+00 0.0000000000000000e+00 4.0077213375237148e+00 4.7409721361333591e-06
1.1257315411868224e-03 -1.6599999999995234e-03 0.0000000000000000e+00 0.0000000000000000e+00 4.0077206310381390e+00 4.8573119900004825e-06
1.1392945718035311e-03 -1.6799999999995000e-03 0.0000000000000000e+00 0.0000000000000000e+00 4.0077199245503454e+00 4.9750620713673965e-06
1.1528576024202397e-03 -1.6999999999994747e-03 0.0000000000000000e+00 0.0000000000000000e+00 4.0077192180631096e+00 5.0942223813706888e-06
1.1664206330369484e-03 -1.7199999999994490e-03 0.0000000000000000e+00 0.0000000000000000e+00 4.0077185115806087e+00 5.2147929211469794e-06
1.1799836636536571e-03 -1.7399999999994189e-03 0.0000000000000000e+00 0.0000000000000000e+00 4.0077178050965880e+00 5.3367736918328577e-06
1.1935466942703658e-03 -1.7599999999993849e-03 0.0000000000000000e+00 0.0000000000000000e+00 4.0077170986120949e+00 5.4601646945649353e-06
1.2071097248870745e-03 -1.7799999999993479e-03 0.0000000000000000e+00 0.0000000000000000e+00 4.0077163921325543e+00 5.5849659304798270e-06
1.2206727555037831e-03 -1.7999999999993089e-03 0.0000000000000000e+00 0.0000000000000000e+00 4.0077156856526095e+00 5.7111774007141460e-06
1.2342357861204918e-03 -1.8199999999992738e-03 0.0000000000000000e+00 0.0000000000000000e+00 4.0077149791708626e+00 5.8387991064045326e-06
1.2477988167372005e-03 -1.8399999999992413e-03 0.0000000000000000e+00 0.0000000000000000e+00 4.0077142726939057e+00 5.9678310486875915e-06
1.2613618473539092e-03 -1.8599999999992052e-03 0.0000000000000000e+00 0.0000000000000000e+00 4.0077135662179488e+00 6.0982732286999020e-06
1.2749248779706178e-03 -1.8799999999991697e-03 0.0000000000000000e+00 0.0000000000000000e+00 4.0077128597396898e+00 6.2301256475780935e-06
1.2884879085873265e-03 -1.8999999999991346e-03 0.0000000000000000e+00 0.0000000000000000e+00 4.0077121532647650e+00 6.3633883064587781e-06
1.3020509392040352e-03 -1.9199999999991030e-03 0.0000000000000000e+00 0.0000000000000000e+00 4.0077114467925341e+00 6.4980612064785793e-06
1.3156139698207439e-03 -1.9399999999990666e-03 0.0000000000000000e+00 0.0000000000000000e+00 4.0077107403187266e+00 6.6341443487740662e-06
1.3291770004374526e-03 -1.9599999999990346e-03 0.0000000000000000e+00 0.0000000000000000e+00 4.0077100338454636e+00 6.7716377344818961e-06
1.3427400310541612e-03 -1.9799999999989973e-03 0.0000000000000000e+00 0.0000000000000000e+00 4.0077093273763014e+00 6.9105413647386295e-06
1.3563030616708699e-03 -1.9999999999989570e-03 0.0000000000000000e+00 0.0000000000000000e+00 4.0077086209073514e+00 7.0508552406808874e-06
