1.3563030616708749e-05 -2.0000000000000012e-05 0.0000000000000000e+00 0.0000000000000000e+00 4.0077792419343083e+00 7.0506658888090666e-10
2.7126061233417497e-05 -3.9999999999999949e-05 0.0000000000000000e+00 0.0000000000000000e+00 4.0077792111238866e+00 2.8202663887902612e-09
4.0689091850126249e-05 -5.9999999999999812e-05 0.0000000000000000e+00 0.0000000000000000e+00 4.0077791800353531e+00 6.3455994496280135e-09
5.4252122466835001e-05 -7.9999999999999695e-05 0.0000000000000000e+00 0.0000000000000000e+00 4.0077791490617463e+00 1.1281065821294138e-08
6.7815153083543753e-05 -9.9999999999999625e-05 0.0000000000000000e+00 0.0000000000000000e+00 4.0077791180746871e+00 1.7626665553688602e-08
8.1378183700252498e-05 -1.1999999999999973e-04 0.0000000000000000e+00 0.0000000000000000e+00 4.0077790870582506e+00 2.5382398696711419e-08
9.4941214316961243e-05 -1.3999999999999969e-04 0.0000000000000000e+00 0.0000000000000000e+00 4.0077790560064530e+00 3.4548265300262467e-08
1.0850424493366999e-04 -1.5999999999999928e-04 0.0000000000000000e+00 0.0000000000000000e+00 4.0077790250101399e+00 4.5124265414241578e-08
1.2206727555037873e-04 -1.7999999999999860e-04 0.0000000000000000e+00 0.0000000000000000e+00 4.0077789939939974e+00 5.7110399088548703e-08
1.3563030616708748e-04 -1.9999999999999814e-04 0.0000000000000000e+00 0.0000000000000000e+00 4.0077789629662677e+00 7.0506666373084043e-08
1.4919333678379621e-04 -2.1999999999999713e-04 0.0000000000000000e+00 0.0000000000000000e+00 4.0077789319377795e+00 8.5313067317747108e-08
1.6275636740050494e-04 -2.3999999999999662e-04 0.0000000000000000e+00 0.0000000000000000e+00 4.0077789009393268e+00 1.0152960197243850e-07
1.7631939801721367e-04 -2.5999999999999607e-04 0.0000000000000000e+00 0.0000000000000000e+00 4.0077788699015349e+00 1.1915627038705782e-07
1.8988242863392241e-04 -2.7999999999999613e-04 0.0000000000000000e+00 0.0000000000000000e+00 4.0077788388982469e+00 1.3819307261150556e-07
2.0344545925063114e-04 -2.9999999999999591e-04 0.0000000000000000e+00 0.0000000000000000e+00 4.0077788078683225e+00 1.5864000869568105e-07
2.1700848986733987e-04 -3.1999999999999585e-04 0.0000000000000000e+00 0.0000000000000000e+00 4.0077787768442175e+00 1.8049707868948460e-07
2.3057152048404860e-04 -3.3999999999999520e-04 0.0000000000000000e+00 0.0000000000000000e+00 4.0077787458316969e+00 2.0376428264281552e-07
2.4413455110075733e-04 -3.5999999999999514e-04 0.0000000000000000e+00 0.0000000000000000e+00 4.0077787148163058e+00 2.2844162060557472e-07
2.5769758171746606e-04 -3.7999999999999547e-04 0.0000000000000000e+00 0.0000000000000000e+00 4.0077786837974223e+00 2.5452909262766219e-07
2.7126061233417479e-04 -3.9999999999999541e-04 0.0000000000000000e+00 0.0000000000000000e+00 4.0077786527773069e+00 2.8202669875897707e-07
2.8482364295088353e-04 -4.1999999999999454e-04 0.0000000000000000e+00 0.0000000000000000e+00 4.0077786217570095e+00 3.1093443904941876e-07
2.9838667356759226e-04 -4.3999999999999438e-04 0.0000000000000000e+00 0.0000000000000000e+00 4.0077785907366437e+00 3.4125231354888888e-07
3.1194970418430099e-04 -4.5999999999999356e-04 0.0000000000000000e+00 0.0000000000000000e+00 4.0077785597159687e+00 3.7298032230728582e-07
3.2551273480100972e-04 -4.7999999999999378e-04 0.0000000000000000e+00 0.0000000000000000e+00 4.0077785286942387e+00 4.0611846537451168e-07
3.3907576541771845e-04 -4.9999999999999372e-04 0.0000000000000000e+00 0.0000000000000000e+00 4.0077784976709747e+00 4.4066674280046485e-07
3.5263879603442718e-04 -5.1999999999999388e-04 0.0000000000000000e+00 0.0000000000000000e+00 4.0077784666471619e+00 4.7662515463504585e-07
3.6620182665113592e-04 -5.3999999999999394e-04 0.0000000000000000e+00 0.0000000000000000e+00 4.0077784356265589e+00 5.1399370092815423e-07
3.7976485726784465e-04 -5.5999999999999280e-04 0.0000000000000000e+00 0.0000000000000000e+00 4.0077784046118516e+00 5.5277238172968829e-07
3.9332788788455338e-04 -5.7999999999999133e-04 0.0000000000000000e+00 0.0000000000000000e+00 4.0077783735942054e+00 5.9296119708954921e-07
4.0689091850126211e-04 -5.9999999999998986e-04 0.0000000000000000e+00 0.0000000000000000e+00 4.0077783425700080e+00 6.3456014705763719e-07
4.2045394911797084e-04 -6.1999999999998981e-04 0.0000000000000000e+00 0.0000000000000000e+00 4.0077783115459598e+00 6.7756923168385498e-07
4.3401697973467957e-04 -6.3999999999998910e-04 0.0000000000000000e+00 0.0000000000000000e+00 4.0077782805314914e+00 7.2198845101809894e-07
4.4758001035138831e-04 -6.5999999999998905e-04 0.0000000000000000e+00 0.0000000000000000e+00 4.0077782495120076e+00 7.6781780511027107e-07
4.6114304096809704e-04 -6.7999999999998910e-04 0.0000000000000000e+00 0.0000000000000000e+00 4.0077782184861421e+00 8.1505729401027104e-07
4.7470607158480577e-04 -6.9999999999999067e-04 0.0000000000000000e+00 0.0000000000000000e+00 4.0077781874695102e+00 8.6370691776800084e-07
4.8826910220151450e-04 -7.1999999999999289e-04 0.0000000000000000e+00 0.0000000000000000e+00 4.0077781564510468e+00 9.1376667643335907e-07
5.0183213281822323e-04 -7.3999999999999663e-04 0.0000000000000000e+00 0.0000000000000000e+00 4.0077781254253084e+00 9.6523657005624805e-07
5.1539516343493191e-04 -7.5999999999999842e-04 0.0000000000000000e+00 0.0000000000000000e+00 4.0077780944107921e+00 1.0181165986865606e-06
5.2895819405164059e-04 -7.7999999999999934e-04 0.0000000000000000e+00 0.0000000000000000e+00 4.0077780633881215e+00 1.0724067623741983e-06
5.4252122466834926e-04 -8.0000000000000026e-04 0.0000000000000000e+00 0.0000000000000000e+00 4.0077780323658558e+00 1.1281070611690633e-06
5.5608425528505794e-04 -8.1999999999999987e-04 0.0000000000000000e+00 0.0000000000000000e+00 4.0077780013499735e+00 1.1852174951210524e-06
5.6964728590176662e-04 -8.3999999999999906e-04 0.0000000000000000e+00 0.0000000000000000e+00 4.0077779703243914e+00 1.2437380642800673e-06
5.8321031651847530e-04 -8.5999999999999608e-04 0.0000000000000000e+00 0.0000000000000000e+00 4.0077779393097765e+00 1.3036687686960045e-06
5.9677334713518397e-04 -8.7999999999999233e-04 0.0000000000000000e+00 0.0000000000000000e+00 4.0077779082849077e+00 1.3650096084187659e-06
6.1033637775189265e-04 -8.9999999999998729e-04 0.0000000000000000e+00 0.0000000000000000e+00 4.0077778772682562e+00 1.4277605834982510e-06
6.2389940836860133e-04 -9.1999999999998203e-04 0.0000000000000000e+00 0.0000000000000000e+00 4.0077778462454878e+00 1.4919216939843619e-06
6.3746243898531001e-04 -9.3999999999997699e-04 0.0000000000000000e+00 0.0000000000000000e+00 4.0077778152266177e+00 1.5574929399269992e-06
6.5102546960201868e-04 -9.5999999999997227e-04 0.0000000000000000e+00 0.0000000000000000e+00 4.0077777842055244e+00 1.6244743213760638e-06
6.6458850021872736e-04 -9.7999999999996592e-04 0.0000000000000000e+00 0.0000000000000000e+00 4.0077777531856444e+00 1.6928658383814504e-06
6.7815153083543604e-04 -9.9999999999996164e-04 0.0000000000000000e+00 0.0000000000000000e+00 4.0077777221650663e+00 1.7626674909930685e-06
6.9171456145214472e-04 -1.0199999999999587e-03 0.0000000000000000e+00 0.0000000000000000e+00 4.0077776911453364e+00 1.8338792792608163e-06
7.0527759206885339e-04 -1.0399999999999578e-03 0.0000000000000000e+00 0.0000000000000000e+00 4.0077776601241677e+00 1.9065012032345965e-06
7.1884062268556207e-04 -1.0599999999999562e-03 0.0000000000000000e+00 0.0000000000000000e+00 4.0077776291055001e+00 1.9805332629643005e-06
7.3240365330227075e-04 -1.0799999999999532e-03 0.0000000000000000e+00 0.0000000000000000e+00 4.0077775980829671e+00 2.0559754584998269e-06
7.4596668391897943e-04 -1.0999999999999480e-03 0.0000000000000000e+00 0.0000000000000000e+00 4.0077775670658298e+00 2.1328277898910736e-06
7.5952971453568810e-04 -1.1199999999999457e-03 0.0000000000000000e+00 0.0000000000000000e+00 4.0077775360416927e+00 2.2110902571879541e-06
7.7309274515239678e-04 -1.1399999999999442e-03 0.0000000000000000e+00 0.0000000000000000e+00 4.0077775050253530e+00 2.2907628604403636e-06
7.8665577576910546e-04 -1.1599999999999419e-03 0.0000000000000000e+00 0.0000000000000000e+00 4.0077774740009451e+00 2.3718455996981968e-06
8.0021880638581414e-04 -1.1799999999999398e-03 0.0000000000000000e+00 0.0000000000000000e+00 4.0077774429842403e+00 2.4543384750113565e-06
8.1378183700252281e-04 -1.1999999999999355e-03 0.0000000000000000e+00 0.0000000000000000e+00 4.0077774119614853e+00 2.5382414864297354e-06
8.2734486761923149e-04 -1.2199999999999323e-03 0.0000000000000000e+00 0.0000000000000000e+00 4.0077773809422732e+00 2.6235546340032434e-06
8.4090789823594017e-04 -1.2399999999999269e-03 0.0000000000000000e+00 0.0000000000000000e+00 4.0077773499232050e+00 2.7102779177817711e-06
8.5447092885264884e-04 -1.2599999999999203e-03 0.0000000000000000e+00 0.0000000000000000e+00 4.0077773189001276e+00 2.7984113378152185e-06
8.6803395946935752e-04 -1.2799999999999142e-03 0.0000000000000000e+00 0.0000000000000000e+00 4.0077772878832318e+00 2.8879548941534953e-06
8.8159699008606620e-04 -1.2999999999999078e-03 0.0000000000000000e+00 0.0000000000000000e+00 4.0077772568596357e+00 2.9789085868464951e-06
8.9516002070277488e-04 -1.3199999999999028e-03 0.0000000000000000e+00 0.0000000000000000e+00 4.0077772258413775e+00 3.0712724159441251e-06
9.0872305131948355e-04 -1.3399999999998977e-03 0.0000000000000000e+00 0.0000000000000000e+00 4.0077771948216308e+00 3.1650463814962802e-06
9.2228608193619223e-04 -1.3599999999998893e-03 0.0000000000000000e+00 0.0000000000000000e+00 4.0077771637988917e+00 3.2602304835528494e-06
9.3584911255290091e-04 -1.3799999999998839e-03 0.0000000000000000e+00 0.0000000000000000e+00 4.0077771327817162e+00 3.3568247221637542e-06
9.4941214316960959e-04 -1.3999999999998809e-03 0.0000000000000000e+00 0.0000000000000000e+00 4.0077771017589461e+00 3.4548290973788939e-06
9.6297517378631826e-04 -1.4199999999998790e-03 0.0000000000000000e+00 0.0000000000000000e+00 4.0077770707393059e+00 3.5542436092481623e-06
9.7653820440302694e-04 -1.4399999999998774e-03 0.0000000000000000e+00 0.0000000000000000e+00 4.0077770397210637e+00 3.6550682578214588e-06
9.9010123501973562e-04 -1.4599999999998731e-03 0.0000000000000000e+00 0.0000000000000000e+00 4.0077770086975262e+00 3.7573030431486688e-06
1.0036642656364443e-03 -1.4799999999998671e-03 0.0000000000000000e+00 0.0000000000000000e+00 4.0077769776794741e+00 3.8609479652796996e-06
1.0172272962531530e-03 -1.4999999999998641e-03 0.0000000000000000e+00 0.0000000000000000e+00 4.0077769466596784e+00 3.9660030242644663e-06
1.0307903268698617e-03 -1.5199999999998598e-03 0.0000000000000000e+00 0.0000000000000000e+00 4.0077769156368612e+00 4.0724682201528521e-06
1.0443533574865703e-03 -1.5399999999998568e-03 0.0000000000000000e+00 0.0000000000000000e+00 4.0077768846191839e+00 4.1803435529947691e-06
1.0579163881032790e-03 -1.5599999999998501e-03 0.0000000000000000e+00 0.0000000000000000e+00 4.0077768535982825e+00 4.2896290228400975e-06
1.0714794187199877e-03 -1.5799999999998402e-03 0.0000000000000000e+00 0.0000000000000000e+00 4.0077768225763455e+00 4.4003246297387359e-06
1.0850424493366964e-03 -1.5999999999998270e-03 0.0000000000000000e+00 0.0000000000000000e+00 4.0077767915585918e+00 4.5124303737405839e-06
1.0986054799534050e-03 -1.6199999999998156e-03 0.0000000000000000e+00 0.0000000000000000e+00 4.0077767605373049e+00 4.6259462548955649e-06
1.1121685105701137e-03 -1.6399999999998055e-03 0.0000000000000000e+00 0.0000000000000000e+00 4.0077767295157338e+00 4.7408722732535749e-06
1.1257315411868224e-03 -1.6599999999997981e-03 0.0000000000000000e+00 0.0000000000000000e+00 4.0077766984978505e+00 4.8572084288645228e-06
1.1392945718035311e-03 -1.6799999999997878e-03 0.0000000000000000e+00 0.0000000000000000e+00 4.0077766674766737e+00 4.9749547217782820e-06
1.1528576024202397e-03 -1.6999999999997770e-03 0.0000000000000000e+00 0.0000000000000000e+00 4.0077766364549960e+00 5.0941111520447630e-06
1.1664206330369484e-03 -1.7199999999997679e-03 0.0000000000000000e+00 0.0000000000000000e+00 4.0077766054369786e+00 5.2146777197138755e-06
1.1799836636536571e-03 -1.7399999999997621e-03 0.0000000000000000e+00 0.0000000000000000e+00 4.0077765744163640e+00 5.3366544248355276e-06
1.1935466942703658e-03 -1.7599999999997522e-03 0.0000000000000000e+00 0.0000000000000000e+00 4.0077765433942192e+00 5.4600412674595849e-06
1.2071097248870745e-03 -1.7799999999997442e-03 0.0000000000000000e+00 0.0000000000000000e+00 4.0077765123759530e+00 5.5848382476359767e-06
1.2206727555037831e-03 -1.7999999999997335e-03 0.0000000000000000e+00 0.0000000000000000e+00 4.0077764813562071e+00 5.7110453654145788e-06
1.2342357861204918e-03 -1.8199999999997257e-03 0.0000000000000000e+00 0.0000000000000000e+00 4.0077764503335951e+00 5.8386626208453177e-06
1.2477988167372005e-03 -1.8399999999997153e-03 0.0000000000000000e+00 0.0000000000000000e+00 4.0077764193147072e+00 5.9676900139780712e-06
1.2613618473539092e-03 -1.8599999999997041e-03 0.0000000000000000e+00 0.0000000000000000e+00 4.0077763882957411e+00 6.0981275448627412e-06
1.2749248779706178e-03 -1.8799999999996933e-03 0.0000000000000000e+00 0.0000000000000000e+00 4.0077763572734026e+00 6.2299752135492393e-06
1.2884879085873265e-03 -1.8999999999996867e-03 0.0000000000000000e+00 0.0000000000000000e+00 4.0077763262533379e+00 6.3632330200874818e-06
1.3020509392040352e-03 -1.9199999999996783e-03 0.0000000000000000e+00 0.0000000000000000e+00 4.0077762952348914e+00 6.4979009645273413e-06
1.3156139698207439e-03 -1.9399999999996677e-03 0.0000000000000000e+00 0.0000000000000000e+00 4.0077762642137920e+00 6.6339790469187105e-06
1.3291770004374526e-03 -1.9599999999996582e-03 0.0000000000000000e+00 0.0000000000000000e+00 4.0077762331921791e+00 6.7714672673115102e-06
1.3427400310541612e-03 -1.9799999999996500e-03 0.0000000000000000e+00 0.0000000000000000e+00 4.0077762021735950e+00 6.9103656257556407e-06
1.3563030616708699e-03 -1.9999999999996418e-03 0.0000000000000000e+00 0.0000000000000000e+00 4.0077761711541475e+00 7.0506741223009957e-06
