8.7644715214029378e-06 -1.9999999999999995e-05 0.0000000000000000e+00 0.0000000000000000e+00 4.9470202584324792e+00 3.8255756594921010e-10
1.7528943042805876e-05 -4.0000000000000003e-05 0.0000000000000000e+00 0.0000000000000000e+00 4.9470182116751378e+00 1.5302310647165394e-09
2.6293414564208815e-05 -6.0000000000000008e-05 0.0000000000000000e+00 0.0000000000000000e+00 4.9470161649887556e+00 3.4430216976815344e-09
3.5057886085611758e-05 -8.0000000000000020e-05 0.0000000000000000e+00 0.0000000000000000e+00 4.9470141183541614e+00 6.1209306662237457e-09
4.3822357607014701e-05 -1.0000000000000005e-04 0.0000000000000000e+00 0.0000000000000000e+00 4.9470120717549886e+00 9.5639591717227206e-09
5.2586829128417644e-05 -1.2000000000000004e-04 0.0000000000000000e+00 0.0000000000000000e+00 4.9470100250954694e+00 1.3772108415557999e-08
6.1351300649820594e-05 -1.4000000000000007e-04 0.0000000000000000e+00 0.0000000000000000e+00 4.9470079784621728e+00 1.8745379599109142e-08
7.0115772171223543e-05 -1.6000000000000004e-04 0.0000000000000000e+00 0.0000000000000000e+00 4.9470059318342994e+00 2.4483773923755676e-08
7.8880243692626493e-05 -1.8000000000000009e-04 0.0000000000000000e+00 0.0000000000000000e+00 4.9470038852423484e+00 3.0987292590877173e-08
8.7644715214029443e-05 -2.0000000000000025e-04 0.0000000000000000e+00 0.0000000000000000e+00 4.9470018386790011e+00 3.8255936801853217e-08
9.6409186735432393e-05 -2.2000000000000036e-04 0.0000000000000000e+00 0.0000000000000000e+00 4.9469997921295263e+00 4.6289707758063302e-08
1.0517365825683534e-04 -2.4000000000000052e-04 0.0000000000000000e+00 0.0000000000000000e+00 4.9469977455534249e+00 5.5088606660887000e-08
1.1393812977823829e-04 -2.6000000000000063e-04 0.0000000000000000e+00 0.0000000000000000e+00 4.9469956990446988e+00 6.4652634711703829e-08
1.2270260129964124e-04 -2.8000000000000063e-04 0.0000000000000000e+00 0.0000000000000000e+00 4.9469936525074241e+00 7.4981793111893297e-08
1.3146707282104419e-04 -3.0000000000000068e-04 0.0000000000000000e+00 0.0000000000000000e+00 4.9469916060044046e+00 8.6076083062835041e-08
1.4023154434244714e-04 -3.2000000000000089e-04 0.0000000000000000e+00 0.0000000000000000e+00 4.9469895595292668e+00 9.7935505765908647e-08
1.4899601586385009e-04 -3.4000000000000116e-04 0.0000000000000000e+00 0.0000000000000000e+00 4.9469875130599821e+00 1.1056006242249365e-07
1.5776048738525304e-04 -3.6000000000000127e-04 0.0000000000000000e+00 0.0000000000000000e+00 4.9469854666002950e+00 1.2394975423396940e-07
1.6652495890665599e-04 -3.8000000000000143e-04 0.0000000000000000e+00 0.0000000000000000e+00 4.9469834201542371e+00 1.3810458240171567e-07
1.7528943042805894e-04 -4.0000000000000148e-04 0.0000000000000000e+00 0.0000000000000000e+00 4.9469813737264019e+00 1.5302454812711184e-07
1.8405390194946189e-04 -4.2000000000000170e-04 0.0000000000000000e+00 0.0000000000000000e+00 4.9469793273165994e+00 1.6870965261153761e-07
1.9281837347086484e-04 -4.4000000000000186e-04 0.0000000000000000e+00 0.0000000000000000e+00 4.9469772809240737e+00 1.8515989705637242e-07
2.0158284499226779e-04 -4.6000000000000197e-04 0.0000000000000000e+00 0.0000000000000000e+00 4.9469752345462545e+00 2.0237528266299585e-07
2.1034731651367074e-04 -4.8000000000000223e-04 0.0000000000000000e+00 0.0000000000000000e+00 4.9469731881808174e+00 2.2035581063278755e-07
2.1911178803507369e-04 -5.0000000000000240e-04 0.0000000000000000e+00 0.0000000000000000e+00 4.9469711418279187e+00 2.3910148216712695e-07
2.2787625955647664e-04 -5.2000000000000277e-04 0.0000000000000000e+00 0.0000000000000000e+00 4.9469690954883117e+00 2.5861229846739372e-07
2.3664073107787959e-04 -5.4000000000000304e-04 0.0000000000000000e+00 0.0000000000000000e+00 4.9469670491683795e+00 2.7888826073496728e-07
2.4540520259928254e-04 -5.6000000000000353e-04 0.0000000000000000e+00 0.0000000000000000e+00 4.9469650028737924e+00 2.9992937017122740e-07
2.5416967412068549e-04 -5.8000000000000434e-04 0.0000000000000000e+00 0.0000000000000000e+00 4.9469629565897586e+00 3.2173562797755383e-07
2.6293414564208844e-04 -6.0000000000000483e-04 0.0000000000000000e+00 0.0000000000000000e+00 4.9469609103114696e+00 3.4430703535532533e-07
2.7169861716349139e-04 -6.2000000000000510e-04 0.0000000000000000e+00 0.0000000000000000e+00 4.9469588640521671e+00 3.6764359350592170e-07
2.8046308868489434e-04 -6.4000000000000558e-04 0.0000000000000000e+00 0.0000000000000000e+00 4.9469568178212509e+00 3.9174530363072281e-07
2.8922756020629729e-04 -6.6000000000000585e-04 0.0000000000000000e+00 0.0000000000000000e+00 4.9469547715923348e+00 4.1661216693110779e-07
2.9799203172770024e-04 -6.8000000000000645e-04 0.0000000000000000e+00 0.0000000000000000e+00 4.9469527253768337e+00 4.4224418460845681e-07
3.0675650324910319e-04 -7.0000000000000715e-04 0.0000000000000000e+00 0.0000000000000000e+00 4.9469506791920717e+00 4.6864135786414920e-07
3.1552097477050614e-04 -7.2000000000000774e-04 0.0000000000000000e+00 0.0000000000000000e+00 4.9469486330083523e+00 4.9580368789956425e-07
3.2428544629190908e-04 -7.4000000000000801e-04 0.0000000000000000e+00 0.0000000000000000e+00 4.9469465868428530e+00 5.2373117591608124e-07
3.3304991781331203e-04 -7.6000000000000817e-04 0.0000000000000000e+00 0.0000000000000000e+00 4.9469445407018267e+00 5.5242382311507971e-07
3.4181438933471498e-04 -7.8000000000000844e-04 0.0000000000000000e+00 0.0000000000000000e+00 4.9469424945618501e+00 5.8188163069794006e-07
3.5057886085611793e-04 -8.0000000000000893e-04 0.0000000000000000e+00 0.0000000000000000e+00 4.9469404484527182e+00 6.1210459986604131e-07
3.5934333237752088e-04 -8.2000000000000931e-04 0.0000000000000000e+00 0.0000000000000000e+00 4.9469384023467518e+00 6.4309273182076320e-07
3.6810780389892383e-04 -8.4000000000000947e-04 0.0000000000000000e+00 0.0000000000000000e+00 4.9469363562621993e+00 6.7484602776348466e-07
3.7687227542032678e-04 -8.6000000000000974e-04 0.0000000000000000e+00 0.0000000000000000e+00 4.9469343101931251e+00 7.0736448889558586e-07
3.8563674694172973e-04 -8.8000000000000968e-04 0.0000000000000000e+00 0.0000000000000000e+00 4.9469322641350191e+00 7.4064811641844571e-07
3.9440121846313268e-04 -9.0000000000000930e-04 0.0000000000000000e+00 0.0000000000000000e+00 4.9469302181002295e+00 7.7469691153344366e-07
4.0316568998453563e-04 -9.2000000000000903e-04 0.0000000000000000e+00 0.0000000000000000e+00 4.9469281720712965e+00 8.0951087544195998e-07
4.1193016150593858e-04 -9.4000000000000919e-04 0.0000000000000000e+00 0.0000000000000000e+00 4.9469261260684831e+00 8.4509000934537486e-07
4.2069463302734153e-04 -9.6000000000000913e-04 0.0000000000000000e+00 0.0000000000000000e+00 4.9469240800702217e+00 8.8143431444506658e-07
4.2945910454874448e-04 -9.8000000000000929e-04 0.0000000000000000e+00 0.0000000000000000e+00 4.9469220340982369e+00 9.1854379194241553e-07
4.3822357607014743e-04 -1.0000000000000093e-03 0.0000000000000000e+00 0.0000000000000000e+00 4.9469199881315555e+00 9.5641844303880062e-07
4.4698804759155038e-04 -1.0200000000000090e-03 0.0000000000000000e+00 0.0000000000000000e+00 4.9469179421895300e+00 9.9505826893560108e-07
4.5575251911295333e-04 -1.0400000000000090e-03 0.0000000000000000e+00 0.0000000000000000e+00 4.9469158962554278e+00 1.0344632708341976e-06
4.6451699063435628e-04 -1.0600000000000093e-03 0.0000000000000000e+00 0.0000000000000000e+00 4.9469138503422494e+00 1.0746334499359697e-06
4.7328146215575923e-04 -1.0800000000000098e-03 0.0000000000000000e+00 0.0000000000000000e+00 4.9469118044421245e+00 1.1155688074422965e-06
4.8204593367716218e-04 -1.1000000000000100e-03 0.0000000000000000e+00 0.0000000000000000e+00 4.9469097585564041e+00 1.1572693445545572e-06
4.9081040519856518e-04 -1.1200000000000101e-03 0.0000000000000000e+00 0.0000000000000000e+00 4.9469077126910577e+00 1.1997350624741314e-06
4.9957487671996813e-04 -1.1400000000000104e-03 0.0000000000000000e+00 0.0000000000000000e+00 4.9469056668326035e+00 1.2429659624023989e-06
5.0833934824137108e-04 -1.1600000000000104e-03 0.0000000000000000e+00 0.0000000000000000e+00 4.9469036209999659e+00 1.2869620455407390e-06
5.1710381976277403e-04 -1.1800000000000109e-03 0.0000000000000000e+00 0.0000000000000000e+00 4.9469015751722463e+00 1.3317233130905322e-06
5.2586829128417698e-04 -1.2000000000000110e-03 0.0000000000000000e+00 0.0000000000000000e+00 4.9468995293692606e+00 1.3772497662531566e-06
5.3463276280557993e-04 -1.2200000000000104e-03 0.0000000000000000e+00 0.0000000000000000e+00 4.9468974835765414e+00 1.4235414062299909e-06
5.4339723432698288e-04 -1.2400000000000098e-03 0.0000000000000000e+00 0.0000000000000000e+00 4.9468954377992391e+00 1.4705982342224161e-06
5.5216170584838583e-04 -1.2600000000000094e-03 0.0000000000000000e+00 0.0000000000000000e+00 4.9468933920426696e+00 1.5184202514318123e-06
5.6092617736978878e-04 -1.2800000000000088e-03 0.0000000000000000e+00 0.0000000000000000e+00 4.9468913462925252e+00 1.5670074590595579e-06
5.6969064889119173e-04 -1.3000000000000082e-03 0.0000000000000000e+00 0.0000000000000000e+00 4.9468893005669754e+00 1.6163598583070333e-06
5.7845512041259468e-04 -1.3200000000000080e-03 0.0000000000000000e+00 0.0000000000000000e+00 4.9468872548519176e+00 1.6664774503756187e-06
5.8721959193399763e-04 -1.3400000000000076e-03 0.0000000000000000e+00 0.0000000000000000e+00 4.9468852091514153e+00 1.7173602364666923e-06
5.9598406345540058e-04 -1.3600000000000070e-03 0.0000000000000000e+00 0.0000000000000000e+00 4.9468831634723616e+00 1.7690082177816335e-06
6.0474853497680353e-04 -1.3800000000000060e-03 0.0000000000000000e+00 0.0000000000000000e+00 4.9468811178006877e+00 1.8214213955218217e-06
6.1351300649820648e-04 -1.4000000000000054e-03 0.0000000000000000e+00 0.0000000000000000e+00 4.9468790721503462e+00 1.8745997708886380e-06
6.2227747801960943e-04 -1.4200000000000048e-03 0.0000000000000000e+00 0.0000000000000000e+00 4.9468770265160371e+00 1.9285433450834610e-06
6.3104194954101238e-04 -1.4400000000000042e-03 0.0000000000000000e+00 0.0000000000000000e+00 4.9468749808904269e+00 1.9832521193076705e-06
6.3980642106241533e-04 -1.4600000000000038e-03 0.0000000000000000e+00 0.0000000000000000e+00 4.9468729352880594e+00 2.0387260947626465e-06
6.4857089258381828e-04 -1.4800000000000032e-03 0.0000000000000000e+00 0.0000000000000000e+00 4.9468708896982703e+00 2.0949652726497675e-06
6.5733536410522123e-04 -1.5000000000000029e-03 0.0000000000000000e+00 0.0000000000000000e+00 4.9468688441201820e+00 2.1519696541704139e-06
6.6609983562662418e-04 -1.5200000000000027e-03 0.0000000000000000e+00 0.0000000000000000e+00 4.9468667985645327e+00 2.2097392405259654e-06
6.7486430714802713e-04 -1.5400000000000032e-03 0.0000000000000000e+00 0.0000000000000000e+00 4.9468647530201144e+00 2.2682740329178036e-06
6.8362877866943008e-04 -1.5600000000000030e-03 0.0000000000000000e+00 0.0000000000000000e+00 4.9468627074893146e+00 2.3275740325473029e-06
6.9239325019083303e-04 -1.5800000000000035e-03 0.0000000000000000e+00 0.0000000000000000e+00 4.9468606619799749e+00 2.3876392406158479e-06
7.0115772171223598e-04 -1.6000000000000033e-03 0.0000000000000000e+00 0.0000000000000000e+00 4.9468586164818351e+00 2.4484696583248136e-06
7.0992219323363893e-04 -1.6200000000000032e-03 0.0000000000000000e+00 0.0000000000000000e+00 4.9468565709976184e+00 2.5100652868755817e-06
7.1868666475504188e-04 -1.6400000000000023e-03 0.0000000000000000e+00 0.0000000000000000e+00 4.9468545255345093e+00 2.5724261274695296e-06
7.2745113627644483e-04 -1.6600000000000022e-03 0.0000000000000000e+00 0.0000000000000000e+00 4.9468524800833187e+00 2.6355521813080412e-06
7.3621560779784778e-04 -1.6800000000000027e-03 0.0000000000000000e+00 0.0000000000000000e+00 4.9468504346451416e+00 2.6994434495924952e-06
7.4498007931925072e-04 -1.7000000000000032e-03 0.0000000000000000e+00 0.0000000000000000e+00 4.9468483892281032e+00 2.7640999335242702e-06
7.5374455084065367e-04 -1.7200000000000032e-03 0.0000000000000000e+00 0.0000000000000000e+00 4.9468463438244052e+00 2.8295216343047439e-06
7.6250902236205662e-04 -1.7400000000000026e-03 0.0000000000000000e+00 0.0000000000000000e+00 4.9468442984321017e+00 2.8957085531352950e-06
7.7127349388345957e-04 -1.7600000000000024e-03 0.0000000000000000e+00 0.0000000000000000e+00 4.9468422530607059e+00 2.9626606912173070e-06
7.8003796540486252e-04 -1.7800000000000016e-03 0.0000000000000000e+00 0.0000000000000000e+00 4.9468402077044713e+00 3.0303780497521552e-06
7.8880243692626547e-04 -1.8000000000000015e-03 0.0000000000000000e+00 0.0000000000000000e+00 4.9468381623588487e+00 3.0988606299412246e-06
7.9756690844766842e-04 -1.8200000000000017e-03 0.0000000000000000e+00 0.0000000000000000e+00 4.9468361170323591e+00 3.1681084329858924e-06
8.0633137996907137e-04 -1.8400000000000016e-03 0.0000000000000000e+00 0.0000000000000000e+00 4.9468340717233010e+00 3.2381214600875361e-06
8.1509585149047432e-04 -1.8600000000000021e-03 0.0000000000000000e+00 0.0000000000000000e+00 4.9468320264256649e+00 3.3088997124475396e-06
8.2386032301187727e-04 -1.8800000000000025e-03 0.0000000000000000e+00 0.0000000000000000e+00 4.9468299811434662e+00 3.3804431912672795e-06
8.3262479453328022e-04 -1.9000000000000032e-03 0.0000000000000000e+00 0.0000000000000000e+00 4.9468279358808420e+00 3.4527518977481352e-06
8.4138926605468317e-04 -1.9200000000000035e-03 0.0000000000000000e+00 0.0000000000000000e+00 4.9468258906319784e+00 3.5258258330914857e-06
8.5015373757608612e-04 -1.9400000000000036e-03 0.0000000000000000e+00 0.0000000000000000e+00 4.9468238453948041e+00 3.5996649984987105e-06
8.5891820909748907e-04 -1.9600000000000038e-03 0.0000000000000000e+00 0.0000000000000000e+00 4.9468218001770712e+00 3.6742693951711910e-06
8.6768268061889202e-04 -1.9800000000000035e-03 0.0000000000000000e+00 0.0000000000000000e+00 4.9468197549759862e+00 3.7496390243103026e-06
8.7644715214029497e-04 -2.0000000000000039e-03 0.0000000000000000e+00 0.0000000000000000e+00 4.9468177097869273e+00 3.8257738871174323e-06
