1.5860689349274746e-05 -1.9999999999999812e-05 0.0000000000000000e+00 0.0000000000000000e+00 3.4137741308664649e+00 1.0849411635826203e-09
3.1721378698549492e-05 -3.9999999999999753e-05 0.0000000000000000e+00 0.0000000000000000e+00 3.4137739216337066e+00 4.3397650692840797e-09
4.7582068047824238e-05 -5.9999999999999222e-05 0.0000000000000000e+00 0.0000000000000000e+00 3.4137737124074499e+00 9.7644723395346464e-09
6.3442757397098984e-05 -7.9999999999998949e-05 0.0000000000000000e+00 0.0000000000000000e+00 3.4137735031016643e+00 1.7359063596764795e-08
7.9303446746373723e-05 -9.9999999999999436e-05 0.0000000000000000e+00 0.0000000000000000e+00 3.4137732938381604e+00 2.7123539463405148e-08
9.5164136095648462e-05 -1.2000000000000056e-04 0.0000000000000000e+00 0.0000000000000000e+00 3.4137730845560545e+00 3.9057900561886187e-08
1.1102482544492320e-04 -1.4000000000000067e-04 0.0000000000000000e+00 0.0000000000000000e+00 3.4137728752582457e+00 5.3162147514637572e-08
1.2688551479419794e-04 -1.6000000000000102e-04 0.0000000000000000e+00 0.0000000000000000e+00 3.4137726659872873e+00 6.9436280944090188e-08
1.4274620414347268e-04 -1.8000000000000001e-04 0.0000000000000000e+00 0.0000000000000000e+00 3.4137724567043382e+00 8.7880301472673392e-08
1.5860689349274742e-04 -1.9999999999999719e-04 0.0000000000000000e+00 0.0000000000000000e+00 3.4137722474187453e+00 1.0849420972281695e-07
1.7446758284202216e-04 -2.1999999999999526e-04 0.0000000000000000e+00 0.0000000000000000e+00 3.4137720381300816e+00 1.3127800631695294e-07
1.9032827219129690e-04 -2.3999999999999380e-04 0.0000000000000000e+00 0.0000000000000000e+00 3.4137718288434598e+00 1.5623169187751164e-07
2.0618896154057164e-04 -2.5999999999999195e-04 0.0000000000000000e+00 0.0000000000000000e+00 3.4137716195659444e+00 1.8335526702692274e-07
2.2204965088984638e-04 -2.7999999999999212e-04 0.0000000000000000e+00 0.0000000000000000e+00 3.4137714102747840e+00 2.1264873238761889e-07
2.3791034023912112e-04 -2.9999999999999249e-04 0.0000000000000000e+00 0.0000000000000000e+00 3.4137712009953218e+00 2.4411208858202899e-07
2.5377102958839583e-04 -3.1999999999999217e-04 0.0000000000000000e+00 0.0000000000000000e+00 3.4137709917136498e+00 2.7774533623258226e-07
2.6963171893767057e-04 -3.3999999999999005e-04 0.0000000000000000e+00 0.0000000000000000e+00 3.4137707824240748e+00 3.1354847596170779e-07
2.8549240828694531e-04 -3.5999999999998685e-04 0.0000000000000000e+00 0.0000000000000000e+00 3.4137705731394519e+00 3.5152150839183625e-07
3.0135309763622004e-04 -3.7999999999998533e-04 0.0000000000000000e+00 0.0000000000000000e+00 3.4137703638573464e+00 3.9166443414540172e-07
3.1721378698549478e-04 -3.9999999999998311e-04 0.0000000000000000e+00 0.0000000000000000e+00 3.4137701545749040e+00 4.3397725384483152e-07
3.3307447633476952e-04 -4.1999999999998186e-04 0.0000000000000000e+00 0.0000000000000000e+00 3.4137699452916892e+00 4.7845996811255850e-07
3.4893516568404426e-04 -4.3999999999997801e-04 0.0000000000000000e+00 0.0000000000000000e+00 3.4137697360078803e+00 5.2511257757100709e-07
3.6479585503331900e-04 -4.5999999999997692e-04 0.0000000000000000e+00 0.0000000000000000e+00 3.4137695267236254e+00 5.7393508284261664e-07
3.8065654438259374e-04 -4.7999999999997968e-04 0.0000000000000000e+00 0.0000000000000000e+00 3.4137693174390149e+00 6.2492748454981978e-07
3.9651723373186848e-04 -4.9999999999997768e-04 0.0000000000000000e+00 0.0000000000000000e+00 3.4137691081551615e+00 6.7808978331503200e-07
4.1237792308114322e-04 -5.1999999999997957e-04 0.0000000000000000e+00 0.0000000000000000e+00 3.4137688988710058e+00 7.3342197976069905e-07
4.2823861243041796e-04 -5.3999999999998450e-04 0.0000000000000000e+00 0.0000000000000000e+00 3.4137686895889998e+00 7.9092407450925061e-07
4.4409930177969270e-04 -5.5999999999999269e-04 0.0000000000000000e+00 0.0000000000000000e+00 3.4137684803084576e+00 8.5059606818311824e-07
4.5995999112896744e-04 -5.8000000000000380e-04 0.0000000000000000e+00 0.0000000000000000e+00 3.4137682710251687e+00 9.1243796140473182e-07
4.7582068047824218e-04 -6.0000000000001372e-04 0.0000000000000000e+00 0.0000000000000000e+00 3.4137680617399959e+00 9.7644975479651372e-07
4.9168136982751692e-04 -6.2000000000002158e-04 0.0000000000000000e+00 0.0000000000000000e+00 3.4137678524553907e+00 1.0426314489808922e-06
5.0754205917679165e-04 -6.4000000000003258e-04 0.0000000000000000e+00 0.0000000000000000e+00 3.4137676431743116e+00 1.1109830445803090e-06
5.2340274852606639e-04 -6.6000000000004510e-04 0.0000000000000000e+00 0.0000000000000000e+00 3.4137674338927306e+00 1.1815045422171915e-06
5.3926343787534113e-04 -6.8000000000005415e-04 0.0000000000000000e+00 0.0000000000000000e+00 3.4137672246078656e+00 1.2541959425139581e-06
5.5512412722461587e-04 -7.0000000000006374e-04 0.0000000000000000e+00 0.0000000000000000e+00 3.4137670153246673e+00 1.3290572460930483e-06
5.7098481657389061e-04 -7.2000000000007908e-04 0.0000000000000000e+00 0.0000000000000000e+00 3.4137668060445394e+00 1.4060884535769066e-06
5.8684550592316535e-04 -7.4000000000009095e-04 0.0000000000000000e+00 0.0000000000000000e+00 3.4137665967598219e+00 1.4852895655879397e-06
6.0270619527244009e-04 -7.6000000000010629e-04 0.0000000000000000e+00 0.0000000000000000e+00 3.4137663874774020e+00 1.5666605827485966e-06
6.1856688462171483e-04 -7.8000000000011567e-04 0.0000000000000000e+00 0.0000000000000000e+00 3.4137661781966933e+00 1.6502015056812810e-06
6.3442757397098957e-04 -8.0000000000011908e-04 0.0000000000000000e+00 0.0000000000000000e+00 3.4137659689116591e+00 1.7359123350084220e-06
6.5028826332026431e-04 -8.2000000000012423e-04 0.0000000000000000e+00 0.0000000000000000e+00 3.4137657596313442e+00 1.8237930713524724e-06
6.6614895266953905e-04 -8.4000000000012992e-04 0.0000000000000000e+00 0.0000000000000000e+00 3.4137655503484567e+00 1.9138437153358584e-06
6.8200964201881379e-04 -8.6000000000012867e-04 0.0000000000000000e+00 0.0000000000000000e+00 3.4137653410653250e+00 2.0060642675809869e-06
6.9787033136808852e-04 -8.8000000000012146e-04 0.0000000000000000e+00 0.0000000000000000e+00 3.4137651317851705e+00 2.1004547287102919e-06
7.1373102071736326e-04 -9.0000000000010601e-04 0.0000000000000000e+00 0.0000000000000000e+00 3.4137649225009548e+00 2.1970150993461918e-06
7.2959171006663800e-04 -9.2000000000008232e-04 0.0000000000000000e+00 0.0000000000000000e+00 3.4137647132215077e+00 2.2957453801111178e-06
7.4545239941591274e-04 -9.4000000000005342e-04 0.0000000000000000e+00 0.0000000000000000e+00 3.4137645039374833e+00 2.3966455716275065e-06
7.6131308876518748e-04 -9.6000000000002572e-04 0.0000000000000000e+00 0.0000000000000000e+00 3.4137642946575948e+00 2.4997156745178119e-06
7.7717377811446222e-04 -9.8000000000000647e-04 0.0000000000000000e+00 0.0000000000000000e+00 3.4137640853743245e+00 2.6049556894044897e-06
7.9303446746373696e-04 -9.9999999999998051e-04 0.0000000000000000e+00 0.0000000000000000e+00 3.4137638760940443e+00 2.7123656169099165e-06
8.0889515681301170e-04 -1.0199999999999498e-03 0.0000000000000000e+00 0.0000000000000000e+00 3.4137636668112834e+00 2.8219454576565294e-06
8.2475584616228644e-04 -1.0399999999999123e-03 0.0000000000000000e+00 0.0000000000000000e+00 3.4137634575310867e+00 2.9336952122667484e-06
8.4061653551156118e-04 -1.0599999999998755e-03 0.0000000000000000e+00 0.0000000000000000e+00 3.4137632482483893e+00 3.0476148813630323e-06
8.5647722486083592e-04 -1.0799999999998478e-03 0.0000000000000000e+00 0.0000000000000000e+00 3.4137630389686473e+00 3.1637044655678453e-06
8.7233791421011066e-04 -1.0999999999998205e-03 0.0000000000000000e+00 0.0000000000000000e+00 3.4137628296860179e+00 3.2819639655035841e-06
8.8819860355938540e-04 -1.1199999999997406e-03 0.0000000000000000e+00 0.0000000000000000e+00 3.4137626204064615e+00 3.4023933817924606e-06
9.0405929290866013e-04 -1.1399999999996706e-03 0.0000000000000000e+00 0.0000000000000000e+00 3.4137624111235203e+00 3.5249927150571562e-06
9.1991998225793487e-04 -1.1599999999995971e-03 0.0000000000000000e+00 0.0000000000000000e+00 3.4137622018443334e+00 3.6497619659200461e-06
9.3578067160720961e-04 -1.1799999999995308e-03 0.0000000000000000e+00 0.0000000000000000e+00 3.4137619925615672e+00 3.7767011350036068e-06
9.5164136095648435e-04 -1.1999999999994565e-03 0.0000000000000000e+00 0.0000000000000000e+00 3.4137617832824971e+00 3.9058102229302014e-06
9.6750205030575909e-04 -1.2199999999993735e-03 0.0000000000000000e+00 0.0000000000000000e+00 3.4137615740005356e+00 4.0370892303222587e-06
9.8336273965503383e-04 -1.2399999999993009e-03 0.0000000000000000e+00 0.0000000000000000e+00 3.4137613647204992e+00 4.1705381578022913e-06
9.9922342900430868e-04 -1.2599999999992292e-03 0.0000000000000000e+00 0.0000000000000000e+00 3.4137611554398535e+00 4.3061570059926889e-06
1.0150841183535835e-03 -1.2799999999991700e-03 0.0000000000000000e+00 0.0000000000000000e+00 3.4137609461585918e+00 4.4439457755159367e-06
1.0309448077028584e-03 -1.2999999999991074e-03 0.0000000000000000e+00 0.0000000000000000e+00 3.4137607368796785e+00 4.5839044669943914e-06
1.0468054970521332e-03 -1.3199999999990507e-03 0.0000000000000000e+00 0.0000000000000000e+00 3.4137605275976837e+00 4.7260330810505282e-06
1.0626661864014081e-03 -1.3399999999990043e-03 0.0000000000000000e+00 0.0000000000000000e+00 3.4137603183186598e+00 4.8703316183068029e-06
1.0785268757506829e-03 -1.3599999999989541e-03 0.0000000000000000e+00 0.0000000000000000e+00 3.4137601090378773e+00 5.0168000793855719e-06
1.0943875650999578e-03 -1.3799999999988977e-03 0.0000000000000000e+00 0.0000000000000000e+00 3.4137598997573670e+00 5.1654384649092580e-06
1.1102482544492326e-03 -1.3999999999988288e-03 0.0000000000000000e+00 0.0000000000000000e+00 3.4137596904786909e+00 5.3162467755002534e-06
1.1261089437985075e-03 -1.4199999999987614e-03 0.0000000000000000e+00 0.0000000000000000e+00 3.4137594811971397e+00 5.4692250117810621e-06
1.1419696331477823e-03 -1.4399999999986899e-03 0.0000000000000000e+00 0.0000000000000000e+00 3.4137592719182490e+00 5.6243731743740838e-06
1.1578303224970572e-03 -1.4599999999986184e-03 0.0000000000000000e+00 0.0000000000000000e+00 3.4137590626386674e+00 5.7816912639017710e-06
1.1736910118463320e-03 -1.4799999999985370e-03 0.0000000000000000e+00 0.0000000000000000e+00 3.4137588533579590e+00 5.9411792809864971e-06
1.1895517011956068e-03 -1.4999999999984618e-03 0.0000000000000000e+00 0.0000000000000000e+00 3.4137586440795258e+00 6.1028372262507823e-06
1.2054123905448817e-03 -1.5199999999983755e-03 0.0000000000000000e+00 0.0000000000000000e+00 3.4137584347991430e+00 6.2666651003169620e-06
1.2212730798941565e-03 -1.5399999999982860e-03 0.0000000000000000e+00 0.0000000000000000e+00 3.4137582255196794e+00 6.4326629038075037e-06
1.2371337692434314e-03 -1.5599999999982694e-03 0.0000000000000000e+00 0.0000000000000000e+00 3.4137580162412564e+00 6.6008306373452824e-06
1.2529944585927062e-03 -1.5799999999982633e-03 0.0000000000000000e+00 0.0000000000000000e+00 3.4137578069606778e+00 6.7711683015523762e-06
1.2688551479419811e-03 -1.5999999999982660e-03 0.0000000000000000e+00 0.0000000000000000e+00 3.4137575976819918e+00 6.9436758970512076e-06
1.2847158372912559e-03 -1.6199999999982843e-03 0.0000000000000000e+00 0.0000000000000000e+00 3.4137573884034671e+00 7.1183534244642519e-06
1.3005765266405308e-03 -1.6399999999983175e-03 0.0000000000000000e+00 0.0000000000000000e+00 3.4137571791231323e+00 7.2952008844139377e-06
1.3164372159898056e-03 -1.6599999999983483e-03 0.0000000000000000e+00 0.0000000000000000e+00 3.4137569698448731e+00 7.4742182775225919e-06
1.3322979053390805e-03 -1.6799999999983883e-03 0.0000000000000000e+00 0.0000000000000000e+00 3.4137567605664096e+00 7.6554056044127177e-06
1.3481585946883553e-03 -1.6999999999984419e-03 0.0000000000000000e+00 0.0000000000000000e+00 3.4137565512863999e+00 7.8387628657067741e-06
1.3640192840376302e-03 -1.7199999999984975e-03 0.0000000000000000e+00 0.0000000000000000e+00 3.4137563420083410e+00 8.0242900620271196e-06
1.3798799733869050e-03 -1.7399999999985660e-03 0.0000000000000000e+00 0.0000000000000000e+00 3.4137561327301604e+00 8.2119871939962606e-06
1.3957406627361799e-03 -1.7599999999986431e-03 0.0000000000000000e+00 0.0000000000000000e+00 3.4137559234503203e+00 8.4018542622365935e-06
1.4116013520854547e-03 -1.7799999999987268e-03 0.0000000000000000e+00 0.0000000000000000e+00 3.4137557141724213e+00 8.5938912673705470e-06
1.4274620414347296e-03 -1.7999999999988069e-03 0.0000000000000000e+00 0.0000000000000000e+00 3.4137555048946457e+00 8.7880982100204786e-06
1.4433227307840044e-03 -1.8199999999988729e-03 0.0000000000000000e+00 0.0000000000000000e+00 3.4137552956150818e+00 8.9844750908087472e-06
1.4591834201332793e-03 -1.8399999999989488e-03 0.0000000000000000e+00 0.0000000000000000e+00 3.4137550863373916e+00 9.1830219103579460e-06
1.4750441094825541e-03 -1.8599999999990363e-03 0.0000000000000000e+00 0.0000000000000000e+00 3.4137548770597674e+00 9.3837386692905171e-06
1.4909047988318290e-03 -1.8799999999991133e-03 0.0000000000000000e+00 0.0000000000000000e+00 3.4137546677807062e+00 9.5866253682287450e-06
1.5067654881811038e-03 -1.8999999999992083e-03 0.0000000000000000e+00 0.0000000000000000e+00 3.4137544585027344e+00 9.7916820077952498e-06
1.5226261775303786e-03 -1.9199999999993077e-03 0.0000000000000000e+00 0.0000000000000000e+00 3.4137542492255055e+00 9.9989085886123721e-06
1.5384868668796535e-03 -1.9399999999994133e-03 0.0000000000000000e+00 0.0000000000000000e+00 3.4137540399472743e+00 1.0208305111302564e-05
1.5543475562289283e-03 -1.9599999999995272e-03 0.0000000000000000e+00 0.0000000000000000e+00 3.4137538306688251e+00 1.0419871576488261e-05
1.5702082455782032e-03 -1.9799999999996539e-03 0.0000000000000000e+00 0.0000000000000000e+00 3.4137536213919901e+00 1.0633607984791935e-05
1.5860689349274780e-03 -1.9999999999997624e-03 0.0000000000000000e+00 0.0000000000000000e+00 3.4137534121145423e+00 1.0849514336835787e-05
