8.7644715214029378e-06 -1.9999999999999995e-05 0.0000000000000000e+00 0.0000000000000000e+00 4.9470200111956979e+00 3.8255759013638656e-10
1.7528943042805876e-05 -3.9999999999999990e-05 0.0000000000000000e+00 0.0000000000000000e+00 4.9470177172055498e+00 1.5302312582139502e-09
2.6293414564208815e-05 -5.9999999999999947e-05 0.0000000000000000e+00 0.0000000000000000e+00 4.9470154232903312e+00 3.4430223507352927e-09
3.5057886085611758e-05 -7.9999999999999898e-05 0.0000000000000000e+00 0.0000000000000000e+00 4.9470131294308759e+00 6.1209322142030209e-09
4.3822357607014701e-05 -9.9999999999999842e-05 0.0000000000000000e+00 0.0000000000000000e+00 4.9470108356108131e+00 9.5639621951197403e-09
5.2586829128417644e-05 -1.1999999999999984e-04 0.0000000000000000e+00 0.0000000000000000e+00 4.9470085417343759e+00 1.3772113639988067e-08
6.1351300649820594e-05 -1.3999999999999985e-04 0.0000000000000000e+00 0.0000000000000000e+00 4.9470062478881403e+00 1.8745387895310607e-08
7.0115772171223543e-05 -1.5999999999999990e-04 0.0000000000000000e+00 0.0000000000000000e+00 4.9470039540512936e+00 2.4483786307589970e-08
7.8880243692626493e-05 -1.7999999999999988e-04 0.0000000000000000e+00 0.0000000000000000e+00 4.9470016602543438e+00 3.0987310223328738e-08
8.7644715214029443e-05 -1.9999999999999985e-04 0.0000000000000000e+00 0.0000000000000000e+00 4.9469993664899716e+00 3.8255960989029520e-08
9.6409186735432393e-05 -2.1999999999999990e-04 0.0000000000000000e+00 0.0000000000000000e+00 4.9469970727434385e+00 4.6289739951194964e-08
1.0517365825683534e-04 -2.4000000000000001e-04 0.0000000000000000e+00 0.0000000000000000e+00 4.9469947789742550e+00 5.5088648456327689e-08
1.1393812977823829e-04 -2.6000000000000009e-04 0.0000000000000000e+00 0.0000000000000000e+00 4.9469924852764171e+00 6.4652687850930245e-08
1.2270260129964124e-04 -2.8000000000000025e-04 0.0000000000000000e+00 0.0000000000000000e+00 4.9469901915540051e+00 7.4981859481505270e-08
1.3146707282104419e-04 -3.0000000000000030e-04 0.0000000000000000e+00 0.0000000000000000e+00 4.9469878978698141e+00 8.6076164694555339e-08
1.4023154434244714e-04 -3.2000000000000024e-04 0.0000000000000000e+00 0.0000000000000000e+00 4.9469856042174785e+00 9.7935604836582986e-08
1.4899601586385009e-04 -3.4000000000000002e-04 0.0000000000000000e+00 0.0000000000000000e+00 4.9469833105749697e+00 1.1056018125409084e-07
1.5776048738525304e-04 -3.5999999999999981e-04 0.0000000000000000e+00 0.0000000000000000e+00 4.9469810169460304e+00 1.2394989529358150e-07
1.6652495890665599e-04 -3.7999999999999942e-04 0.0000000000000000e+00 0.0000000000000000e+00 4.9469787233346896e+00 1.3810474830155756e-07
1.7528943042805894e-04 -3.9999999999999915e-04 0.0000000000000000e+00 0.0000000000000000e+00 4.9469764297455390e+00 1.5302474162452173e-07
1.8405390194946189e-04 -4.1999999999999888e-04 0.0000000000000000e+00 0.0000000000000000e+00 4.9469741361783939e+00 1.6870987660897659e-07
1.9281837347086484e-04 -4.3999999999999861e-04 0.0000000000000000e+00 0.0000000000000000e+00 4.9469718426324949e+00 1.8516015460142471e-07
2.0158284499226779e-04 -4.5999999999999817e-04 0.0000000000000000e+00 0.0000000000000000e+00 4.9469695491052725e+00 2.0237557694836864e-07
2.1034731651367074e-04 -4.7999999999999763e-04 0.0000000000000000e+00 0.0000000000000000e+00 4.9469672555944024e+00 2.2035614499631089e-07
2.1911178803507369e-04 -4.9999999999999687e-04 0.0000000000000000e+00 0.0000000000000000e+00 4.9469649621000391e+00 2.3910186009175404e-07
2.2787625955647664e-04 -5.1999999999999627e-04 0.0000000000000000e+00 0.0000000000000000e+00 4.9469626686229402e+00 2.5861272358120102e-07
2.3664073107787959e-04 -5.3999999999999556e-04 0.0000000000000000e+00 0.0000000000000000e+00 4.9469603751694873e+00 2.7888873681115422e-07
2.4540520259928254e-04 -5.5999999999999507e-04 0.0000000000000000e+00 0.0000000000000000e+00 4.9469580817453478e+00 2.9992990112811651e-07
2.5416967412068549e-04 -5.7999999999999458e-04 0.0000000000000000e+00 0.0000000000000000e+00 4.9469557883357282e+00 3.2173621787859033e-07
2.6293414564208844e-04 -5.9999999999999442e-04 0.0000000000000000e+00 0.0000000000000000e+00 4.9469534949358209e+00 3.4430768840907855e-07
2.7169861716349139e-04 -6.1999999999999404e-04 0.0000000000000000e+00 0.0000000000000000e+00 4.9469512015588766e+00 3.6764431406608329e-07
2.8046308868489434e-04 -6.3999999999999387e-04 0.0000000000000000e+00 0.0000000000000000e+00 4.9469489082142832e+00 3.9174609619610753e-07
2.8922756020629729e-04 -6.5999999999999338e-04 0.0000000000000000e+00 0.0000000000000000e+00 4.9469466148756558e+00 4.1661303614565337e-07
2.9799203172770024e-04 -6.7999999999999300e-04 0.0000000000000000e+00 0.0000000000000000e+00 4.9469443215544180e+00 4.4224513526122392e-07
3.0675650324910319e-04 -6.9999999999999262e-04 0.0000000000000000e+00 0.0000000000000000e+00 4.9469420282678849e+00 4.6864239488932164e-07
3.1552097477050614e-04 -7.1999999999999224e-04 0.0000000000000000e+00 0.0000000000000000e+00 4.9469397349863584e+00 4.9580481637644906e-07
3.2428544629190908e-04 -7.3999999999999197e-04 0.0000000000000000e+00 0.0000000000000000e+00 4.9469374417270284e+00 5.2373240106910907e-07
3.3304991781331203e-04 -7.5999999999999169e-04 0.0000000000000000e+00 0.0000000000000000e+00 4.9469351484961326e+00 5.5242515031380407e-07
3.4181438933471498e-04 -7.7999999999999131e-04 0.0000000000000000e+00 0.0000000000000000e+00 4.9469328552702558e+00 5.8188306545703629e-07
3.5057886085611793e-04 -7.9999999999999093e-04 0.0000000000000000e+00 0.0000000000000000e+00 4.9469305620791975e+00 6.1210614784530891e-07
3.5934333237752088e-04 -8.1999999999999022e-04 0.0000000000000000e+00 0.0000000000000000e+00 4.9469282688952632e+00 6.4309439882512385e-07
3.6810780389892383e-04 -8.3999999999998963e-04 0.0000000000000000e+00 0.0000000000000000e+00 4.9469259757367174e+00 6.7484781974298428e-07
3.7687227542032678e-04 -8.5999999999998935e-04 0.0000000000000000e+00 0.0000000000000000e+00 4.9469236825976095e+00 7.0736641194539297e-07
3.8563674694172973e-04 -8.7999999999998930e-04 0.0000000000000000e+00 0.0000000000000000e+00 4.9469213894734452e+00 7.4065017677885289e-07
3.9440121846313268e-04 -8.9999999999998892e-04 0.0000000000000000e+00 0.0000000000000000e+00 4.9469190963765568e+00 7.7469911558986542e-07
4.0316568998453563e-04 -9.1999999999998897e-04 0.0000000000000000e+00 0.0000000000000000e+00 4.9469168032894988e+00 8.0951322972493449e-07
4.1193016150593858e-04 -9.3999999999998859e-04 0.0000000000000000e+00 0.0000000000000000e+00 4.9469145102325225e+00 8.4509252053056126e-07
4.2069463302734153e-04 -9.5999999999998821e-04 0.0000000000000000e+00 0.0000000000000000e+00 4.9469122171840665e+00 8.8143698935324902e-07
4.2945910454874448e-04 -9.7999999999998739e-04 0.0000000000000000e+00 0.0000000000000000e+00 4.9469099241658521e+00 9.1854663753949991e-07
4.3822357607014743e-04 -9.9999999999998636e-04 0.0000000000000000e+00 0.0000000000000000e+00 4.9469076311569093e+00 9.5642146643581625e-07
4.4698804759155038e-04 -1.0199999999999849e-03 0.0000000000000000e+00 0.0000000000000000e+00 4.9469053381765855e+00 9.9506147738870080e-07
4.5575251911295333e-04 -1.0399999999999832e-03 0.0000000000000000e+00 0.0000000000000000e+00 4.9469030452081562e+00 1.0344666717446564e-06
4.6451699063435628e-04 -1.0599999999999815e-03 0.0000000000000000e+00 0.0000000000000000e+00 4.9469007522646091e+00 1.0746370508501860e-06
4.7328146215575923e-04 -1.0799999999999794e-03 0.0000000000000000e+00 0.0000000000000000e+00 4.9468984593380902e+00 1.1155726160517913e-06
4.8204593367716218e-04 -1.0999999999999777e-03 0.0000000000000000e+00 0.0000000000000000e+00 4.9468961664299300e+00 1.1572733686959768e-06
4.9081040519856518e-04 -1.1199999999999756e-03 0.0000000000000000e+00 0.0000000000000000e+00 4.9468938735461201e+00 1.1997393101292430e-06
4.9957487671996813e-04 -1.1399999999999739e-03 0.0000000000000000e+00 0.0000000000000000e+00 4.9468915806731601e+00 1.2429704416980943e-06
5.0833934824137108e-04 -1.1599999999999725e-03 0.0000000000000000e+00 0.0000000000000000e+00 4.9468892878299844e+00 1.2869667647490332e-06
5.1710381976277403e-04 -1.1799999999999706e-03 0.0000000000000000e+00 0.0000000000000000e+00 4.9468869949956948e+00 1.3317282806285609e-06
5.2586829128417698e-04 -1.1999999999999687e-03 0.0000000000000000e+00 0.0000000000000000e+00 4.9468847021900961e+00 1.3772549906831807e-06
5.3463276280557993e-04 -1.2199999999999670e-03 0.0000000000000000e+00 0.0000000000000000e+00 4.9468824093987402e+00 1.4235468962593957e-06
5.4339723432698288e-04 -1.2399999999999657e-03 0.0000000000000000e+00 0.0000000000000000e+00 4.9468801166267520e+00 1.4706039987037091e-06
5.5216170584838583e-04 -1.2599999999999645e-03 0.0000000000000000e+00 0.0000000000000000e+00 4.9468778238794702e+00 1.5184262993626228e-06
5.6092617736978878e-04 -1.2799999999999628e-03 0.0000000000000000e+00 0.0000000000000000e+00 4.9468755311425747e+00 1.5670137995826377e-06
5.6969064889119173e-04 -1.2999999999999605e-03 0.0000000000000000e+00 0.0000000000000000e+00 4.9468732384342369e+00 1.6163665007102569e-06
5.7845512041259468e-04 -1.3199999999999586e-03 0.0000000000000000e+00 0.0000000000000000e+00 4.9468709457403612e+00 1.6664844040919846e-06
5.8721959193399763e-04 -1.3399999999999573e-03 0.0000000000000000e+00 0.0000000000000000e+00 4.9468686530649943e+00 1.7173675110743244e-06
5.9598406345540058e-04 -1.3599999999999561e-03 0.0000000000000000e+00 0.0000000000000000e+00 4.9468663604150453e+00 1.7690158230037770e-06
6.0474853497680353e-04 -1.3799999999999546e-03 0.0000000000000000e+00 0.0000000000000000e+00 4.9468640677764419e+00 1.8214293412268448e-06
6.1351300649820648e-04 -1.3999999999999531e-03 0.0000000000000000e+00 0.0000000000000000e+00 4.9468617751631276e+00 1.8746080670900311e-06
6.2227747801960943e-04 -1.4199999999999519e-03 0.0000000000000000e+00 0.0000000000000000e+00 4.9468594825698151e+00 1.9285520019398393e-06
6.3104194954101238e-04 -1.4399999999999500e-03 0.0000000000000000e+00 0.0000000000000000e+00 4.9468571899891627e+00 1.9832611471227684e-06
6.3980642106241533e-04 -1.4599999999999477e-03 0.0000000000000000e+00 0.0000000000000000e+00 4.9468548974357125e+00 2.0387355039853231e-06
6.4857089258381828e-04 -1.4799999999999458e-03 0.0000000000000000e+00 0.0000000000000000e+00 4.9468526048988117e+00 2.0949750738740075e-06
6.5733536410522123e-04 -1.4999999999999434e-03 0.0000000000000000e+00 0.0000000000000000e+00 4.9468503123775642e+00 2.1519798581353219e-06
6.6609983562662418e-04 -1.5199999999999409e-03 0.0000000000000000e+00 0.0000000000000000e+00 4.9468480198827214e+00 2.2097498581157695e-06
6.7486430714802713e-04 -1.5399999999999379e-03 0.0000000000000000e+00 0.0000000000000000e+00 4.9468457274030797e+00 2.2682850751618529e-06
6.8362877866943008e-04 -1.5599999999999356e-03 0.0000000000000000e+00 0.0000000000000000e+00 4.9468434349410053e+00 2.3275855106200769e-06
6.9239325019083303e-04 -1.5799999999999330e-03 0.0000000000000000e+00 0.0000000000000000e+00 4.9468411425043612e+00 2.3876511658369412e-06
7.0115772171223598e-04 -1.5999999999999309e-03 0.0000000000000000e+00 0.0000000000000000e+00 4.9468388500828802e+00 2.4484820421589519e-06
7.0992219323363893e-04 -1.6199999999999294e-03 0.0000000000000000e+00 0.0000000000000000e+00 4.9468365576792772e+00 2.5100781409326115e-06
7.1868666475504188e-04 -1.6399999999999271e-03 0.0000000000000000e+00 0.0000000000000000e+00 4.9468342653007458e+00 2.5724394635044173e-06
7.2745113627644483e-04 -1.6599999999999252e-03 0.0000000000000000e+00 0.0000000000000000e+00 4.9468319729381003e+00 2.6355660112208773e-06
7.3621560779784778e-04 -1.6799999999999231e-03 0.0000000000000000e+00 0.0000000000000000e+00 4.9468296805924217e+00 2.6994577854284909e-06
7.4498007931925072e-04 -1.6999999999999203e-03 0.0000000000000000e+00 0.0000000000000000e+00 4.9468273882718448e+00 2.7641147874737602e-06
7.5374455084065367e-04 -1.7199999999999176e-03 0.0000000000000000e+00 0.0000000000000000e+00 4.9468250959685740e+00 2.8295370187031890e-06
7.6250902236205662e-04 -1.7399999999999148e-03 0.0000000000000000e+00 0.0000000000000000e+00 4.9468228036806527e+00 2.8957244804632808e-06
7.7127349388345957e-04 -1.7599999999999122e-03 0.0000000000000000e+00 0.0000000000000000e+00 4.9468205114175978e+00 2.9626771741005378e-06
7.8003796540486252e-04 -1.7799999999999090e-03 0.0000000000000000e+00 0.0000000000000000e+00 4.9468182191736725e+00 3.0303951009614610e-06
7.8880243692626547e-04 -1.7999999999999065e-03 0.0000000000000000e+00 0.0000000000000000e+00 4.9468159269443177e+00 3.0988782623925560e-06
7.9756690844766842e-04 -1.8199999999999031e-03 0.0000000000000000e+00 0.0000000000000000e+00 4.9468136347380485e+00 3.1681266597403217e-06
8.0633137996907137e-04 -1.8399999999999005e-03 0.0000000000000000e+00 0.0000000000000000e+00 4.9468113425531781e+00 3.2381402943512656e-06
8.1509585149047432e-04 -1.8599999999998973e-03 0.0000000000000000e+00 0.0000000000000000e+00 4.9468090503836946e+00 3.3089191675718857e-06
8.2386032301187727e-04 -1.8799999999998948e-03 0.0000000000000000e+00 0.0000000000000000e+00 4.9468067582335937e+00 3.3804632807486880e-06
8.3262479453328022e-04 -1.8999999999998927e-03 0.0000000000000000e+00 0.0000000000000000e+00 4.9468044661070349e+00 3.4527726352281760e-06
8.4138926605468317e-04 -1.9199999999998897e-03 0.0000000000000000e+00 0.0000000000000000e+00 4.9468021739981998e+00 3.5258472323568461e-06
8.5015373757608612e-04 -1.9399999999998869e-03 0.0000000000000000e+00 0.0000000000000000e+00 4.9467998819050090e+00 3.5996870734812058e-06
8.5891820909748907e-04 -1.9599999999998846e-03 0.0000000000000000e+00 0.0000000000000000e+00 4.9467975898352137e+00 3.6742921599477585e-06
8.6768268061889202e-04 -1.9799999999998820e-03 0.0000000000000000e+00 0.0000000000000000e+00 4.9467952977860330e+00 3.7496624931030035e-06
8.7644715214029497e-04 -1.9999999999998790e-03 0.0000000000000000e+00 0.0000000000000000e+00 4.9467930057528422e+00 3.8257980742934438e-06
