1.5860689349274746e-05 -2.0000000000000198e-05 0.0000000000000000e+00 0.0000000000000000e+00 3.4137742194103375e+00 1.0849411196933273e-09
3.1721378698549492e-05 -3.9999999999999610e-05 0.0000000000000000e+00 0.0000000000000000e+00 3.4137740987213991e+00 4.3397647181694901e-09
4.7582068047824238e-05 -5.9999999999999161e-05 0.0000000000000000e+00 0.0000000000000000e+00 3.4137739780389089e+00 9.7644711545229651e-09
6.3442757397098984e-05 -7.9999999999999166e-05 0.0000000000000000e+00 0.0000000000000000e+00 3.4137738572768370e+00 1.7359060787848316e-08
7.9303446746373723e-05 -9.9999999999998311e-05 0.0000000000000000e+00 0.0000000000000000e+00 3.4137737365569945e+00 2.7123533977239612e-08
9.5164136095648462e-05 -1.1999999999999834e-04 0.0000000000000000e+00 0.0000000000000000e+00 3.4137736158184953e+00 3.9057891081791864e-08
1.1102482544492320e-04 -1.3999999999999706e-04 0.0000000000000000e+00 0.0000000000000000e+00 3.4137734950642407e+00 5.3162132460598622e-08
1.2688551479419794e-04 -1.5999999999999730e-04 0.0000000000000000e+00 0.0000000000000000e+00 3.4137733743367829e+00 6.9436258472755634e-08
1.4274620414347268e-04 -1.7999999999999749e-04 0.0000000000000000e+00 0.0000000000000000e+00 3.4137732535972809e+00 8.7880269477356720e-08
1.5860689349274742e-04 -1.9999999999999903e-04 0.0000000000000000e+00 0.0000000000000000e+00 3.4137731328550824e+00 1.0849416583349728e-07
1.7446758284202216e-04 -2.2000000000000128e-04 0.0000000000000000e+00 0.0000000000000000e+00 3.4137730121097607e+00 1.3127794790027160e-07
1.9032827219129690e-04 -2.4000000000000323e-04 0.0000000000000000e+00 0.0000000000000000e+00 3.4137728913664263e+00 1.5623161603677330e-07
2.0618896154057164e-04 -2.6000000000000540e-04 0.0000000000000000e+00 0.0000000000000000e+00 3.4137727706321463e+00 1.8335517060209738e-07
2.2204965088984638e-04 -2.8000000000000854e-04 0.0000000000000000e+00 0.0000000000000000e+00 3.4137726498841672e+00 2.1264861195533895e-07
2.3791034023912112e-04 -3.0000000000000919e-04 0.0000000000000000e+00 0.0000000000000000e+00 3.4137725291478338e+00 2.4411194045558904e-07
2.5377102958839583e-04 -3.2000000000000854e-04 0.0000000000000000e+00 0.0000000000000000e+00 3.4137724084092373e+00 2.7774515646194277e-07
2.6963171893767057e-04 -3.4000000000000881e-04 0.0000000000000000e+00 0.0000000000000000e+00 3.4137722876626846e+00 3.1354826033349713e-07
2.8549240828694531e-04 -3.6000000000000799e-04 0.0000000000000000e+00 0.0000000000000000e+00 3.4137721669210306e+00 3.5152125242934417e-07
3.0135309763622004e-04 -3.8000000000000880e-04 0.0000000000000000e+00 0.0000000000000000e+00 3.4137720461818417e+00 3.9166413310858185e-07
3.1721378698549478e-04 -4.0000000000001037e-04 0.0000000000000000e+00 0.0000000000000000e+00 3.4137719254422616e+00 4.3397690273030372e-07
3.3307447633476952e-04 -4.2000000000001579e-04 0.0000000000000000e+00 0.0000000000000000e+00 3.4137718047018568e+00 4.7845956165360906e-07
3.4893516568404426e-04 -4.4000000000002506e-04 0.0000000000000000e+00 0.0000000000000000e+00 3.4137716839608037e+00 5.2511211023759332e-07
3.6479585503331900e-04 -4.6000000000003221e-04 0.0000000000000000e+00 0.0000000000000000e+00 3.4137715632192522e+00 5.7393454884134172e-07
3.8065654438259374e-04 -4.8000000000004154e-04 0.0000000000000000e+00 0.0000000000000000e+00 3.4137714424772918e+00 6.2492687782395567e-07
3.9651723373186848e-04 -5.0000000000004837e-04 0.0000000000000000e+00 0.0000000000000000e+00 3.4137713217360353e+00 6.7808909754452134e-07
4.1237792308114322e-04 -5.2000000000005980e-04 0.0000000000000000e+00 0.0000000000000000e+00 3.4137712009944230e+00 7.3342120836214671e-07
4.2823861243041796e-04 -5.4000000000006690e-04 0.0000000000000000e+00 0.0000000000000000e+00 3.4137710802549073e+00 7.9092321063590907e-07
4.4409930177969270e-04 -5.6000000000007617e-04 0.0000000000000000e+00 0.0000000000000000e+00 3.4137709595168029e+00 8.5059510472491513e-07
4.5995999112896744e-04 -5.8000000000008685e-04 0.0000000000000000e+00 0.0000000000000000e+00 3.4137708387758985e+00 9.1243689098825920e-07
4.7582068047824218e-04 -6.0000000000009351e-04 0.0000000000000000e+00 0.0000000000000000e+00 3.4137707180330579e+00 9.7644856978502292e-07
4.9168136982751692e-04 -6.2000000000010506e-04 0.0000000000000000e+00 0.0000000000000000e+00 3.4137705972907293e+00 1.0426301414743206e-06
5.0754205917679165e-04 -6.4000000000011205e-04 0.0000000000000000e+00 0.0000000000000000e+00 3.4137704765518748e+00 1.1109816064152253e-06
5.2340274852606639e-04 -6.6000000000011384e-04 0.0000000000000000e+00 0.0000000000000000e+00 3.4137703558124670e+00 1.1815029649668299e-06
5.3926343787534113e-04 -6.8000000000011736e-04 0.0000000000000000e+00 0.0000000000000000e+00 3.4137702350697188e+00 1.2541942174882432e-06
5.5512412722461587e-04 -7.0000000000011438e-04 0.0000000000000000e+00 0.0000000000000000e+00 3.4137701143285857e+00 1.3290553643385402e-06
5.7098481657389061e-04 -7.2000000000011204e-04 0.0000000000000000e+00 0.0000000000000000e+00 3.4137699935904711e+00 1.4060864058768329e-06
5.8684550592316535e-04 -7.4000000000011654e-04 0.0000000000000000e+00 0.0000000000000000e+00 3.4137698728477135e+00 1.4852873424622320e-06
6.0270619527244009e-04 -7.6000000000011789e-04 0.0000000000000000e+00 0.0000000000000000e+00 3.4137697521071981e+00 1.5666581744538062e-06
6.1856688462171483e-04 -7.8000000000011773e-04 0.0000000000000000e+00 0.0000000000000000e+00 3.4137696313683423e+00 1.6501989022106532e-06
6.3442757397098957e-04 -8.0000000000012266e-04 0.0000000000000000e+00 0.0000000000000000e+00 3.4137695106251074e+00 1.7359095260918872e-06
6.5028826332026431e-04 -8.2000000000012954e-04 0.0000000000000000e+00 0.0000000000000000e+00 3.4137693898865384e+00 1.8237900464565941e-06
6.6614895266953905e-04 -8.4000000000013827e-04 0.0000000000000000e+00 0.0000000000000000e+00 3.4137692691453450e+00 1.9138404636638681e-06
6.8200964201881379e-04 -8.6000000000014027e-04 0.0000000000000000e+00 0.0000000000000000e+00 3.4137691484038530e+00 2.0060607780727783e-06
6.9787033136808852e-04 -8.8000000000013599e-04 0.0000000000000000e+00 0.0000000000000000e+00 3.4137690276652854e+00 2.1004509900424168e-06
7.1373102071736326e-04 -9.0000000000013799e-04 0.0000000000000000e+00 0.0000000000000000e+00 3.4137689069226025e+00 2.1970110999319205e-06
7.2959171006663800e-04 -9.2000000000013816e-04 0.0000000000000000e+00 0.0000000000000000e+00 3.4137687861846362e+00 2.2957411081003560e-06
7.4545239941591274e-04 -9.4000000000013333e-04 0.0000000000000000e+00 0.0000000000000000e+00 3.4137686654420385e+00 2.3966410149068076e-06
7.6131308876518748e-04 -9.6000000000013110e-04 0.0000000000000000e+00 0.0000000000000000e+00 3.4137685447035242e+00 2.4997108207103954e-06
7.7717377811446222e-04 -9.8000000000012487e-04 0.0000000000000000e+00 0.0000000000000000e+00 3.4137684239615758e+00 2.6049505258701888e-06
7.9303446746373696e-04 -1.0000000000001147e-03 0.0000000000000000e+00 0.0000000000000000e+00 3.4137683032225619e+00 2.7123601307452845e-06
8.0889515681301170e-04 -1.0200000000001128e-03 0.0000000000000000e+00 0.0000000000000000e+00 3.4137681824810158e+00 2.8219396356948206e-06
8.2475584616228644e-04 -1.0400000000001109e-03 0.0000000000000000e+00 0.0000000000000000e+00 3.4137680617419801e+00 2.9336890410778600e-06
8.4061653551156118e-04 -1.0600000000001101e-03 0.0000000000000000e+00 0.0000000000000000e+00 3.4137679410003914e+00 3.0476083472535048e-06
8.5647722486083592e-04 -1.0800000000001058e-03 0.0000000000000000e+00 0.0000000000000000e+00 3.4137678202617034e+00 3.1636975545808284e-06
8.7233791421011066e-04 -1.1000000000001096e-03 0.0000000000000000e+00 0.0000000000000000e+00 3.4137676995200770e+00 3.2819566634189731e-06
8.8819860355938540e-04 -1.1200000000000704e-03 0.0000000000000000e+00 0.0000000000000000e+00 3.4137675787814685e+00 3.4023856741268243e-06
9.0405929290866013e-04 -1.1400000000000201e-03 0.0000000000000000e+00 0.0000000000000000e+00 3.4137674580394224e+00 3.5249845870635993e-06
9.1991998225793487e-04 -1.1599999999999796e-03 0.0000000000000000e+00 0.0000000000000000e+00 3.4137673373010777e+00 3.6497534025884795e-06
9.3578067160720961e-04 -1.1799999999999335e-03 0.0000000000000000e+00 0.0000000000000000e+00 3.4137672165591004e+00 3.7766921210604979e-06
9.5164136095648435e-04 -1.1999999999998785e-03 0.0000000000000000e+00 0.0000000000000000e+00 3.4137670958207673e+00 3.9058007428387306e-06
9.6750205030575909e-04 -1.2199999999998750e-03 0.0000000000000000e+00 0.0000000000000000e+00 3.4137669750794872e+00 4.0370792682825418e-06
9.8336273965503383e-04 -1.2399999999998740e-03 0.0000000000000000e+00 0.0000000000000000e+00 3.4137668543400812e+00 4.1705276977508135e-06
9.9922342900430868e-04 -1.2599999999998676e-03 0.0000000000000000e+00 0.0000000000000000e+00 3.4137667336000113e+00 4.3061460316026029e-06
1.0150841183535835e-03 -1.2799999999998540e-03 0.0000000000000000e+00 0.0000000000000000e+00 3.4137666128592747e+00 4.4439342701969978e-06
1.0309448077028584e-03 -1.2999999999998408e-03 0.0000000000000000e+00 0.0000000000000000e+00 3.4137664921208302e+00 4.5838924138931248e-06
1.0468054970521332e-03 -1.3199999999998176e-03 0.0000000000000000e+00 0.0000000000000000e+00 3.4137663713792521e+00 4.7260204630500287e-06
1.0626661864014081e-03 -1.3399999999997836e-03 0.0000000000000000e+00 0.0000000000000000e+00 3.4137662506405930e+00 4.8703184180267979e-06
1.0785268757506829e-03 -1.3599999999997611e-03 0.0000000000000000e+00 0.0000000000000000e+00 3.4137661299001207e+00 5.0167862791826363e-06
1.0943875650999578e-03 -1.3799999999997363e-03 0.0000000000000000e+00 0.0000000000000000e+00 3.4137660091598687e+00 5.1654240468765689e-06
1.1102482544492326e-03 -1.3999999999997036e-03 0.0000000000000000e+00 0.0000000000000000e+00 3.4137658884213962e+00 5.3162317214676640e-06
1.1261089437985075e-03 -1.4199999999996780e-03 0.0000000000000000e+00 0.0000000000000000e+00 3.4137657676799966e+00 5.4692093033150891e-06
1.1419696331477823e-03 -1.4399999999996538e-03 0.0000000000000000e+00 0.0000000000000000e+00 3.4137656469412034e+00 5.6243567927779132e-06
1.1578303224970572e-03 -1.4599999999996426e-03 0.0000000000000000e+00 0.0000000000000000e+00 3.4137655262016660e+00 5.7816741902152919e-06
1.1736910118463320e-03 -1.4799999999996357e-03 0.0000000000000000e+00 0.0000000000000000e+00 3.4137654054609499e+00 5.9411614959862747e-06
1.1895517011956068e-03 -1.4999999999996162e-03 0.0000000000000000e+00 0.0000000000000000e+00 3.4137652847224556e+00 6.1028187104498657e-06
1.2054123905448817e-03 -1.5199999999995926e-03 0.0000000000000000e+00 0.0000000000000000e+00 3.4137651639819566e+00 6.2666458339652025e-06
1.2212730798941565e-03 -1.5399999999995623e-03 0.0000000000000000e+00 0.0000000000000000e+00 3.4137650432423263e+00 6.4326428668913644e-06
1.2371337692434314e-03 -1.5599999999995901e-03 0.0000000000000000e+00 0.0000000000000000e+00 3.4137649225036824e+00 6.6008098095878153e-06
1.2529944585927062e-03 -1.5799999999996325e-03 0.0000000000000000e+00 0.0000000000000000e+00 3.4137648017628281e+00 6.7711466624134117e-06
1.2688551479419811e-03 -1.5999999999996744e-03 0.0000000000000000e+00 0.0000000000000000e+00 3.4137646810238160e+00 6.9436534257271600e-06
1.2847158372912559e-03 -1.6199999999997306e-03 0.0000000000000000e+00 0.0000000000000000e+00 3.4137645602849109e+00 7.1183300998882446e-06
1.3005765266405308e-03 -1.6399999999997929e-03 0.0000000000000000e+00 0.0000000000000000e+00 3.4137644395441420e+00 7.2951766852557125e-06
1.3164372159898056e-03 -1.6599999999998461e-03 0.0000000000000000e+00 0.0000000000000000e+00 3.4137643188053977e+00 7.4741931821885686e-06
1.3322979053390805e-03 -1.6799999999999133e-03 0.0000000000000000e+00 0.0000000000000000e+00 3.4137641980663926e+00 7.6553795910460453e-06
1.3481585946883553e-03 -1.6999999999999763e-03 0.0000000000000000e+00 0.0000000000000000e+00 3.4137640773257911e+00 7.8387359121871272e-06
1.3640192840376302e-03 -1.7200000000000301e-03 0.0000000000000000e+00 0.0000000000000000e+00 3.4137639565870863e+00 8.0242621459708766e-06
1.3798799733869050e-03 -1.7400000000000748e-03 0.0000000000000000e+00 0.0000000000000000e+00 3.4137638358482061e+00 8.2119582927563862e-06
1.3957406627361799e-03 -1.7600000000001098e-03 0.0000000000000000e+00 0.0000000000000000e+00 3.4137637151076135e+00 8.4018243529027440e-06
1.4116013520854547e-03 -1.7800000000001569e-03 0.0000000000000000e+00 0.0000000000000000e+00 3.4137635943689095e+00 8.5938603267691867e-06
1.4274620414347296e-03 -1.8000000000002007e-03 0.0000000000000000e+00 0.0000000000000000e+00 3.4137634736302749e+00 8.7880662147147105e-06
1.4433227307840044e-03 -1.8200000000002273e-03 0.0000000000000000e+00 0.0000000000000000e+00 3.4137633528897986e+00 8.9844420170983102e-06
1.4591834201332793e-03 -1.8400000000002611e-03 0.0000000000000000e+00 0.0000000000000000e+00 3.4137632321511444e+00 9.1829877342792496e-06
1.4750441094825541e-03 -1.8600000000002792e-03 0.0000000000000000e+00 0.0000000000000000e+00 3.4137631114125022e+00 9.3837033666164589e-06
1.4909047988318290e-03 -1.8800000000003022e-03 0.0000000000000000e+00 0.0000000000000000e+00 3.4137629906723697e+00 9.5865889144691784e-06
1.5067654881811038e-03 -1.9000000000003177e-03 0.0000000000000000e+00 0.0000000000000000e+00 3.4137628699332736e+00 9.7916443781964162e-06
1.5226261775303786e-03 -1.9200000000003453e-03 0.0000000000000000e+00 0.0000000000000000e+00 3.4137627491948681e+00 9.9988697581574040e-06
1.5384868668796535e-03 -1.9400000000003807e-03 0.0000000000000000e+00 0.0000000000000000e+00 3.4137626284554057e+00 1.0208265054711203e-05
1.5543475562289283e-03 -1.9600000000004202e-03 0.0000000000000000e+00 0.0000000000000000e+00 3.4137625077156737e+00 1.0419830268216888e-05
1.5702082455782032e-03 -1.9800000000004740e-03 0.0000000000000000e+00 0.0000000000000000e+00 3.4137623869775005e+00 1.0633565399033630e-05
1.5860689349274780e-03 -2.0000000000005352e-03 0.0000000000000000e+00 0.0000000000000000e+00 3.4137622662386629e+00 1.0849470447520469e-05
