8.7644715214029378e-06 -2.0000000000000008e-05 0.0000000000000000e+00 0.0000000000000000e+00 4.9470205056694860e+00 3.8255754176203411e-10
1.7528943042805876e-05 -4.0000000000000024e-05 0.0000000000000000e+00 0.0000000000000000e+00 4.9470187061456308e+00 1.5302308712191293e-09
2.6293414564208815e-05 -6.0000000000000002e-05 0.0000000000000000e+00 0.0000000000000000e+00 4.9470169066892185e+00 3.4430210446277703e-09
3.5057886085611758e-05 -7.9999999999999993e-05 0.0000000000000000e+00 0.0000000000000000e+00 4.9470151072810715e+00 6.1209291182444490e-09
4.3822357607014701e-05 -9.9999999999999964e-05 0.0000000000000000e+00 0.0000000000000000e+00 4.9470133079048217e+00 9.5639561483256513e-09
5.2586829128417644e-05 -1.1999999999999995e-04 0.0000000000000000e+00 0.0000000000000000e+00 4.9470115084647084e+00 1.3772103191127868e-08
6.1351300649820594e-05 -1.3999999999999991e-04 0.0000000000000000e+00 0.0000000000000000e+00 4.9470097090472942e+00 1.8745371302907581e-08
7.0115772171223543e-05 -1.5999999999999990e-04 0.0000000000000000e+00 0.0000000000000000e+00 4.9470079096317869e+00 2.4483761539921296e-08
7.8880243692626493e-05 -1.7999999999999982e-04 0.0000000000000000e+00 0.0000000000000000e+00 4.9470061102486822e+00 3.0987274958425469e-08
8.7644715214029443e-05 -1.9999999999999968e-04 0.0000000000000000e+00 0.0000000000000000e+00 4.9470043108906578e+00 3.8255912614676590e-08
9.6409186735432393e-05 -2.1999999999999963e-04 0.0000000000000000e+00 0.0000000000000000e+00 4.9470025115429914e+00 4.6289675564931190e-08
1.0517365825683534e-04 -2.3999999999999952e-04 0.0000000000000000e+00 0.0000000000000000e+00 4.9470007121651776e+00 5.5088564865445694e-08
1.1393812977823829e-04 -2.5999999999999933e-04 0.0000000000000000e+00 0.0000000000000000e+00 4.9469989128512175e+00 6.4652581572476606e-08
1.2270260129964124e-04 -2.7999999999999911e-04 0.0000000000000000e+00 0.0000000000000000e+00 4.9469971135051871e+00 7.4981726742280424e-08
1.3146707282104419e-04 -2.9999999999999900e-04 0.0000000000000000e+00 0.0000000000000000e+00 4.9469953141899001e+00 8.6076001431113684e-08
1.4023154434244714e-04 -3.1999999999999900e-04 0.0000000000000000e+00 0.0000000000000000e+00 4.9469935148989714e+00 9.7935406695232891e-08
1.4899601586385009e-04 -3.3999999999999905e-04 0.0000000000000000e+00 0.0000000000000000e+00 4.9469917156103760e+00 1.1055994359089454e-07
1.5776048738525304e-04 -3.5999999999999899e-04 0.0000000000000000e+00 0.0000000000000000e+00 4.9469899163278583e+00 1.2394961317435503e-07
1.6652495890665599e-04 -3.7999999999999877e-04 0.0000000000000000e+00 0.0000000000000000e+00 4.9469881170554535e+00 1.3810441650187070e-07
1.7528943042805894e-04 -3.9999999999999861e-04 0.0000000000000000e+00 0.0000000000000000e+00 4.9469863177977507e+00 1.5302435462969832e-07
1.8405390194946189e-04 -4.1999999999999828e-04 0.0000000000000000e+00 0.0000000000000000e+00 4.9469845185545651e+00 1.6870942861409414e-07
1.9281837347086484e-04 -4.3999999999999801e-04 0.0000000000000000e+00 0.0000000000000000e+00 4.9469827193251366e+00 1.8515963951131476e-07
2.0158284499226779e-04 -4.5999999999999774e-04 0.0000000000000000e+00 0.0000000000000000e+00 4.9469809201068999e+00 2.0237498837761678e-07
2.1034731651367074e-04 -4.7999999999999757e-04 0.0000000000000000e+00 0.0000000000000000e+00 4.9469791208975238e+00 2.2035547626925663e-07
2.1911178803507369e-04 -4.9999999999999730e-04 0.0000000000000000e+00 0.0000000000000000e+00 4.9469773216971680e+00 2.3910110424249065e-07
2.2787625955647664e-04 -5.1999999999999681e-04 0.0000000000000000e+00 0.0000000000000000e+00 4.9469755225065875e+00 2.5861187335357530e-07
2.3664073107787959e-04 -5.3999999999999632e-04 0.0000000000000000e+00 0.0000000000000000e+00 4.9469737233321593e+00 2.7888778465876710e-07
2.4540520259928254e-04 -5.5999999999999616e-04 0.0000000000000000e+00 0.0000000000000000e+00 4.9469719241795591e+00 2.9992883921432304e-07
2.5416967412068549e-04 -5.7999999999999578e-04 0.0000000000000000e+00 0.0000000000000000e+00 4.9469701250340021e+00 3.2173503807649901e-07
2.6293414564208844e-04 -5.9999999999999561e-04 0.0000000000000000e+00 0.0000000000000000e+00 4.9469683258906665e+00 3.4430638230155188e-07
2.7169861716349139e-04 -6.1999999999999523e-04 0.0000000000000000e+00 0.0000000000000000e+00 4.9469665267628002e+00 3.6764287294573777e-07
2.8046308868489434e-04 -6.3999999999999485e-04 0.0000000000000000e+00 0.0000000000000000e+00 4.9469647276598039e+00 3.9174451106531333e-07
2.8922756020629729e-04 -6.5999999999999425e-04 0.0000000000000000e+00 0.0000000000000000e+00 4.9469629285552932e+00 4.1661129771653478e-07
2.9799203172770024e-04 -6.7999999999999376e-04 0.0000000000000000e+00 0.0000000000000000e+00 4.9469611294606759e+00 4.4224323395565910e-07
3.0675650324910319e-04 -6.9999999999999349e-04 0.0000000000000000e+00 0.0000000000000000e+00 4.9469593303932822e+00 4.6864032083894282e-07
3.1552097477050614e-04 -7.1999999999999354e-04 0.0000000000000000e+00 0.0000000000000000e+00 4.9469575313234175e+00 4.9580255942264260e-07
3.2428544629190908e-04 -7.3999999999999327e-04 0.0000000000000000e+00 0.0000000000000000e+00 4.9469557322682487e+00 5.2372995076301413e-07
3.3304991781331203e-04 -7.5999999999999332e-04 0.0000000000000000e+00 0.0000000000000000e+00 4.9469539332340444e+00 5.5242249591631470e-07
3.4181438933471498e-04 -7.7999999999999316e-04 0.0000000000000000e+00 0.0000000000000000e+00 4.9469521341973701e+00 5.8188019593880022e-07
3.5057886085611793e-04 -7.9999999999999299e-04 0.0000000000000000e+00 0.0000000000000000e+00 4.9469503351880242e+00 6.1210305188672723e-07
3.5934333237752088e-04 -8.1999999999999294e-04 0.0000000000000000e+00 0.0000000000000000e+00 4.9469485361783301e+00 6.4309106481635259e-07
3.6810780389892383e-04 -8.3999999999999299e-04 0.0000000000000000e+00 0.0000000000000000e+00 4.9469467371865266e+00 6.7484423578393263e-07
3.7687227542032678e-04 -8.5999999999999293e-04 0.0000000000000000e+00 0.0000000000000000e+00 4.9469449382066957e+00 7.0736256584572369e-07
3.8563674694172973e-04 -8.7999999999999298e-04 0.0000000000000000e+00 0.0000000000000000e+00 4.9469431392343060e+00 7.4064605605798252e-07
3.9440121846313268e-04 -8.9999999999999325e-04 0.0000000000000000e+00 0.0000000000000000e+00 4.9469413402817262e+00 7.7469470747696567e-07
4.0316568998453563e-04 -9.1999999999999341e-04 0.0000000000000000e+00 0.0000000000000000e+00 4.9469395413314814e+00 8.0950852115892914e-07
4.1193016150593858e-04 -9.3999999999999358e-04 0.0000000000000000e+00 0.0000000000000000e+00 4.9469377424038479e+00 8.4508749816012992e-07
4.2069463302734153e-04 -9.5999999999999330e-04 0.0000000000000000e+00 0.0000000000000000e+00 4.9469359434772429e+00 8.8143163953682337e-07
4.2945910454874448e-04 -9.7999999999999346e-04 0.0000000000000000e+00 0.0000000000000000e+00 4.9469341445734054e+00 9.1854094634526763e-07
4.3822357607014743e-04 -9.9999999999999308e-04 0.0000000000000000e+00 0.0000000000000000e+00 4.9469323456713497e+00 9.5641541964171766e-07
4.4698804759155038e-04 -1.0199999999999925e-03 0.0000000000000000e+00 0.0000000000000000e+00 4.9469305467904432e+00 9.9505506048242999e-07
4.5575251911295333e-04 -1.0399999999999919e-03 0.0000000000000000e+00 0.0000000000000000e+00 4.9469287479139350e+00 1.0344598699236619e-06
4.6451699063435628e-04 -1.0599999999999911e-03 0.0000000000000000e+00 0.0000000000000000e+00 4.9469269490548466e+00 1.0746298490216692e-06
4.7328146215575923e-04 -1.0799999999999905e-03 0.0000000000000000e+00 0.0000000000000000e+00 4.9469251502052867e+00 1.1155649988327095e-06
4.8204593367716218e-04 -1.0999999999999894e-03 0.0000000000000000e+00 0.0000000000000000e+00 4.9469233513666291e+00 1.1572653204130379e-06
4.9081040519856518e-04 -1.1199999999999884e-03 0.0000000000000000e+00 0.0000000000000000e+00 4.9469215525448176e+00 1.1997308148189116e-06
4.9957487671996813e-04 -1.1399999999999869e-03 0.0000000000000000e+00 0.0000000000000000e+00 4.9469197537263945e+00 1.2429614831065863e-06
5.0833934824137108e-04 -1.1599999999999848e-03 0.0000000000000000e+00 0.0000000000000000e+00 4.9469179549302682e+00 1.2869573263323183e-06
5.1710381976277403e-04 -1.1799999999999831e-03 0.0000000000000000e+00 0.0000000000000000e+00 4.9469161561355461e+00 1.3317183455523657e-06
5.2586829128417698e-04 -1.1999999999999817e-03 0.0000000000000000e+00 0.0000000000000000e+00 4.9469143573620480e+00 1.3772445418229849e-06
5.3463276280557993e-04 -1.2199999999999798e-03 0.0000000000000000e+00 0.0000000000000000e+00 4.9469125585952947e+00 1.4235359162004309e-06
5.4339723432698288e-04 -1.2399999999999777e-03 0.0000000000000000e+00 0.0000000000000000e+00 4.9469107598404554e+00 1.4705924697409608e-06
5.5216170584838583e-04 -1.2599999999999755e-03 0.0000000000000000e+00 0.0000000000000000e+00 4.9469089611028272e+00 1.5184142035008314e-06
5.6092617736978878e-04 -1.2799999999999734e-03 0.0000000000000000e+00 0.0000000000000000e+00 4.9469071623681122e+00 1.5670011185362994e-06
5.6969064889119173e-04 -1.2999999999999715e-03 0.0000000000000000e+00 0.0000000000000000e+00 4.9469053636544817e+00 1.6163532159036212e-06
5.7845512041259468e-04 -1.3199999999999701e-03 0.0000000000000000e+00 0.0000000000000000e+00 4.9469035649478208e+00 1.6664704966590545e-06
5.8721959193399763e-04 -1.3399999999999688e-03 0.0000000000000000e+00 0.0000000000000000e+00 4.9469017662522141e+00 1.7173529618588548e-06
5.9598406345540058e-04 -1.3599999999999680e-03 0.0000000000000000e+00 0.0000000000000000e+00 4.9468999675745353e+00 1.7690006125592794e-06
6.0474853497680353e-04 -1.3799999999999674e-03 0.0000000000000000e+00 0.0000000000000000e+00 4.9468981689007236e+00 1.8214134498165843e-06
6.1351300649820648e-04 -1.3999999999999662e-03 0.0000000000000000e+00 0.0000000000000000e+00 4.9468963702447386e+00 1.8745914746870238e-06
6.2227747801960943e-04 -1.4199999999999645e-03 0.0000000000000000e+00 0.0000000000000000e+00 4.9468945716012636e+00 1.9285346882268548e-06
6.3104194954101238e-04 -1.4399999999999621e-03 0.0000000000000000e+00 0.0000000000000000e+00 4.9468927729629799e+00 1.9832430914923341e-06
6.3980642106241533e-04 -1.4599999999999594e-03 0.0000000000000000e+00 0.0000000000000000e+00 4.9468909743444298e+00 2.0387166855397175e-06
6.4857089258381828e-04 -1.4799999999999570e-03 0.0000000000000000e+00 0.0000000000000000e+00 4.9468891757349356e+00 2.0949554714252637e-06
6.5733536410522123e-04 -1.4999999999999541e-03 0.0000000000000000e+00 0.0000000000000000e+00 4.9468873771336410e+00 2.1519594502052276e-06
6.6609983562662418e-04 -1.5199999999999515e-03 0.0000000000000000e+00 0.0000000000000000e+00 4.9468855785512682e+00 2.2097286229358664e-06
6.7486430714802713e-04 -1.5399999999999487e-03 0.0000000000000000e+00 0.0000000000000000e+00 4.9468837799766101e+00 2.2682629906734371e-06
6.8362877866943008e-04 -1.5599999999999464e-03 0.0000000000000000e+00 0.0000000000000000e+00 4.9468819814120666e+00 2.3275625544741969e-06
6.9239325019083303e-04 -1.5799999999999434e-03 0.0000000000000000e+00 0.0000000000000000e+00 4.9468801828654696e+00 2.3876273153943988e-06
7.0115772171223598e-04 -1.5999999999999400e-03 0.0000000000000000e+00 0.0000000000000000e+00 4.9468783843265527e+00 2.4484572744903014e-06
7.0992219323363893e-04 -1.6199999999999370e-03 0.0000000000000000e+00 0.0000000000000000e+00 4.9468765857980594e+00 2.5100524328181620e-06
7.1868666475504188e-04 -1.6399999999999345e-03 0.0000000000000000e+00 0.0000000000000000e+00 4.9468747872871575e+00 2.5724127914342378e-06
7.2745113627644483e-04 -1.6599999999999326e-03 0.0000000000000000e+00 0.0000000000000000e+00 4.9468729887846568e+00 2.6355383513947863e-06
7.3621560779784778e-04 -1.6799999999999307e-03 0.0000000000000000e+00 0.0000000000000000e+00 4.9468711902916684e+00 2.6994291137560616e-06
7.4498007931925072e-04 -1.6999999999999292e-03 0.0000000000000000e+00 0.0000000000000000e+00 4.9468693918163043e+00 2.7640850795743215e-06
7.5374455084065367e-04 -1.7199999999999275e-03 0.0000000000000000e+00 0.0000000000000000e+00 4.9468675933507642e+00 2.8295062499058216e-06
7.6250902236205662e-04 -1.7399999999999259e-03 0.0000000000000000e+00 0.0000000000000000e+00 4.9468657948931130e+00 2.8956926258068174e-06
7.7127349388345957e-04 -1.7599999999999242e-03 0.0000000000000000e+00 0.0000000000000000e+00 4.9468639964528611e+00 2.9626442083335659e-06
7.8003796540486252e-04 -1.7799999999999225e-03 0.0000000000000000e+00 0.0000000000000000e+00 4.9468621980242533e+00 3.0303609985423247e-06
7.8880243692626547e-04 -1.7999999999999210e-03 0.0000000000000000e+00 0.0000000000000000e+00 4.9468603996027483e+00 3.0988429974893495e-06
7.9756690844766842e-04 -1.8199999999999189e-03 0.0000000000000000e+00 0.0000000000000000e+00 4.9468586011968716e+00 3.1680902062308949e-06
8.0633137996907137e-04 -1.8399999999999166e-03 0.0000000000000000e+00 0.0000000000000000e+00 4.9468568028049100e+00 3.2381026258232187e-06
8.1509585149047432e-04 -1.8599999999999134e-03 0.0000000000000000e+00 0.0000000000000000e+00 4.9468550044208595e+00 3.3088802573225748e-06
8.2386032301187727e-04 -1.8799999999999097e-03 0.0000000000000000e+00 0.0000000000000000e+00 4.9468532060487416e+00 3.3804231017852221e-06
8.3262479453328022e-04 -1.8999999999999052e-03 0.0000000000000000e+00 0.0000000000000000e+00 4.9468514076926882e+00 3.4527311602674133e-06
8.4138926605468317e-04 -1.9199999999999010e-03 0.0000000000000000e+00 0.0000000000000000e+00 4.9468496093468790e+00 3.5258044338254112e-06
8.5015373757608612e-04 -1.9399999999998969e-03 0.0000000000000000e+00 0.0000000000000000e+00 4.9468478110092535e+00 3.5996429235154706e-06
8.5891820909748907e-04 -1.9599999999998937e-03 0.0000000000000000e+00 0.0000000000000000e+00 4.9468460126875637e+00 3.6742466303938507e-06
8.6768268061889202e-04 -1.9799999999998916e-03 0.0000000000000000e+00 0.0000000000000000e+00 4.9468442143790066e+00 3.7496155555168081e-06
8.7644715214029497e-04 -1.9999999999998903e-03 0.0000000000000000e+00 0.0000000000000000e+00 4.9468424160789661e+00 3.8257496999406001e-06
