1.3563030616708749e-05 -2.0000000000000022e-05 0.0000000000000000e+00 0.0000000000000000e+00 4.0077787352676362e+00 7.0506672471969508e-10
2.7126061233417497e-05 -4.0000000000000057e-05 0.0000000000000000e+00 0.0000000000000000e+00 4.0077781977911613e+00 2.8202674755005744e-09
4.0689091850126249e-05 -5.9999999999999961e-05 0.0000000000000000e+00 0.0000000000000000e+00 4.0077776600371937e+00 6.3456031172753050e-09
5.4252122466835001e-05 -8.0000000000000007e-05 0.0000000000000000e+00 0.0000000000000000e+00 4.0077771223987710e+00 1.1281074514976614e-08
6.7815153083543753e-05 -1.0000000000000003e-04 0.0000000000000000e+00 0.0000000000000000e+00 4.0077765847475177e+00 1.7626682533537170e-08
8.1378183700252498e-05 -1.1999999999999975e-04 0.0000000000000000e+00 0.0000000000000000e+00 4.0077760470675035e+00 2.5382428037889563e-08
9.4941214316961243e-05 -1.3999999999999945e-04 0.0000000000000000e+00 0.0000000000000000e+00 4.0077755093527463e+00 3.4548311892966541e-08
1.0850424493366999e-04 -1.5999999999999936e-04 0.0000000000000000e+00 0.0000000000000000e+00 4.0077749716940927e+00 4.5124334963700904e-08
1.2206727555037873e-04 -1.7999999999999906e-04 0.0000000000000000e+00 0.0000000000000000e+00 4.0077744340162305e+00 5.7110498115025142e-08
1.3563030616708748e-04 -1.9999999999999855e-04 0.0000000000000000e+00 0.0000000000000000e+00 4.0077738963274001e+00 7.0506802211871918e-08
1.4919333678379621e-04 -2.1999999999999814e-04 0.0000000000000000e+00 0.0000000000000000e+00 4.0077733586384294e+00 8.5313248119174112e-08
1.6275636740050494e-04 -2.3999999999999835e-04 0.0000000000000000e+00 0.0000000000000000e+00 4.0077728209801133e+00 1.0152983670186469e-07
1.7631939801721367e-04 -2.5999999999999813e-04 0.0000000000000000e+00 0.0000000000000000e+00 4.0077722832830762e+00 1.1915656882487576e-07
1.8988242863392241e-04 -2.7999999999999764e-04 0.0000000000000000e+00 0.0000000000000000e+00 4.0077717456211630e+00 1.3819344535314005e-07
2.0344545925063114e-04 -2.9999999999999781e-04 0.0000000000000000e+00 0.0000000000000000e+00 4.0077712079332333e+00 1.5864046715159099e-07
2.1700848986733987e-04 -3.1999999999999862e-04 0.0000000000000000e+00 0.0000000000000000e+00 4.0077706702517375e+00 1.8049763508516125e-07
2.3057152048404860e-04 -3.3999999999999894e-04 0.0000000000000000e+00 0.0000000000000000e+00 4.0077701325824471e+00 2.0376495001878267e-07
2.4413455110075733e-04 -3.5999999999999894e-04 0.0000000000000000e+00 0.0000000000000000e+00 4.0077695949109069e+00 2.2844241281738805e-07
2.5769758171746606e-04 -3.7999999999999823e-04 0.0000000000000000e+00 0.0000000000000000e+00 4.0077690572364926e+00 2.5453002434590965e-07
2.7126061233417479e-04 -3.9999999999999671e-04 0.0000000000000000e+00 0.0000000000000000e+00 4.0077685195614654e+00 2.8202778546927981e-07
2.8482364295088353e-04 -4.1999999999999541e-04 0.0000000000000000e+00 0.0000000000000000e+00 4.0077679818868734e+00 3.1093569705243236e-07
2.9838667356759226e-04 -4.3999999999999324e-04 0.0000000000000000e+00 0.0000000000000000e+00 4.0077674442128348e+00 3.4125375996029866e-07
3.1194970418430099e-04 -4.5999999999999139e-04 0.0000000000000000e+00 0.0000000000000000e+00 4.0077669065391026e+00 3.7298197505781271e-07
3.2551273480100972e-04 -4.7999999999998977e-04 0.0000000000000000e+00 0.0000000000000000e+00 4.0077663688649361e+00 4.0612034320990732e-07
3.3907576541771845e-04 -4.9999999999998776e-04 0.0000000000000000e+00 0.0000000000000000e+00 4.0077658311898530e+00 4.4066886528151415e-07
3.5263879603442718e-04 -5.1999999999998575e-04 0.0000000000000000e+00 0.0000000000000000e+00 4.0077652935148427e+00 4.7662754213756649e-07
3.6620182665113592e-04 -5.3999999999998385e-04 0.0000000000000000e+00 0.0000000000000000e+00 4.0077647558436613e+00 5.1399637464299727e-07
3.7976485726784465e-04 -5.5999999999998174e-04 0.0000000000000000e+00 0.0000000000000000e+00 4.0077642181789948e+00 5.5277536366273861e-07
3.9332788788455338e-04 -5.7999999999997821e-04 0.0000000000000000e+00 0.0000000000000000e+00 4.0077636805120038e+00 5.9296451006172126e-07
4.0689091850126211e-04 -5.9999999999997425e-04 0.0000000000000000e+00 0.0000000000000000e+00 4.0077631428390807e+00 6.3456381470487917e-07
4.2045394911797084e-04 -6.1999999999996997e-04 0.0000000000000000e+00 0.0000000000000000e+00 4.0077626051669313e+00 6.7757327845714541e-07
4.3401697973467957e-04 -6.3999999999996514e-04 0.0000000000000000e+00 0.0000000000000000e+00 4.0077620675049790e+00 7.2199290218345210e-07
4.4758001035138831e-04 -6.5999999999996194e-04 0.0000000000000000e+00 0.0000000000000000e+00 4.0077615298386240e+00 7.6782268674873584e-07
4.6114304096809704e-04 -6.7999999999995820e-04 0.0000000000000000e+00 0.0000000000000000e+00 4.0077609921665118e+00 8.1506263301792514e-07
4.7470607158480577e-04 -6.9999999999995587e-04 0.0000000000000000e+00 0.0000000000000000e+00 4.0077604545042549e+00 8.6371274185595701e-07
4.8826910220151450e-04 -7.1999999999995223e-04 0.0000000000000000e+00 0.0000000000000000e+00 4.0077599168407776e+00 9.1377301412775839e-07
5.0183213281822323e-04 -7.3999999999994795e-04 0.0000000000000000e+00 0.0000000000000000e+00 4.0077593791706496e+00 9.6524345069826342e-07
5.1539516343493191e-04 -7.5999999999994193e-04 0.0000000000000000e+00 0.0000000000000000e+00 4.0077588415123628e+00 1.0181240524324023e-06
5.2895819405164059e-04 -7.7999999999993786e-04 0.0000000000000000e+00 0.0000000000000000e+00 4.0077583038465336e+00 1.0724148201951154e-06
5.4252122466834926e-04 -7.9999999999993531e-04 0.0000000000000000e+00 0.0000000000000000e+00 4.0077577661817365e+00 1.1281157548513346e-06
5.5608425528505794e-04 -8.1999999999993114e-04 0.0000000000000000e+00 0.0000000000000000e+00 4.0077572285239365e+00 1.1852268572659861e-06
5.6964728590176662e-04 -8.3999999999992696e-04 0.0000000000000000e+00 0.0000000000000000e+00 4.0077566908570574e+00 1.2437481283040060e-06
5.8321031651847530e-04 -8.5999999999992408e-04 0.0000000000000000e+00 0.0000000000000000e+00 4.0077561532017638e+00 1.3036795688303298e-06
5.9677334713518397e-04 -8.7999999999992067e-04 0.0000000000000000e+00 0.0000000000000000e+00 4.0077556155368343e+00 1.3650211797098859e-06
6.1033637775189265e-04 -8.9999999999991866e-04 0.0000000000000000e+00 0.0000000000000000e+00 4.0077550778807449e+00 1.4277729618076120e-06
6.2389940836860133e-04 -9.1999999999991470e-04 0.0000000000000000e+00 0.0000000000000000e+00 4.0077545402191515e+00 1.4919349159884326e-06
6.3746243898531001e-04 -9.3999999999991313e-04 0.0000000000000000e+00 0.0000000000000000e+00 4.0077540025620824e+00 1.5575070431172909e-06
6.5102546960201868e-04 -9.5999999999991307e-04 0.0000000000000000e+00 0.0000000000000000e+00 4.0077534649033995e+00 1.6244893440591180e-06
6.6458850021872736e-04 -9.7999999999991106e-04 0.0000000000000000e+00 0.0000000000000000e+00 4.0077529272465595e+00 1.6928818196788369e-06
6.7815153083543604e-04 -9.9999999999990765e-04 0.0000000000000000e+00 0.0000000000000000e+00 4.0077523895896290e+00 1.7626844708413827e-06
6.9171456145214472e-04 -1.0199999999999016e-03 0.0000000000000000e+00 0.0000000000000000e+00 4.0077518519341773e+00 1.8338972984116837e-06
7.0527759206885339e-04 -1.0399999999998982e-03 0.0000000000000000e+00 0.0000000000000000e+00 4.0077513142778933e+00 1.9065203032546869e-06
7.1884062268556207e-04 -1.0599999999998954e-03 0.0000000000000000e+00 0.0000000000000000e+00 4.0077507766247411e+00 1.9805534862353199e-06
7.3240365330227075e-04 -1.0799999999998905e-03 0.0000000000000000e+00 0.0000000000000000e+00 4.0077502389683310e+00 2.0559968482185073e-06
7.4596668391897943e-04 -1.0999999999998843e-03 0.0000000000000000e+00 0.0000000000000000e+00 4.0077497013179455e+00 2.1328503900691841e-06
7.5952971453568810e-04 -1.1199999999998802e-03 0.0000000000000000e+00 0.0000000000000000e+00 4.0077491636611722e+00 2.2111141126522931e-06
7.7309274515239678e-04 -1.1399999999998779e-03 0.0000000000000000e+00 0.0000000000000000e+00 4.0077486260128179e+00 2.2907880168327663e-06
7.8665577576910546e-04 -1.1599999999998751e-03 0.0000000000000000e+00 0.0000000000000000e+00 4.0077480883570145e+00 2.3718721034755288e-06
8.0021880638581414e-04 -1.1799999999998749e-03 0.0000000000000000e+00 0.0000000000000000e+00 4.0077475507095306e+00 2.4543663734455237e-06
8.1378183700252281e-04 -1.1999999999998750e-03 0.0000000000000000e+00 0.0000000000000000e+00 4.0077470130566208e+00 2.5382708276076784e-06
8.2734486761923149e-04 -1.2199999999998779e-03 0.0000000000000000e+00 0.0000000000000000e+00 4.0077464754078633e+00 2.6235854668269301e-06
8.4090789823594017e-04 -1.2399999999998807e-03 0.0000000000000000e+00 0.0000000000000000e+00 4.0077459377598794e+00 2.7103102919682047e-06
8.5447092885264884e-04 -1.2599999999998853e-03 0.0000000000000000e+00 0.0000000000000000e+00 4.0077454001084938e+00 2.7984453038964415e-06
8.6803395946935752e-04 -1.2799999999998882e-03 0.0000000000000000e+00 0.0000000000000000e+00 4.0077448624639160e+00 2.8879905034765607e-06
8.8159699008606620e-04 -1.2999999999998898e-03 0.0000000000000000e+00 0.0000000000000000e+00 4.0077443248132569e+00 2.9789458915734956e-06
8.9516002070277488e-04 -1.3199999999998888e-03 0.0000000000000000e+00 0.0000000000000000e+00 4.0077437871685495e+00 3.0713114690521744e-06
9.0872305131948355e-04 -1.3399999999998910e-03 0.0000000000000000e+00 0.0000000000000000e+00 4.0077432495229797e+00 3.1650872367775515e-06
9.2228608193619223e-04 -1.3599999999998945e-03 0.0000000000000000e+00 0.0000000000000000e+00 4.0077427118750277e+00 3.2602731956145531e-06
9.3584911255290091e-04 -1.3799999999998980e-03 0.0000000000000000e+00 0.0000000000000000e+00 4.0077421742332628e+00 3.3568693464281044e-06
9.4941214316960959e-04 -1.3999999999998998e-03 0.0000000000000000e+00 0.0000000000000000e+00 4.0077416365865259e+00 3.4548756900831357e-06
9.6297517378631826e-04 -1.4199999999999025e-03 0.0000000000000000e+00 0.0000000000000000e+00 4.0077410989435283e+00 3.5542922274445850e-06
9.7653820440302694e-04 -1.4399999999999025e-03 0.0000000000000000e+00 0.0000000000000000e+00 4.0077405613025547e+00 3.6551189593773758e-06
9.9010123501973562e-04 -1.4599999999999006e-03 0.0000000000000000e+00 0.0000000000000000e+00 4.0077400236569032e+00 3.7573558867464402e-06
1.0036642656364443e-03 -1.4799999999998948e-03 0.0000000000000000e+00 0.0000000000000000e+00 4.0077394860173525e+00 3.8610030104167043e-06
1.0172272962531530e-03 -1.4999999999998868e-03 0.0000000000000000e+00 0.0000000000000000e+00 4.0077389483766863e+00 3.9660603312531055e-06
1.0307903268698617e-03 -1.5199999999998780e-03 0.0000000000000000e+00 0.0000000000000000e+00 4.0077384107336060e+00 4.0725278501205815e-06
1.0443533574865703e-03 -1.5399999999998666e-03 0.0000000000000000e+00 0.0000000000000000e+00 4.0077378730962891e+00 4.1804055678840612e-06
1.0579163881032790e-03 -1.5599999999998525e-03 0.0000000000000000e+00 0.0000000000000000e+00 4.0077373354563717e+00 4.2896934854084746e-06
1.0714794187199877e-03 -1.5799999999998415e-03 0.0000000000000000e+00 0.0000000000000000e+00 4.0077367978160279e+00 4.4003916035587753e-06
1.0850424493366964e-03 -1.5999999999998292e-03 0.0000000000000000e+00 0.0000000000000000e+00 4.0077362601804900e+00 4.5124999231998814e-06
1.0986054799534050e-03 -1.6199999999998171e-03 0.0000000000000000e+00 0.0000000000000000e+00 4.0077357225420442e+00 4.6260184451967295e-06
1.1121685105701137e-03 -1.6399999999998011e-03 0.0000000000000000e+00 0.0000000000000000e+00 4.0077351849039236e+00 4.7409471704142360e-06
1.1257315411868224e-03 -1.6599999999997875e-03 0.0000000000000000e+00 0.0000000000000000e+00 4.0077346472701123e+00 4.8572860997173621e-06
1.1392945718035311e-03 -1.6799999999997735e-03 0.0000000000000000e+00 0.0000000000000000e+00 4.0077341096336312e+00 4.9750352339710233e-06
1.1528576024202397e-03 -1.6999999999997579e-03 0.0000000000000000e+00 0.0000000000000000e+00 4.0077335719972593e+00 5.0941945740401539e-06
1.1664206330369484e-03 -1.7199999999997402e-03 0.0000000000000000e+00 0.0000000000000000e+00 4.0077330343651703e+00 5.2147641207896785e-06
1.1799836636536571e-03 -1.7399999999997259e-03 0.0000000000000000e+00 0.0000000000000000e+00 4.0077324967311085e+00 5.3367438750845560e-06
1.1935466942703658e-03 -1.7599999999997125e-03 0.0000000000000000e+00 0.0000000000000000e+00 4.0077319590961267e+00 5.4601338377897103e-06
1.2071097248870745e-03 -1.7799999999997039e-03 0.0000000000000000e+00 0.0000000000000000e+00 4.0077314214656443e+00 5.5849340097700882e-06
1.2206727555037831e-03 -1.7999999999996977e-03 0.0000000000000000e+00 0.0000000000000000e+00 4.0077308838343058e+00 5.7111443918906171e-06
1.2342357861204918e-03 -1.8199999999996893e-03 0.0000000000000000e+00 0.0000000000000000e+00 4.0077303462007157e+00 5.8387649850162031e-06
1.2477988167372005e-03 -1.8399999999996776e-03 0.0000000000000000e+00 0.0000000000000000e+00 4.0077298085714652e+00 5.9677957900117772e-06
1.2613618473539092e-03 -1.8599999999996651e-03 0.0000000000000000e+00 0.0000000000000000e+00 4.0077292709427619e+00 6.0982368077422809e-06
1.2749248779706178e-03 -1.8799999999996565e-03 0.0000000000000000e+00 0.0000000000000000e+00 4.0077287333113043e+00 6.2300880390726722e-06
1.2884879085873265e-03 -1.8999999999996500e-03 0.0000000000000000e+00 0.0000000000000000e+00 4.0077281956827324e+00 6.3633494848678751e-06
1.3020509392040352e-03 -1.9199999999996412e-03 0.0000000000000000e+00 0.0000000000000000e+00 4.0077276580564032e+00 6.4980211459927965e-06
1.3156139698207439e-03 -1.9399999999996295e-03 0.0000000000000000e+00 0.0000000000000000e+00 4.0077271204280427e+00 6.6341030233123707e-06
1.3291770004374526e-03 -1.9599999999996179e-03 0.0000000000000000e+00 0.0000000000000000e+00 4.0077265827997799e+00 6.7715951176915436e-06
1.3427400310541612e-03 -1.9799999999996036e-03 0.0000000000000000e+00 0.0000000000000000e+00 4.0077260451751657e+00 6.9104974299952316e-06
1.3563030616708699e-03 -1.9999999999995859e-03 0.0000000000000000e+00 0.0000000000000000e+00 4.0077255075503118e+00 7.0508099610883662e-06
