1.3563030616708749e-05 -1.9999999999999978e-05 0.0000000000000000e+00 0.0000000000000000e+00 4.0077780597129307e+00 7.0506690583807633e-10
2.7126061233417497e-05 -4.0000000000000030e-05 0.0000000000000000e+00 0.0000000000000000e+00 4.0077768466842922e+00 2.8202689244476393e-09
4.0689091850126249e-05 -6.0000000000000110e-05 0.0000000000000000e+00 0.0000000000000000e+00 4.0077756333807004e+00 6.3456080074716844e-09
5.4252122466835001e-05 -7.9999999999999993e-05 0.0000000000000000e+00 0.0000000000000000e+00 4.0077744201951946e+00 1.1281086106553159e-08
6.7815153083543753e-05 -9.9999999999999964e-05 0.0000000000000000e+00 0.0000000000000000e+00 4.0077732069994028e+00 1.7626705173335093e-08
8.1378183700252498e-05 -1.2000000000000021e-04 0.0000000000000000e+00 0.0000000000000000e+00 4.0077719937773848e+00 2.5382467159460558e-08
9.4941214316961243e-05 -1.4000000000000039e-04 0.0000000000000000e+00 0.0000000000000000e+00 4.0077707805231677e+00 3.4548374016572464e-08
1.0850424493366999e-04 -1.6000000000000026e-04 0.0000000000000000e+00 0.0000000000000000e+00 4.0077695673275935e+00 4.5124427696313673e-08
1.2206727555037873e-04 -1.8000000000000034e-04 0.0000000000000000e+00 0.0000000000000000e+00 4.0077683541153508e+00 5.7110630150327366e-08
1.3563030616708748e-04 -2.0000000000000033e-04 0.0000000000000000e+00 0.0000000000000000e+00 4.0077671408946820e+00 7.0506983330256454e-08
1.4919333678379621e-04 -2.2000000000000003e-04 0.0000000000000000e+00 0.0000000000000000e+00 4.0077659276764166e+00 8.5313489187743732e-08
1.6275636740050494e-04 -2.4000000000000025e-04 0.0000000000000000e+00 0.0000000000000000e+00 4.0077647144913415e+00 1.0153014967443269e-07
1.7631939801721367e-04 -2.6000000000000063e-04 0.0000000000000000e+00 0.0000000000000000e+00 4.0077635012700856e+00 1.1915696674196619e-07
1.8988242863392241e-04 -2.8000000000000171e-04 0.0000000000000000e+00 0.0000000000000000e+00 4.0077622880864965e+00 1.3819394234198759e-07
2.0344545925063114e-04 -3.0000000000000220e-04 0.0000000000000000e+00 0.0000000000000000e+00 4.0077610748794354e+00 1.5864107842613898e-07
2.1700848986733987e-04 -3.2000000000000350e-04 0.0000000000000000e+00 0.0000000000000000e+00 4.0077598616813388e+00 1.8049837694606449e-07
2.3057152048404860e-04 -3.4000000000000463e-04 0.0000000000000000e+00 0.0000000000000000e+00 4.0077586484979921e+00 2.0376583985340629e-07
2.4413455110075733e-04 -3.6000000000000501e-04 0.0000000000000000e+00 0.0000000000000000e+00 4.0077574353149377e+00 2.2844346909980683e-07
2.5769758171746606e-04 -3.8000000000000441e-04 0.0000000000000000e+00 0.0000000000000000e+00 4.0077562221315493e+00 2.5453126663690872e-07
2.7126061233417479e-04 -4.0000000000000333e-04 0.0000000000000000e+00 0.0000000000000000e+00 4.0077550089500882e+00 2.8202923441635531e-07
2.8482364295088353e-04 -4.2000000000000202e-04 0.0000000000000000e+00 0.0000000000000000e+00 4.0077537957716025e+00 3.1093737438978985e-07
2.9838667356759226e-04 -4.4000000000000121e-04 0.0000000000000000e+00 0.0000000000000000e+00 4.0077525825962086e+00 3.4125568850885616e-07
3.1194970418430099e-04 -4.6000000000000045e-04 0.0000000000000000e+00 0.0000000000000000e+00 4.0077513694236622e+00 3.7298417872519669e-07
3.2551273480100972e-04 -4.7999999999999996e-04 0.0000000000000000e+00 0.0000000000000000e+00 4.0077501562532207e+00 4.0612284699045478e-07
3.3907576541771845e-04 -5.0000000000000001e-04 0.0000000000000000e+00 0.0000000000000000e+00 4.0077489430844038e+00 4.4067169525627368e-07
3.5263879603442718e-04 -5.1999999999999909e-04 0.0000000000000000e+00 0.0000000000000000e+00 4.0077477299182007e+00 4.7663072547429460e-07
3.6620182665113592e-04 -5.3999999999999957e-04 0.0000000000000000e+00 0.0000000000000000e+00 4.0077465167583686e+00 5.1399993959616356e-07
3.7976485726784465e-04 -5.6000000000000017e-04 0.0000000000000000e+00 0.0000000000000000e+00 4.0077453036075905e+00 5.5277933957352224e-07
3.9332788788455338e-04 -5.8000000000000033e-04 0.0000000000000000e+00 0.0000000000000000e+00 4.0077440904570221e+00 5.9296892735801215e-07
4.0689091850126211e-04 -6.0000000000000147e-04 0.0000000000000000e+00 0.0000000000000000e+00 4.0077428773030634e+00 6.3456870490127906e-07
4.2045394911797084e-04 -6.2000000000000141e-04 0.0000000000000000e+00 0.0000000000000000e+00 4.0077416641524239e+00 6.7757867415496237e-07
4.3401697973467957e-04 -6.3999999999999994e-04 0.0000000000000000e+00 0.0000000000000000e+00 4.0077404510145209e+00 7.2199883707070443e-07
4.4758001035138831e-04 -6.5999999999999859e-04 0.0000000000000000e+00 0.0000000000000000e+00 4.0077392378747474e+00 7.6782919560015038e-07
4.6114304096809704e-04 -6.7999999999999560e-04 0.0000000000000000e+00 0.0000000000000000e+00 4.0077380247317622e+00 8.1506975169494088e-07
4.7470607158480577e-04 -6.9999999999999186e-04 0.0000000000000000e+00 0.0000000000000000e+00 4.0077368116011769e+00 8.6372050730671957e-07
4.8826910220151450e-04 -7.1999999999998649e-04 0.0000000000000000e+00 0.0000000000000000e+00 4.0077355984718999e+00 9.1378146438712776e-07
5.0183213281822323e-04 -7.3999999999998232e-04 0.0000000000000000e+00 0.0000000000000000e+00 4.0077343853385186e+00 9.6525262488781396e-07
5.1539516343493191e-04 -7.5999999999997651e-04 0.0000000000000000e+00 0.0000000000000000e+00 4.0077331722195213e+00 1.0181339907604152e-06
5.2895819405164059e-04 -7.7999999999997060e-04 0.0000000000000000e+00 0.0000000000000000e+00 4.0077319590955129e+00 1.0724255639565782e-06
5.4252122466834926e-04 -7.9999999999996675e-04 0.0000000000000000e+00 0.0000000000000000e+00 4.0077307459750857e+00 1.1281273464279500e-06
5.5608425528505794e-04 -8.1999999999996475e-04 0.0000000000000000e+00 0.0000000000000000e+00 4.0077295328641851e+00 1.1852393401261735e-06
5.6964728590176662e-04 -8.3999999999996361e-04 0.0000000000000000e+00 0.0000000000000000e+00 4.0077283197467528e+00 1.2437615470028897e-06
5.8321031651847530e-04 -8.5999999999996127e-04 0.0000000000000000e+00 0.0000000000000000e+00 4.0077271066434443e+00 1.3036939690097370e-06
5.9677334713518397e-04 -8.7999999999996024e-04 0.0000000000000000e+00 0.0000000000000000e+00 4.0077258935330349e+00 1.3650366080983643e-06
6.1033637775189265e-04 -8.9999999999995769e-04 0.0000000000000000e+00 0.0000000000000000e+00 4.0077246804340154e+00 1.4277894662204079e-06
6.2389940836860133e-04 -9.1999999999995633e-04 0.0000000000000000e+00 0.0000000000000000e+00 4.0077234673320170e+00 1.4919525453275176e-06
6.3746243898531001e-04 -9.3999999999995595e-04 0.0000000000000000e+00 0.0000000000000000e+00 4.0077222542370983e+00 1.5575258473713352e-06
6.5102546960201868e-04 -9.5999999999995481e-04 0.0000000000000000e+00 0.0000000000000000e+00 4.0077210411430899e+00 1.6245093743034997e-06
6.6458850021872736e-04 -9.7999999999995183e-04 0.0000000000000000e+00 0.0000000000000000e+00 4.0077198280534780e+00 1.6929031280756513e-06
6.7815153083543604e-04 -9.9999999999995058e-04 0.0000000000000000e+00 0.0000000000000000e+00 4.0077186149663007e+00 1.7627071106394426e-06
6.9171456145214472e-04 -1.0199999999999489e-03 0.0000000000000000e+00 0.0000000000000000e+00 4.0077174018831565e+00 1.8339213239465105e-06
7.0527759206885339e-04 -1.0399999999999498e-03 0.0000000000000000e+00 0.0000000000000000e+00 4.0077161888017052e+00 1.9065457699485062e-06
7.1884062268556207e-04 -1.0599999999999512e-03 0.0000000000000000e+00 0.0000000000000000e+00 4.0077149757259374e+00 1.9805804505970673e-06
7.3240365330227075e-04 -1.0799999999999540e-03 0.0000000000000000e+00 0.0000000000000000e+00 4.0077137626494386e+00 2.0560253678438402e-06
7.4596668391897943e-04 -1.0999999999999552e-03 0.0000000000000000e+00 0.0000000000000000e+00 4.0077125495815142e+00 2.1328805236404578e-06
7.5952971453568810e-04 -1.1199999999999591e-03 0.0000000000000000e+00 0.0000000000000000e+00 4.0077113365097334e+00 2.2111459199385770e-06
7.7309274515239678e-04 -1.1399999999999642e-03 0.0000000000000000e+00 0.0000000000000000e+00 4.0077101234489163e+00 2.2908215586898361e-06
7.8665577576910546e-04 -1.1599999999999703e-03 0.0000000000000000e+00 0.0000000000000000e+00 4.0077089103831876e+00 2.3719074418458779e-06
8.0021880638581414e-04 -1.1799999999999777e-03 0.0000000000000000e+00 0.0000000000000000e+00 4.0077076973283159e+00 2.4544035713583467e-06
8.1378183700252281e-04 -1.1999999999999821e-03 0.0000000000000000e+00 0.0000000000000000e+00 4.0077064842705656e+00 2.5383099491788704e-06
8.2734486761923149e-04 -1.2199999999999872e-03 0.0000000000000000e+00 0.0000000000000000e+00 4.0077052712194927e+00 2.6236265772591060e-06
8.4090789823594017e-04 -1.2399999999999935e-03 0.0000000000000000e+00 0.0000000000000000e+00 4.0077040581717469e+00 2.7103534575506963e-06
8.5447092885264884e-04 -1.2600000000000014e-03 0.0000000000000000e+00 0.0000000000000000e+00 4.0077028451231262e+00 2.7984905920052873e-06
8.6803395946935752e-04 -1.2800000000000062e-03 0.0000000000000000e+00 0.0000000000000000e+00 4.0077016320838590e+00 2.8880379825745052e-06
8.8159699008606620e-04 -1.3000000000000123e-03 0.0000000000000000e+00 0.0000000000000000e+00 4.0077004190410506e+00 2.9789956312100063e-06
8.9516002070277488e-04 -1.3200000000000171e-03 0.0000000000000000e+00 0.0000000000000000e+00 4.0076992060067251e+00 3.0713635398634280e-06
9.0872305131948355e-04 -1.3400000000000235e-03 0.0000000000000000e+00 0.0000000000000000e+00 4.0076979929740890e+00 3.1651417104864221e-06
9.2228608193619223e-04 -1.3600000000000302e-03 0.0000000000000000e+00 0.0000000000000000e+00 4.0076967799415968e+00 3.2603301450306257e-06
9.3584911255290091e-04 -1.3800000000000351e-03 0.0000000000000000e+00 0.0000000000000000e+00 4.0076955669178371e+00 3.3569288454476759e-06
9.4941214316960959e-04 -1.4000000000000373e-03 0.0000000000000000e+00 0.0000000000000000e+00 4.0076943538916474e+00 3.4549378136892112e-06
9.6297517378631826e-04 -1.4200000000000410e-03 0.0000000000000000e+00 0.0000000000000000e+00 4.0076931408717238e+00 3.5543570517068909e-06
9.7653820440302694e-04 -1.4400000000000478e-03 0.0000000000000000e+00 0.0000000000000000e+00 4.0076919278563743e+00 3.6551865614523622e-06
9.9010123501973562e-04 -1.4600000000000559e-03 0.0000000000000000e+00 0.0000000000000000e+00 4.0076907148388825e+00 3.7574263448772641e-06
1.0036642656364443e-03 -1.4800000000000616e-03 0.0000000000000000e+00 0.0000000000000000e+00 4.0076895018300256e+00 3.8610764039332247e-06
1.0172272962531530e-03 -1.5000000000000694e-03 0.0000000000000000e+00 0.0000000000000000e+00 4.0076882888226013e+00 3.9661367405719030e-06
1.0307903268698617e-03 -1.5200000000000788e-03 0.0000000000000000e+00 0.0000000000000000e+00 4.0076870758152916e+00 4.0726073567449424e-06
1.0443533574865703e-03 -1.5400000000000899e-03 0.0000000000000000e+00 0.0000000000000000e+00 4.0076858628162872e+00 4.1804882544039839e-06
1.0579163881032790e-03 -1.5600000000001017e-03 0.0000000000000000e+00 0.0000000000000000e+00 4.0076846498172287e+00 4.2897794355006694e-06
1.0714794187199877e-03 -1.5800000000001100e-03 0.0000000000000000e+00 0.0000000000000000e+00 4.0076834368202698e+00 4.4004809019866228e-06
1.0850424493366964e-03 -1.6000000000001189e-03 0.0000000000000000e+00 0.0000000000000000e+00 4.0076822238306606e+00 4.5125926558135056e-06
1.0986054799534050e-03 -1.6200000000001291e-03 0.0000000000000000e+00 0.0000000000000000e+00 4.0076810108406882e+00 4.6261146989329613e-06
1.1121685105701137e-03 -1.6400000000001361e-03 0.0000000000000000e+00 0.0000000000000000e+00 4.0076797978535676e+00 4.7410470332966147e-06
1.1257315411868224e-03 -1.6600000000001470e-03 0.0000000000000000e+00 0.0000000000000000e+00 4.0076785848733012e+00 4.8573896608561399e-06
1.1392945718035311e-03 -1.6800000000001590e-03 0.0000000000000000e+00 0.0000000000000000e+00 4.0076773718929095e+00 4.9751425835631693e-06
1.1528576024202397e-03 -1.7000000000001753e-03 0.0000000000000000e+00 0.0000000000000000e+00 4.0076761589151522e+00 5.0943058033693577e-06
1.1664206330369484e-03 -1.7200000000001929e-03 0.0000000000000000e+00 0.0000000000000000e+00 4.0076749459442231e+00 5.2148793222263365e-06
1.1799836636536571e-03 -1.7400000000002149e-03 0.0000000000000000e+00 0.0000000000000000e+00 4.0076737329738652e+00 5.3368631420857638e-06
1.1935466942703658e-03 -1.7600000000002349e-03 0.0000000000000000e+00 0.0000000000000000e+00 4.0076725200051158e+00 5.4602572648992526e-06
1.2071097248870745e-03 -1.7800000000002508e-03 0.0000000000000000e+00 0.0000000000000000e+00 4.0076713070434069e+00 5.5850616926184362e-06
1.2206727555037831e-03 -1.8000000000002625e-03 0.0000000000000000e+00 0.0000000000000000e+00 4.0076700940833874e+00 5.7112764271949556e-06
1.2342357861204918e-03 -1.8200000000002786e-03 0.0000000000000000e+00 0.0000000000000000e+00 4.0076688811236458e+00 5.8389014705804943e-06
1.2477988167372005e-03 -1.8400000000002900e-03 0.0000000000000000e+00 0.0000000000000000e+00 4.0076676681707806e+00 5.9679368247266524e-06
1.2613618473539092e-03 -1.8600000000003028e-03 0.0000000000000000e+00 0.0000000000000000e+00 4.0076664552210080e+00 6.0983824915851033e-06
1.2749248779706178e-03 -1.8800000000003122e-03 0.0000000000000000e+00 0.0000000000000000e+00 4.0076652422710213e+00 6.2302384731074650e-06
1.2884879085873265e-03 -1.9000000000003211e-03 0.0000000000000000e+00 0.0000000000000000e+00 4.0076640293264472e+00 6.3635047712453928e-06
1.3020509392040352e-03 -1.9200000000003290e-03 0.0000000000000000e+00 0.0000000000000000e+00 4.0076628163866612e+00 6.4981813879505313e-06
1.3156139698207439e-03 -1.9400000000003390e-03 0.0000000000000000e+00 0.0000000000000000e+00 4.0076616034473878e+00 6.6342683251745357e-06
1.3291770004374526e-03 -1.9600000000003495e-03 0.0000000000000000e+00 0.0000000000000000e+00 4.0076603905107371e+00 6.7717655848690429e-06
1.3427400310541612e-03 -1.9800000000003625e-03 0.0000000000000000e+00 0.0000000000000000e+00 4.0076591775802779e+00 6.9106731689857065e-06
1.3563030616708699e-03 -2.0000000000003769e-03 0.0000000000000000e+00 0.0000000000000000e+00 4.0076579646521218e+00 7.0509910794761624e-06
