1.3563030616708749e-05 -1.9999999999999985e-05 0.0000000000000000e+00 0.0000000000000000e+00 4.0077778908244062e+00 7.0506695111767237e-10
2.7126061233417497e-05 -3.9999999999999990e-05 0.0000000000000000e+00 0.0000000000000000e+00 4.0077765089081883e+00 2.8202692866844026e-09
4.0689091850126249e-05 -5.9999999999999920e-05 0.0000000000000000e+00 0.0000000000000000e+00 4.0077751267179567e+00 6.3456092300207433e-09
5.4252122466835001e-05 -8.0000000000000007e-05 0.0000000000000000e+00 0.0000000000000000e+00 4.0077737446467507e+00 1.1281089004447299e-08
6.7815153083543753e-05 -1.0000000000000028e-04 0.0000000000000000e+00 0.0000000000000000e+00 4.0077723625662030e+00 1.7626710833284666e-08
8.1378183700252498e-05 -1.2000000000000037e-04 0.0000000000000000e+00 0.0000000000000000e+00 4.0077709804603696e+00 2.5382476939853327e-08
9.4941214316961243e-05 -1.4000000000000075e-04 0.0000000000000000e+00 0.0000000000000000e+00 4.0077695983232777e+00 3.4548389547473983e-08
1.0850424493366999e-04 -1.6000000000000121e-04 0.0000000000000000e+00 0.0000000000000000e+00 4.0077682162457711e+00 4.5124450879467168e-08
1.2206727555037873e-04 -1.8000000000000164e-04 0.0000000000000000e+00 0.0000000000000000e+00 4.0077668341525374e+00 5.7110663159153397e-08
1.3563030616708748e-04 -2.0000000000000237e-04 0.0000000000000000e+00 0.0000000000000000e+00 4.0077654520518182e+00 7.0507028609853432e-08
1.4919333678379621e-04 -2.2000000000000350e-04 0.0000000000000000e+00 0.0000000000000000e+00 4.0077640699544448e+00 8.5313549454887924e-08
1.6275636740050494e-04 -2.4000000000000505e-04 0.0000000000000000e+00 0.0000000000000000e+00 4.0077626878912032e+00 1.0153022791757746e-07
1.7631939801721367e-04 -2.6000000000000621e-04 0.0000000000000000e+00 0.0000000000000000e+00 4.0077613057927222e+00 1.1915706622124224e-07
1.8988242863392241e-04 -2.8000000000000784e-04 0.0000000000000000e+00 0.0000000000000000e+00 4.0077599237328476e+00 1.3819406658920332e-07
2.0344545925063114e-04 -3.0000000000000995e-04 0.0000000000000000e+00 0.0000000000000000e+00 4.0077585416504444e+00 1.5864123124478139e-07
2.1700848986733987e-04 -3.2000000000001217e-04 0.0000000000000000e+00 0.0000000000000000e+00 4.0077571595779462e+00 1.8049856241129668e-07
2.3057152048404860e-04 -3.4000000000001374e-04 0.0000000000000000e+00 0.0000000000000000e+00 4.0077557775211385e+00 2.0376606231206916e-07
2.4413455110075733e-04 -3.6000000000001450e-04 0.0000000000000000e+00 0.0000000000000000e+00 4.0077543954655654e+00 2.2844373317041926e-07
2.5769758171746606e-04 -3.8000000000001596e-04 0.0000000000000000e+00 0.0000000000000000e+00 4.0077530134105990e+00 2.5453157720966871e-07
2.7126061233417479e-04 -4.0000000000001682e-04 0.0000000000000000e+00 0.0000000000000000e+00 4.0077516313585013e+00 2.8202959665313695e-07
2.8482364295088353e-04 -4.2000000000001834e-04 0.0000000000000000e+00 0.0000000000000000e+00 4.0077502493103205e+00 3.1093779372414577e-07
2.9838667356759226e-04 -4.4000000000002051e-04 0.0000000000000000e+00 0.0000000000000000e+00 4.0077488672661730e+00 3.4125617064601599e-07
3.1194970418430099e-04 -4.6000000000002240e-04 0.0000000000000000e+00 0.0000000000000000e+00 4.0077474852258144e+00 3.7298472964206691e-07
3.2551273480100972e-04 -4.8000000000002403e-04 0.0000000000000000e+00 0.0000000000000000e+00 4.0077461031885013e+00 4.0612347293561929e-07
3.3907576541771845e-04 -5.0000000000002549e-04 0.0000000000000000e+00 0.0000000000000000e+00 4.0077447211537534e+00 4.4067240274999359e-07
3.5263879603442718e-04 -5.2000000000002641e-04 0.0000000000000000e+00 0.0000000000000000e+00 4.0077433391225616e+00 4.7663152130851006e-07
3.6620182665113592e-04 -5.4000000000002776e-04 0.0000000000000000e+00 0.0000000000000000e+00 4.0077419570986832e+00 5.1400083083449031e-07
3.7976485726784465e-04 -5.6000000000003053e-04 0.0000000000000000e+00 0.0000000000000000e+00 4.0077405750847985e+00 5.5278033355125671e-07
3.9332788788455338e-04 -5.8000000000003329e-04 0.0000000000000000e+00 0.0000000000000000e+00 4.0077391930720632e+00 5.9297003168212760e-07
4.0689091850126211e-04 -6.0000000000003475e-04 0.0000000000000000e+00 0.0000000000000000e+00 4.0077378110568800e+00 6.3456992745042163e-07
4.2045394911797084e-04 -6.2000000000003708e-04 0.0000000000000000e+00 0.0000000000000000e+00 4.0077364290459565e+00 6.7758002307946274e-07
4.3401697973467957e-04 -6.4000000000004017e-04 0.0000000000000000e+00 0.0000000000000000e+00 4.0077350470487128e+00 7.2200032079257130e-07
4.4758001035138831e-04 -6.6000000000004391e-04 0.0000000000000000e+00 0.0000000000000000e+00 4.0077336650505364e+00 7.6783082281306817e-07
4.6114304096809704e-04 -6.8000000000004602e-04 0.0000000000000000e+00 0.0000000000000000e+00 4.0077322830500917e+00 8.1507153136426938e-07
4.7470607158480577e-04 -7.0000000000004694e-04 0.0000000000000000e+00 0.0000000000000000e+00 4.0077309010629873e+00 8.6372244866949664e-07
4.8826910220151450e-04 -7.2000000000004851e-04 0.0000000000000000e+00 0.0000000000000000e+00 4.0077295190781301e+00 9.1378357695207326e-07
5.0183213281822323e-04 -7.4000000000004975e-04 0.0000000000000000e+00 0.0000000000000000e+00 4.0077281370901128e+00 9.6525491843531823e-07
5.1539516343493191e-04 -7.6000000000005241e-04 0.0000000000000000e+00 0.0000000000000000e+00 4.0077267551174192e+00 1.0181364753425555e-06
5.2895819405164059e-04 -7.8000000000005387e-04 0.0000000000000000e+00 0.0000000000000000e+00 4.0077253731406541e+00 1.0724282498971008e-06
5.4252122466834926e-04 -8.0000000000005739e-04 0.0000000000000000e+00 0.0000000000000000e+00 4.0077239911684153e+00 1.1281302443222811e-06
5.5608425528505794e-04 -8.2000000000006222e-04 0.0000000000000000e+00 0.0000000000000000e+00 4.0077226092066400e+00 1.1852424608414158e-06
5.6964728590176662e-04 -8.4000000000006845e-04 0.0000000000000000e+00 0.0000000000000000e+00 4.0077212272392746e+00 1.2437649016778257e-06
5.8321031651847530e-04 -8.6000000000007631e-04 0.0000000000000000e+00 0.0000000000000000e+00 4.0077198452869744e+00 1.3036975690548325e-06
5.9677334713518397e-04 -8.8000000000008319e-04 0.0000000000000000e+00 0.0000000000000000e+00 4.0077184633285148e+00 1.3650404651957504e-06
6.1033637775189265e-04 -9.0000000000008834e-04 0.0000000000000000e+00 0.0000000000000000e+00 4.0077170813823866e+00 1.4277935923238984e-06
6.2389940836860133e-04 -9.2000000000009186e-04 0.0000000000000000e+00 0.0000000000000000e+00 4.0077156994342182e+00 1.4919569526625966e-06
6.3746243898531001e-04 -9.4000000000009332e-04 0.0000000000000000e+00 0.0000000000000000e+00 4.0077143174940737e+00 1.5575305484351648e-06
6.5102546960201868e-04 -9.6000000000009511e-04 0.0000000000000000e+00 0.0000000000000000e+00 4.0077129355557766e+00 1.6245143818649291e-06
6.6458850021872736e-04 -9.8000000000009885e-04 0.0000000000000000e+00 0.0000000000000000e+00 4.0077115536228201e+00 1.6929084551752143e-06
6.7815153083543604e-04 -1.0000000000001043e-03 0.0000000000000000e+00 0.0000000000000000e+00 4.0077101716932351e+00 1.7627127705893406e-06
6.9171456145214472e-04 -1.0200000000001113e-03 0.0000000000000000e+00 0.0000000000000000e+00 4.0077087897686283e+00 1.8339273303306285e-06
7.0527759206885339e-04 -1.0400000000001203e-03 0.0000000000000000e+00 0.0000000000000000e+00 4.0077074078466515e+00 1.9065521366223997e-06
7.1884062268556207e-04 -1.0600000000001305e-03 0.0000000000000000e+00 0.0000000000000000e+00 4.0077060259313022e+00 1.9805871916879737e-06
7.3240365330227075e-04 -1.0800000000001427e-03 0.0000000000000000e+00 0.0000000000000000e+00 4.0077046440161599e+00 2.0560324977506727e-06
7.4596668391897943e-04 -1.1000000000001525e-03 0.0000000000000000e+00 0.0000000000000000e+00 4.0077032621105362e+00 2.1328880570338052e-06
7.5952971453568810e-04 -1.1200000000001632e-03 0.0000000000000000e+00 0.0000000000000000e+00 4.0077018802019930e+00 2.2111538717607010e-06
7.7309274515239678e-04 -1.1400000000001765e-03 0.0000000000000000e+00 0.0000000000000000e+00 4.0077004983053550e+00 2.2908299441546859e-06
7.8665577576910546e-04 -1.1600000000001874e-03 0.0000000000000000e+00 0.0000000000000000e+00 4.0076991164047486e+00 2.3719162764390653e-06
8.0021880638581414e-04 -1.1800000000001959e-03 0.0000000000000000e+00 0.0000000000000000e+00 4.0076977345159372e+00 2.4544128708371600e-06
8.1378183700252281e-04 -1.2000000000002026e-03 0.0000000000000000e+00 0.0000000000000000e+00 4.0076963526251896e+00 2.5383197295722921e-06
8.2734486761923149e-04 -1.2200000000002064e-03 0.0000000000000000e+00 0.0000000000000000e+00 4.0076949707420590e+00 2.6236368548677766e-06
8.4090789823594017e-04 -1.2400000000002132e-03 0.0000000000000000e+00 0.0000000000000000e+00 4.0076935888631979e+00 2.7103642489469551e-06
8.5447092885264884e-04 -1.2600000000002188e-03 0.0000000000000000e+00 0.0000000000000000e+00 4.0076922069844008e+00 2.7985019140331346e-06
8.6803395946935752e-04 -1.2800000000002241e-03 0.0000000000000000e+00 0.0000000000000000e+00 4.0076908251158985e+00 2.8880498523496367e-06
8.8159699008606620e-04 -1.3000000000002300e-03 0.0000000000000000e+00 0.0000000000000000e+00 4.0076894432447956e+00 2.9790080661197857e-06
8.9516002070277488e-04 -1.3200000000002342e-03 0.0000000000000000e+00 0.0000000000000000e+00 4.0076880613831154e+00 3.0713765575668962e-06
9.0872305131948355e-04 -1.3400000000002381e-03 0.0000000000000000e+00 0.0000000000000000e+00 4.0076866795240669e+00 3.1651553289142911e-06
9.2228608193619223e-04 -1.3600000000002436e-03 0.0000000000000000e+00 0.0000000000000000e+00 4.0076852976661010e+00 3.2603443823852977e-06
9.3584911255290091e-04 -1.3800000000002521e-03 0.0000000000000000e+00 0.0000000000000000e+00 4.0076839158178084e+00 3.3569437202032445e-06
9.4941214316960959e-04 -1.4000000000002572e-03 0.0000000000000000e+00 0.0000000000000000e+00 4.0076825339680280e+00 3.4549533445914265e-06
9.6297517378631826e-04 -1.4200000000002635e-03 0.0000000000000000e+00 0.0000000000000000e+00 4.0076811521254516e+00 3.5543732577731811e-06
9.7653820440302694e-04 -1.4400000000002688e-03 0.0000000000000000e+00 0.0000000000000000e+00 4.0076797702883917e+00 3.6552034619718211e-06
9.9010123501973562e-04 -1.4600000000002705e-03 0.0000000000000000e+00 0.0000000000000000e+00 4.0076783884501301e+00 3.7574439594106582e-06
1.0036642656364443e-03 -1.4800000000002693e-03 0.0000000000000000e+00 0.0000000000000000e+00 4.0076770066214422e+00 3.8610947523130123e-06
1.0172272962531530e-03 -1.5000000000002715e-03 0.0000000000000000e+00 0.0000000000000000e+00 4.0076756247951302e+00 3.9661558429022306e-06
1.0307903268698617e-03 -1.5200000000002718e-03 0.0000000000000000e+00 0.0000000000000000e+00 4.0076742429698715e+00 4.0726272334016120e-06
1.0443533574865703e-03 -1.5400000000002753e-03 0.0000000000000000e+00 0.0000000000000000e+00 4.0076728611538570e+00 4.1805089260345001e-06
1.0579163881032790e-03 -1.5600000000002821e-03 0.0000000000000000e+00 0.0000000000000000e+00 4.0076714793387325e+00 4.2898009230242116e-06
1.0714794187199877e-03 -1.5800000000002858e-03 0.0000000000000000e+00 0.0000000000000000e+00 4.0076700975266428e+00 4.4005032265940455e-06
1.0850424493366964e-03 -1.6000000000002883e-03 0.0000000000000000e+00 0.0000000000000000e+00 4.0076687157228479e+00 4.5126158389673259e-06
1.0986054799534050e-03 -1.6200000000002926e-03 0.0000000000000000e+00 0.0000000000000000e+00 4.0076673339196294e+00 4.6261387623673898e-06
1.1121685105701137e-03 -1.6400000000002994e-03 0.0000000000000000e+00 0.0000000000000000e+00 4.0076659521201989e+00 4.7410719990175590e-06
1.1257315411868224e-03 -1.6600000000003023e-03 0.0000000000000000e+00 0.0000000000000000e+00 4.0076645703285676e+00 4.8574155511411255e-06
1.1392945718035311e-03 -1.6800000000003058e-03 0.0000000000000000e+00 0.0000000000000000e+00 4.0076631885377507e+00 4.9751694209614314e-06
1.1528576024202397e-03 -1.7000000000003063e-03 0.0000000000000000e+00 0.0000000000000000e+00 4.0076618067505070e+00 5.0943336107017797e-06
1.1664206330369484e-03 -1.7200000000003027e-03 0.0000000000000000e+00 0.0000000000000000e+00 4.0076604249710321e+00 5.2149081225854847e-06
1.1799836636536571e-03 -1.7400000000003012e-03 0.0000000000000000e+00 0.0000000000000000e+00 4.0076590431930708e+00 5.3368929588358985e-06
1.1935466942703658e-03 -1.7600000000002991e-03 0.0000000000000000e+00 0.0000000000000000e+00 4.0076576614176549e+00 5.4602881216763249e-06
1.2071097248870745e-03 -1.7800000000002928e-03 0.0000000000000000e+00 0.0000000000000000e+00 4.0076562796502202e+00 5.5850936133300698e-06
1.2206727555037831e-03 -1.8000000000002896e-03 0.0000000000000000e+00 0.0000000000000000e+00 4.0076548978854172e+00 5.7113094360204895e-06
1.2342357861204918e-03 -1.8200000000002841e-03 0.0000000000000000e+00 0.0000000000000000e+00 4.0076535161218318e+00 5.8389355919708753e-06
1.2477988167372005e-03 -1.8400000000002802e-03 0.0000000000000000e+00 0.0000000000000000e+00 4.0076521343660616e+00 5.9679720834045691e-06
1.2613618473539092e-03 -1.8600000000002744e-03 0.0000000000000000e+00 0.0000000000000000e+00 4.0076507526143264e+00 6.0984189125448733e-06
1.2749248779706178e-03 -1.8800000000002693e-03 0.0000000000000000e+00 0.0000000000000000e+00 4.0076493708633159e+00 6.2302760816151198e-06
1.2884879085873265e-03 -1.9000000000002619e-03 0.0000000000000000e+00 0.0000000000000000e+00 4.0076479891186576e+00 6.3635435928386176e-06
1.3020509392040352e-03 -1.9200000000002496e-03 0.0000000000000000e+00 0.0000000000000000e+00 4.0076466073797272e+00 6.4982214484386722e-06
1.3156139698207439e-03 -1.9400000000002393e-03 0.0000000000000000e+00 0.0000000000000000e+00 4.0076452256422526e+00 6.6343096506386377e-06
1.3291770004374526e-03 -1.9600000000002241e-03 0.0000000000000000e+00 0.0000000000000000e+00 4.0076438439083377e+00 6.7718082016618001e-06
1.3427400310541612e-03 -1.9800000000002082e-03 0.0000000000000000e+00 0.0000000000000000e+00 4.0076424621815541e+00 6.9107171037314998e-06
1.3563030616708699e-03 -2.0000000000001935e-03 0.0000000000000000e+00 0.0000000000000000e+00 4.0076410804580158e+00 7.0510363590710697e-06
