1.3563030616708749e-05 -2.0000000000000002e-05 0.0000000000000000e+00 0.0000000000000000e+00 4.0077790730453557e+00 7.0506663416050218e-10
2.7126061233417497e-05 -4.0000000000000010e-05 0.0000000000000000e+00 0.0000000000000000e+00 4.0077788733460666e+00 2.8202667510270353e-09
4.0689091850126249e-05 -6.0000000000000157e-05 0.0000000000000000e+00 0.0000000000000000e+00 4.0077786733687475e+00 6.3456006721771584e-09
5.4252122466835001e-05 -8.0000000000000359e-05 0.0000000000000000e+00 0.0000000000000000e+00 4.0077784735064403e+00 1.1281068719188415e-08
6.7815153083543753e-05 -1.0000000000000048e-04 0.0000000000000000e+00 0.0000000000000000e+00 4.0077782736307652e+00 1.7626671213638320e-08
8.1378183700252498e-05 -1.2000000000000075e-04 0.0000000000000000e+00 0.0000000000000000e+00 4.0077780737257953e+00 2.5382408477104463e-08
9.4941214316961243e-05 -1.4000000000000129e-04 0.0000000000000000e+00 0.0000000000000000e+00 4.0077778737855478e+00 3.4548280831164449e-08
1.0850424493366999e-04 -1.6000000000000186e-04 0.0000000000000000e+00 0.0000000000000000e+00 4.0077776739008684e+00 4.5124288597395781e-08
1.2206727555037873e-04 -1.8000000000000207e-04 0.0000000000000000e+00 0.0000000000000000e+00 4.0077774739964447e+00 5.7110432097375786e-08
1.3563030616708748e-04 -2.0000000000000275e-04 0.0000000000000000e+00 0.0000000000000000e+00 4.0077772740805173e+00 7.0506711652682397e-08
1.4919333678379621e-04 -2.2000000000000367e-04 0.0000000000000000e+00 0.0000000000000000e+00 4.0077770741639140e+00 8.5313127584893100e-08
1.6275636740050494e-04 -2.4000000000000399e-04 0.0000000000000000e+00 0.0000000000000000e+00 4.0077768742774325e+00 1.0152968021558493e-07
1.7631939801721367e-04 -2.6000000000000431e-04 0.0000000000000000e+00 0.0000000000000000e+00 4.0077766743516925e+00 1.1915636986633573e-07
1.8988242863392241e-04 -2.8000000000000399e-04 0.0000000000000000e+00 0.0000000000000000e+00 4.0077764744605426e+00 1.3819319685872258e-07
2.0344545925063114e-04 -3.0000000000000328e-04 0.0000000000000000e+00 0.0000000000000000e+00 4.0077762745428407e+00 1.5864016151432312e-07
2.1700848986733987e-04 -3.2000000000000236e-04 0.0000000000000000e+00 0.0000000000000000e+00 4.0077760746310389e+00 1.8049726415471494e-07
2.3057152048404860e-04 -3.4000000000000067e-04 0.0000000000000000e+00 0.0000000000000000e+00 4.0077758747309069e+00 2.0376450510147508e-07
2.4413455110075733e-04 -3.5999999999999850e-04 0.0000000000000000e+00 0.0000000000000000e+00 4.0077756748279887e+00 2.2844188467618117e-07
2.5769758171746606e-04 -3.7999999999999720e-04 0.0000000000000000e+00 0.0000000000000000e+00 4.0077754749216608e+00 2.5452940320041217e-07
2.7126061233417479e-04 -3.9999999999999606e-04 0.0000000000000000e+00 0.0000000000000000e+00 4.0077752750141862e+00 2.8202706099574490e-07
2.8482364295088353e-04 -4.1999999999999389e-04 0.0000000000000000e+00 0.0000000000000000e+00 4.0077750751066121e+00 3.1093485838375557e-07
2.9838667356759226e-04 -4.3999999999999221e-04 0.0000000000000000e+00 0.0000000000000000e+00 4.0077748751990550e+00 3.4125279568602336e-07
3.1194970418430099e-04 -4.5999999999998982e-04 0.0000000000000000e+00 0.0000000000000000e+00 4.0077746752912695e+00 3.7298087322412443e-07
3.2551273480100972e-04 -4.7999999999998798e-04 0.0000000000000000e+00 0.0000000000000000e+00 4.0077744753825151e+00 4.0611909131963786e-07
3.3907576541771845e-04 -4.9999999999998657e-04 0.0000000000000000e+00 0.0000000000000000e+00 4.0077742754723094e+00 4.4066745029414103e-07
3.5263879603442718e-04 -5.1999999999998445e-04 0.0000000000000000e+00 0.0000000000000000e+00 4.0077740755616400e+00 4.7662595046921001e-07
3.6620182665113592e-04 -5.3999999999998353e-04 0.0000000000000000e+00 0.0000000000000000e+00 4.0077738756542631e+00 5.1399459216642497e-07
3.7976485726784465e-04 -5.5999999999998228e-04 0.0000000000000000e+00 0.0000000000000000e+00 4.0077736757528664e+00 5.5277337570736135e-07
3.9332788788455338e-04 -5.7999999999998211e-04 0.0000000000000000e+00 0.0000000000000000e+00 4.0077734758486132e+00 5.9296230141359901e-07
4.0689091850126211e-04 -5.9999999999998238e-04 0.0000000000000000e+00 0.0000000000000000e+00 4.0077732759378923e+00 6.3456136960671432e-07
4.2045394911797084e-04 -6.1999999999998113e-04 0.0000000000000000e+00 0.0000000000000000e+00 4.0077730760274077e+00 6.7757058060828177e-07
4.3401697973467957e-04 -6.3999999999998043e-04 0.0000000000000000e+00 0.0000000000000000e+00 4.0077728761265838e+00 7.2198993473988227e-07
4.4758001035138831e-04 -6.5999999999998016e-04 0.0000000000000000e+00 0.0000000000000000e+00 4.0077726762208279e+00 7.6781943232309315e-07
4.6114304096809704e-04 -6.7999999999997999e-04 0.0000000000000000e+00 0.0000000000000000e+00 4.0077724763087756e+00 8.1505907367949123e-07
4.7470607158480577e-04 -6.9999999999998102e-04 0.0000000000000000e+00 0.0000000000000000e+00 4.0077722764060422e+00 8.6370885913065657e-07
4.8826910220151450e-04 -7.1999999999998378e-04 0.0000000000000000e+00 0.0000000000000000e+00 4.0077720765015563e+00 9.1376878899816745e-07
5.0183213281822323e-04 -7.3999999999998579e-04 0.0000000000000000e+00 0.0000000000000000e+00 4.0077718765898842e+00 9.6523886360359730e-07
5.1539516343493191e-04 -7.5999999999998909e-04 0.0000000000000000e+00 0.0000000000000000e+00 4.0077716766895151e+00 1.0181190832685269e-06
5.2895819405164059e-04 -7.7999999999999218e-04 0.0000000000000000e+00 0.0000000000000000e+00 4.0077714767810741e+00 1.0724094483145318e-06
5.4252122466834926e-04 -7.9999999999999538e-04 0.0000000000000000e+00 0.0000000000000000e+00 4.0077712768731244e+00 1.1281099590631896e-06
5.5608425528505794e-04 -8.1999999999999749e-04 0.0000000000000000e+00 0.0000000000000000e+00 4.0077710769716406e+00 1.1852206158360751e-06
5.6964728590176662e-04 -8.4000000000000079e-04 0.0000000000000000e+00 0.0000000000000000e+00 4.0077708770605405e+00 1.2437414189547717e-06
5.8321031651847530e-04 -8.6000000000000236e-04 0.0000000000000000e+00 0.0000000000000000e+00 4.0077706771604928e+00 1.3036723687408489e-06
5.9677334713518397e-04 -8.8000000000000177e-04 0.0000000000000000e+00 0.0000000000000000e+00 4.0077704772502747e+00 1.3650134655158847e-06
6.1033637775189265e-04 -8.9999999999999932e-04 0.0000000000000000e+00 0.0000000000000000e+00 4.0077702773483574e+00 1.4277647096014555e-06
6.2389940836860133e-04 -9.1999999999999634e-04 0.0000000000000000e+00 0.0000000000000000e+00 4.0077700774404068e+00 1.4919261013191427e-06
6.3746243898531001e-04 -9.3999999999999358e-04 0.0000000000000000e+00 0.0000000000000000e+00 4.0077698775364388e+00 1.5574976409905252e-06
6.5102546960201868e-04 -9.5999999999999092e-04 0.0000000000000000e+00 0.0000000000000000e+00 4.0077696776303293e+00 1.6244793289371804e-06
6.6458850021872736e-04 -9.7999999999998609e-04 0.0000000000000000e+00 0.0000000000000000e+00 4.0077694777255211e+00 1.6928711654806804e-06
6.7815153083543604e-04 -9.9999999999998267e-04 0.0000000000000000e+00 0.0000000000000000e+00 4.0077692778200928e+00 1.7626731509426112e-06
6.9171456145214472e-04 -1.0199999999999782e-03 0.0000000000000000e+00 0.0000000000000000e+00 4.0077690779156026e+00 1.8338852856445440e-06
7.0527759206885339e-04 -1.0399999999999739e-03 0.0000000000000000e+00 0.0000000000000000e+00 4.0077688780097525e+00 1.9065075699080599e-06
7.1884062268556207e-04 -1.0599999999999692e-03 0.0000000000000000e+00 0.0000000000000000e+00 4.0077686781064914e+00 1.9805400040547346e-06
7.3240365330227075e-04 -1.0799999999999618e-03 0.0000000000000000e+00 0.0000000000000000e+00 4.0077684781994449e+00 2.0559825884061394e-06
7.4596668391897943e-04 -1.0999999999999569e-03 0.0000000000000000e+00 0.0000000000000000e+00 4.0077682782978794e+00 2.1328353232838658e-06
7.5952971453568810e-04 -1.1199999999999515e-03 0.0000000000000000e+00 0.0000000000000000e+00 4.0077680783893985e+00 2.2110982090094834e-06
7.7309274515239678e-04 -1.1399999999999444e-03 0.0000000000000000e+00 0.0000000000000000e+00 4.0077678784887985e+00 2.2907712459045659e-06
7.8665577576910546e-04 -1.1599999999999345e-03 0.0000000000000000e+00 0.0000000000000000e+00 4.0077676785802137e+00 2.3718544342906871e-06
8.0021880638581414e-04 -1.1799999999999229e-03 0.0000000000000000e+00 0.0000000000000000e+00 4.0077674786794164e+00 2.4543477744894273e-06
8.1378183700252281e-04 -1.1999999999999123e-03 0.0000000000000000e+00 0.0000000000000000e+00 4.0077672787726524e+00 2.5382512668223736e-06
8.2734486761923149e-04 -1.2199999999999015e-03 0.0000000000000000e+00 0.0000000000000000e+00 4.0077670788695139e+00 2.6235649116110983e-06
8.4090789823594017e-04 -1.2399999999998931e-03 0.0000000000000000e+00 0.0000000000000000e+00 4.0077668789666063e+00 2.7102887091771872e-06
8.5447092885264884e-04 -1.2599999999998825e-03 0.0000000000000000e+00 0.0000000000000000e+00 4.0077666790597686e+00 2.7984226598422056e-06
8.6803395946935752e-04 -1.2799999999998735e-03 0.0000000000000000e+00 0.0000000000000000e+00 4.0077664791591987e+00 2.8879667639277407e-06
8.8159699008606620e-04 -1.2999999999998644e-03 0.0000000000000000e+00 0.0000000000000000e+00 4.0077662792520128e+00 2.9789210217553652e-06
8.9516002070277488e-04 -1.3199999999998551e-03 0.0000000000000000e+00 0.0000000000000000e+00 4.0077660793502474e+00 3.0712854336466560e-06
9.0872305131948355e-04 -1.3399999999998435e-03 0.0000000000000000e+00 0.0000000000000000e+00 4.0077658794470805e+00 3.1650599999231844e-06
9.2228608193619223e-04 -1.3599999999998340e-03 0.0000000000000000e+00 0.0000000000000000e+00 4.0077656795410004e+00 3.2602447209065427e-06
9.3584911255290091e-04 -1.3799999999998217e-03 0.0000000000000000e+00 0.0000000000000000e+00 4.0077654796405699e+00 3.3568395969182899e-06
9.4941214316960959e-04 -1.3999999999998120e-03 0.0000000000000000e+00 0.0000000000000000e+00 4.0077652797346293e+00 3.4548446282800253e-06
9.6297517378631826e-04 -1.4199999999998014e-03 0.0000000000000000e+00 0.0000000000000000e+00 4.0077650798319002e+00 3.5542598153133129e-06
9.7653820440302694e-04 -1.4399999999997904e-03 0.0000000000000000e+00 0.0000000000000000e+00 4.0077648799306544e+00 3.6550851583397298e-06
9.9010123501973562e-04 -1.4599999999997809e-03 0.0000000000000000e+00 0.0000000000000000e+00 4.0077646800241968e+00 3.7573206576808636e-06
1.0036642656364443e-03 -1.4799999999997747e-03 0.0000000000000000e+00 0.0000000000000000e+00 4.0077644801233063e+00 3.8609663136582971e-06
1.0172272962531530e-03 -1.4999999999997661e-03 0.0000000000000000e+00 0.0000000000000000e+00 4.0077642802207620e+00 3.9660221265935886e-06
1.0307903268698617e-03 -1.5199999999997542e-03 0.0000000000000000e+00 0.0000000000000000e+00 4.0077640803152734e+00 4.0724880968083079e-06
1.0443533574865703e-03 -1.5399999999997427e-03 0.0000000000000000e+00 0.0000000000000000e+00 4.0077638804150117e+00 4.1803642246240503e-06
1.0579163881032790e-03 -1.5599999999997315e-03 0.0000000000000000e+00 0.0000000000000000e+00 4.0077636805116104e+00 4.2896505103623895e-06
1.0714794187199877e-03 -1.5799999999997220e-03 0.0000000000000000e+00 0.0000000000000000e+00 4.0077634806072533e+00 4.4003469543449143e-06
1.0850424493366964e-03 -1.5999999999997141e-03 0.0000000000000000e+00 0.0000000000000000e+00 4.0077632807071657e+00 4.5124535568931963e-06
1.0986054799534050e-03 -1.6199999999997087e-03 0.0000000000000000e+00 0.0000000000000000e+00 4.0077630808036302e+00 4.6259703183288203e-06
1.1121685105701137e-03 -1.6399999999997005e-03 0.0000000000000000e+00 0.0000000000000000e+00 4.0077628808998922e+00 4.7408972389733410e-06
1.1257315411868224e-03 -1.6599999999996902e-03 0.0000000000000000e+00 0.0000000000000000e+00 4.0077626809999254e+00 4.8572343191483387e-06
1.1392945718035311e-03 -1.6799999999996787e-03 0.0000000000000000e+00 0.0000000000000000e+00 4.0077624810967505e+00 4.9749815591753929e-06
1.1528576024202397e-03 -1.6999999999996703e-03 0.0000000000000000e+00 0.0000000000000000e+00 4.0077622811931564e+00 5.0941389593761043e-06
1.1664206330369484e-03 -1.7199999999996643e-03 0.0000000000000000e+00 0.0000000000000000e+00 4.0077620812933068e+00 5.2147065200720412e-06
1.1799836636536571e-03 -1.7399999999996557e-03 0.0000000000000000e+00 0.0000000000000000e+00 4.0077618813909472e+00 5.3366842415847644e-06
1.1935466942703658e-03 -1.7599999999996475e-03 0.0000000000000000e+00 0.0000000000000000e+00 4.0077616814871364e+00 5.4600721242358628e-06
1.2071097248870745e-03 -1.7799999999996408e-03 0.0000000000000000e+00 0.0000000000000000e+00 4.0077614815872904e+00 5.5848701683469183e-06
1.2206727555037831e-03 -1.7999999999996350e-03 0.0000000000000000e+00 0.0000000000000000e+00 4.0077612816860482e+00 5.7110783742395070e-06
1.2342357861204918e-03 -1.8199999999996303e-03 0.0000000000000000e+00 0.0000000000000000e+00 4.0077610817820242e+00 5.8386967422352074e-06
1.2477988167372005e-03 -1.8399999999996245e-03 0.0000000000000000e+00 0.0000000000000000e+00 4.0077608818818060e+00 5.9677252726555881e-06
1.2613618473539092e-03 -1.8599999999996141e-03 0.0000000000000000e+00 0.0000000000000000e+00 4.0077606819815959e+00 6.0981639658222055e-06
1.2749248779706178e-03 -1.8799999999996027e-03 0.0000000000000000e+00 0.0000000000000000e+00 4.0077604820780977e+00 6.2300128220566570e-06
1.2884879085873265e-03 -1.8999999999995873e-03 0.0000000000000000e+00 0.0000000000000000e+00 4.0077602821769540e+00 6.3632718416805032e-06
1.3020509392040352e-03 -1.9199999999995670e-03 0.0000000000000000e+00 0.0000000000000000e+00 4.0077600822775139e+00 6.4979410250153170e-06
1.3156139698207439e-03 -1.9399999999995460e-03 0.0000000000000000e+00 0.0000000000000000e+00 4.0077598823755070e+00 6.6340203723826981e-06
1.3291770004374526e-03 -1.9599999999995207e-03 0.0000000000000000e+00 0.0000000000000000e+00 4.0077596824730675e+00 6.7715098841042030e-06
1.3427400310541612e-03 -1.9799999999994913e-03 0.0000000000000000e+00 0.0000000000000000e+00 4.0077594825737393e+00 6.9104095605014121e-06
1.3563030616708699e-03 -1.9999999999994597e-03 0.0000000000000000e+00 0.0000000000000000e+00 4.0077592826736348e+00 7.0507194018959106e-06
