1.3563030616708749e-05 -2.0000000000000039e-05 0.0000000000000000e+00 0.0000000000000000e+00 4.0077782286015147e+00 7.0506686055848350e-10
2.7126061233417497e-05 -3.9999999999999942e-05 0.0000000000000000e+00 0.0000000000000000e+00 4.0077771844606422e+00 2.8202685622108627e-09
4.0689091850126249e-05 -5.9999999999999778e-05 0.0000000000000000e+00 0.0000000000000000e+00 4.0077761400439966e+00 6.3456067849225428e-09
5.4252122466835001e-05 -7.9999999999999532e-05 0.0000000000000000e+00 0.0000000000000000e+00 4.0077750957446190e+00 1.1281083208658925e-08
6.7815153083543753e-05 -9.9999999999999246e-05 0.0000000000000000e+00 0.0000000000000000e+00 4.0077740514341347e+00 1.7626699513385418e-08
8.1378183700252498e-05 -1.1999999999999882e-04 0.0000000000000000e+00 0.0000000000000000e+00 4.0077730070966071e+00 2.5382457379067406e-08
9.4941214316961243e-05 -1.3999999999999817e-04 0.0000000000000000e+00 0.0000000000000000e+00 4.0077719627260597e+00 3.4548358485670244e-08
1.0850424493366999e-04 -1.5999999999999747e-04 0.0000000000000000e+00 0.0000000000000000e+00 4.0077709184133372e+00 4.5124404513159377e-08
1.2206727555037873e-04 -1.7999999999999630e-04 0.0000000000000000e+00 0.0000000000000000e+00 4.0077698740831282e+00 5.7110597141500025e-08
1.3563030616708748e-04 -1.9999999999999524e-04 0.0000000000000000e+00 0.0000000000000000e+00 4.0077688297436715e+00 7.0506938050657835e-08
1.4919333678379621e-04 -2.1999999999999394e-04 0.0000000000000000e+00 0.0000000000000000e+00 4.0077677854058011e+00 8.5313428920598019e-08
1.6275636740050494e-04 -2.3999999999999247e-04 0.0000000000000000e+00 0.0000000000000000e+00 4.0077667411003031e+00 1.0153007143128601e-07
1.7631939801721367e-04 -2.5999999999999054e-04 0.0000000000000000e+00 0.0000000000000000e+00 4.0077656967578053e+00 1.1915686726268700e-07
1.8988242863392241e-04 -2.7999999999998865e-04 0.0000000000000000e+00 0.0000000000000000e+00 4.0077646524521535e+00 1.3819381809476668e-07
2.0344545925063114e-04 -2.9999999999998729e-04 0.0000000000000000e+00 0.0000000000000000e+00 4.0077636081222101e+00 1.5864092560749088e-07
2.1700848986733987e-04 -3.1999999999998517e-04 0.0000000000000000e+00 0.0000000000000000e+00 4.0077625638004166e+00 1.8049819148082401e-07
2.3057152048404860e-04 -3.3999999999998241e-04 0.0000000000000000e+00 0.0000000000000000e+00 4.0077615194925515e+00 2.0376561739473150e-07
2.4413455110075733e-04 -3.5999999999998034e-04 0.0000000000000000e+00 0.0000000000000000e+00 4.0077604751841589e+00 2.2844320502917981e-07
2.5769758171746606e-04 -3.7999999999997763e-04 0.0000000000000000e+00 0.0000000000000000e+00 4.0077594308746152e+00 2.5453095606413333e-07
2.7126061233417479e-04 -3.9999999999997557e-04 0.0000000000000000e+00 0.0000000000000000e+00 4.0077583865661781e+00 2.8202887217955847e-07
2.8482364295088353e-04 -4.1999999999997324e-04 0.0000000000000000e+00 0.0000000000000000e+00 4.0077573422598993e+00 3.1093695505542001e-07
2.9838667356759226e-04 -4.3999999999996998e-04 0.0000000000000000e+00 0.0000000000000000e+00 4.0077562979558934e+00 3.4125520637168235e-07
3.1194970418430099e-04 -4.5999999999996743e-04 0.0000000000000000e+00 0.0000000000000000e+00 4.0077552536539160e+00 3.7298362780831287e-07
3.2551273480100972e-04 -4.7999999999996456e-04 0.0000000000000000e+00 0.0000000000000000e+00 4.0077542093532248e+00 4.0612222104527565e-07
3.3907576541771845e-04 -4.9999999999996282e-04 0.0000000000000000e+00 0.0000000000000000e+00 4.0077531650533391e+00 4.4067098776253815e-07
3.5263879603442718e-04 -5.1999999999996136e-04 0.0000000000000000e+00 0.0000000000000000e+00 4.0077521207552484e+00 4.7662992964006474e-07
3.6620182665113592e-04 -5.3999999999996054e-04 0.0000000000000000e+00 0.0000000000000000e+00 4.0077510764627098e+00 5.1399904835782124e-07
3.7976485726784465e-04 -5.5999999999995853e-04 0.0000000000000000e+00 0.0000000000000000e+00 4.0077500321784072e+00 5.5277834559577082e-07
3.9332788788455338e-04 -5.7999999999995544e-04 0.0000000000000000e+00 0.0000000000000000e+00 4.0077489878934953e+00 5.9296782303387829e-07
4.0689091850126211e-04 -5.9999999999995083e-04 0.0000000000000000e+00 0.0000000000000000e+00 4.0077479436043753e+00 6.3456748235210865e-07
4.2045394911797084e-04 -6.1999999999994633e-04 0.0000000000000000e+00 0.0000000000000000e+00 4.0077468993177536e+00 6.7757732523042980e-07
4.3401697973467957e-04 -6.3999999999994085e-04 0.0000000000000000e+00 0.0000000000000000e+00 4.0077458550430514e+00 7.2199735334880485e-07
4.4758001035138831e-04 -6.5999999999993516e-04 0.0000000000000000e+00 0.0000000000000000e+00 4.0077448107656615e+00 7.6782756838720092e-07
4.6114304096809704e-04 -6.7999999999992903e-04 0.0000000000000000e+00 0.0000000000000000e+00 4.0077437664842384e+00 8.1506797202558273e-07
4.7470607158480577e-04 -6.9999999999992226e-04 0.0000000000000000e+00 0.0000000000000000e+00 4.0077427222143962e+00 8.6371856594391498e-07
4.8826910220151450e-04 -7.1999999999991472e-04 0.0000000000000000e+00 0.0000000000000000e+00 4.0077416779450461e+00 9.1377935182216353e-07
5.0183213281822323e-04 -7.3999999999990794e-04 0.0000000000000000e+00 0.0000000000000000e+00 4.0077406336707728e+00 9.6525033134029573e-07
5.1539516343493191e-04 -7.5999999999990181e-04 0.0000000000000000e+00 0.0000000000000000e+00 4.0077395894100629e+00 1.0181315061782778e-06
5.2895819405164059e-04 -7.7999999999989428e-04 0.0000000000000000e+00 0.0000000000000000e+00 4.0077385451435257e+00 1.0724228780160702e-06
5.4252122466834926e-04 -7.9999999999988500e-04 0.0000000000000000e+00 0.0000000000000000e+00 4.0077375008797507e+00 1.1281244485336380e-06
5.5608425528505794e-04 -8.1999999999987595e-04 0.0000000000000000e+00 0.0000000000000000e+00 4.0077364566246834e+00 1.1852362194109500e-06
5.6964728590176662e-04 -8.3999999999986635e-04 0.0000000000000000e+00 0.0000000000000000e+00 4.0077354123622646e+00 1.2437581923279705e-06
5.8321031651847530e-04 -8.5999999999985513e-04 0.0000000000000000e+00 0.0000000000000000e+00 4.0077343681131525e+00 1.3036903689646622e-06
5.9677334713518397e-04 -8.7999999999984391e-04 0.0000000000000000e+00 0.0000000000000000e+00 4.0077333238561215e+00 1.3650327510009940e-06
6.1033637775189265e-04 -8.9999999999983073e-04 0.0000000000000000e+00 0.0000000000000000e+00 4.0077322796096597e+00 1.4277853401169262e-06
6.2389940836860133e-04 -9.1999999999981712e-04 0.0000000000000000e+00 0.0000000000000000e+00 4.0077312353594037e+00 1.4919481379924288e-06
6.3746243898531001e-04 -9.3999999999980427e-04 0.0000000000000000e+00 0.0000000000000000e+00 4.0077301911154057e+00 1.5575211463074691e-06
6.5102546960201868e-04 -9.5999999999979338e-04 0.0000000000000000e+00 0.0000000000000000e+00 4.0077291468715019e+00 1.6245043667420161e-06
6.6458850021872736e-04 -9.7999999999978443e-04 0.0000000000000000e+00 0.0000000000000000e+00 4.0077281026311740e+00 1.6928978009760352e-06
6.7815153083543604e-04 -9.9999999999977516e-04 0.0000000000000000e+00 0.0000000000000000e+00 4.0077270583924651e+00 1.7627014506894866e-06
6.9171456145214472e-04 -1.0199999999997655e-03 0.0000000000000000e+00 0.0000000000000000e+00 4.0077260141569671e+00 1.8339153175623349e-06
7.0527759206885339e-04 -1.0399999999997579e-03 0.0000000000000000e+00 0.0000000000000000e+00 4.0077249699223474e+00 1.9065394032745528e-06
7.1884062268556207e-04 -1.0599999999997530e-03 0.0000000000000000e+00 0.0000000000000000e+00 4.0077239256925896e+00 1.9805737095061072e-06
7.3240365330227075e-04 -1.0799999999997504e-03 0.0000000000000000e+00 0.0000000000000000e+00 4.0077228814612846e+00 2.0560182379369636e-06
7.4596668391897943e-04 -1.0999999999997494e-03 0.0000000000000000e+00 0.0000000000000000e+00 4.0077218372377335e+00 2.1328729902470854e-06
7.5952971453568810e-04 -1.1199999999997468e-03 0.0000000000000000e+00 0.0000000000000000e+00 4.0077207930095105e+00 2.2111379681164285e-06
7.7309274515239678e-04 -1.1399999999997456e-03 0.0000000000000000e+00 0.0000000000000000e+00 4.0077197487914296e+00 2.2908131732249673e-06
7.8665577576910546e-04 -1.1599999999997452e-03 0.0000000000000000e+00 0.0000000000000000e+00 4.0077187045676208e+00 2.3718986072526655e-06
8.0021880638581414e-04 -1.1799999999997438e-03 0.0000000000000000e+00 0.0000000000000000e+00 4.0077176603538502e+00 2.4543942718794826e-06
8.1378183700252281e-04 -1.1999999999997432e-03 0.0000000000000000e+00 0.0000000000000000e+00 4.0077166161363804e+00 2.5383001687853911e-06
8.2734486761923149e-04 -1.2199999999997426e-03 0.0000000000000000e+00 0.0000000000000000e+00 4.0077155719247752e+00 2.6236162996503524e-06
8.4090789823594017e-04 -1.2399999999997407e-03 0.0000000000000000e+00 0.0000000000000000e+00 4.0077145277156729e+00 2.7103426661543282e-06
8.5447092885264884e-04 -1.2599999999997383e-03 0.0000000000000000e+00 0.0000000000000000e+00 4.0077134835048813e+00 2.7984792699772859e-06
8.6803395946935752e-04 -1.2799999999997364e-03 0.0000000000000000e+00 0.0000000000000000e+00 4.0077124393026233e+00 2.8880261127991955e-06
8.8159699008606620e-04 -1.2999999999997339e-03 0.0000000000000000e+00 0.0000000000000000e+00 4.0077113950960053e+00 2.9789831963000159e-06
8.9516002070277488e-04 -1.3199999999997341e-03 0.0000000000000000e+00 0.0000000000000000e+00 4.0077103508970531e+00 3.0713505221597282e-06
9.0872305131948355e-04 -1.3399999999997316e-03 0.0000000000000000e+00 0.0000000000000000e+00 4.0077093066989704e+00 3.1651280920582761e-06
9.2228608193619223e-04 -1.3599999999997290e-03 0.0000000000000000e+00 0.0000000000000000e+00 4.0077082625002154e+00 3.2603159076756343e-06
9.3584911255290091e-04 -1.3799999999997256e-03 0.0000000000000000e+00 0.0000000000000000e+00 4.0077072183093732e+00 3.3569139706917664e-06
9.4941214316960959e-04 -1.3999999999997205e-03 0.0000000000000000e+00 0.0000000000000000e+00 4.0077061741152828e+00 3.4549222827866335e-06
9.6297517378631826e-04 -1.4199999999997171e-03 0.0000000000000000e+00 0.0000000000000000e+00 4.0077051299266433e+00 3.5543408456402144e-06
9.7653820440302694e-04 -1.4399999999997147e-03 0.0000000000000000e+00 0.0000000000000000e+00 4.0077040857417554e+00 3.6551696609324708e-06
9.9010123501973562e-04 -1.4599999999997087e-03 0.0000000000000000e+00 0.0000000000000000e+00 4.0077030415539090e+00 3.7574087303433532e-06
1.0036642656364443e-03 -1.4799999999997057e-03 0.0000000000000000e+00 0.0000000000000000e+00 4.0077019973738794e+00 3.8610580555528493e-06
1.0172272962531530e-03 -1.4999999999997019e-03 0.0000000000000000e+00 0.0000000000000000e+00 4.0077009531944636e+00 3.9661176382409113e-06
1.0307903268698617e-03 -1.5199999999996995e-03 0.0000000000000000e+00 0.0000000000000000e+00 4.0076999090143453e+00 4.0725874800875121e-06
1.0443533574865703e-03 -1.5399999999996948e-03 0.0000000000000000e+00 0.0000000000000000e+00 4.0076988648417142e+00 4.1804675827726046e-06
1.0579163881032790e-03 -1.5599999999996869e-03 0.0000000000000000e+00 0.0000000000000000e+00 4.0076978206682092e+00 4.2897579479761479e-06
1.0714794187199877e-03 -1.5799999999996782e-03 0.0000000000000000e+00 0.0000000000000000e+00 4.0076967764959877e+00 4.4004585773781177e-06
1.0850424493366964e-03 -1.5999999999996674e-03 0.0000000000000000e+00 0.0000000000000000e+00 4.0076957323302969e+00 4.5125694726584741e-06
1.0986054799534050e-03 -1.6199999999996545e-03 0.0000000000000000e+00 0.0000000000000000e+00 4.0076946881634239e+00 4.6260906354971834e-06
1.1121685105701137e-03 -1.6399999999996407e-03 0.0000000000000000e+00 0.0000000000000000e+00 4.0076936439985857e+00 4.7410220675742110e-06
1.1257315411868224e-03 -1.6599999999996288e-03 0.0000000000000000e+00 0.0000000000000000e+00 4.0076925998397837e+00 4.8573637705695415e-06
1.1392945718035311e-03 -1.6799999999996197e-03 0.0000000000000000e+00 0.0000000000000000e+00 4.0076915556800374e+00 4.9751157461631396e-06
1.1528576024202397e-03 -1.6999999999996118e-03 0.0000000000000000e+00 0.0000000000000000e+00 4.0076905115221102e+00 5.0942779960349654e-06
1.1664206330369484e-03 -1.7199999999996044e-03 0.0000000000000000e+00 0.0000000000000000e+00 4.0076894673701906e+00 5.2148505218649818e-06
1.1799836636536571e-03 -1.7399999999995943e-03 0.0000000000000000e+00 0.0000000000000000e+00 4.0076884232180241e+00 5.3368333253331389e-06
1.1935466942703658e-03 -1.7599999999995824e-03 0.0000000000000000e+00 0.0000000000000000e+00 4.0076873790666481e+00 5.4602264081194070e-06
1.2071097248870745e-03 -1.7799999999995729e-03 0.0000000000000000e+00 0.0000000000000000e+00 4.0076863349214955e+00 5.5850297719037685e-06
1.2206727555037831e-03 -1.7999999999995652e-03 0.0000000000000000e+00 0.0000000000000000e+00 4.0076852907772125e+00 5.7112434183661903e-06
1.2342357861204918e-03 -1.8199999999995542e-03 0.0000000000000000e+00 0.0000000000000000e+00 4.0076842466323930e+00 5.8388673491866091e-06
1.2477988167372005e-03 -1.8399999999995419e-03 0.0000000000000000e+00 0.0000000000000000e+00 4.0076832024936300e+00 5.9679015660450020e-06
1.2613618473539092e-03 -1.8599999999995254e-03 0.0000000000000000e+00 0.0000000000000000e+00 4.0076821583571407e+00 6.0983460706213192e-06
1.2749248779706178e-03 -1.8799999999995118e-03 0.0000000000000000e+00 0.0000000000000000e+00 4.0076811142196185e+00 6.2302008645955622e-06
1.2884879085873265e-03 -1.8999999999994950e-03 0.0000000000000000e+00 0.0000000000000000e+00 4.0076800700866944e+00 6.3634659496476636e-06
1.3020509392040352e-03 -1.9199999999994738e-03 0.0000000000000000e+00 0.0000000000000000e+00 4.0076790259577386e+00 6.4981413274575843e-06
1.3156139698207439e-03 -1.9399999999994558e-03 0.0000000000000000e+00 0.0000000000000000e+00 4.0076779818284765e+00 6.6342269997053279e-06
1.3291770004374526e-03 -1.9599999999994414e-03 0.0000000000000000e+00 0.0000000000000000e+00 4.0076769377010208e+00 6.7717229680708604e-06
1.3427400310541612e-03 -1.9799999999994288e-03 0.0000000000000000e+00 0.0000000000000000e+00 4.0076758935789378e+00 6.9106292342341431e-06
1.3563030616708699e-03 -1.9999999999994176e-03 0.0000000000000000e+00 0.0000000000000000e+00 4.0076748494583398e+00 7.0509457998751345e-06
