8.6768268061889202e-04 -1.9800000000000156e-03 0.0000000000000000e+00 0.0000000000000000e+00 4.9468686759956899e+00 3.7495920867241166e-06
8.7644715214029497e-04 -2.0000000000000152e-03 0.0000000000000000e+00 0.0000000000000000e+00 4.9468671246295646e+00 3.8257255127645877e-06
8.8740274154204871e-04 -2.0250000000000142e-03 0.0000000000000000e+00 0.0000000000000000e+00 4.9468651854346550e+00 3.9219683661411730e-06
9.0931392034555619e-04 -2.0750000000000117e-03 0.0000000000000000e+00 0.0000000000000000e+00 4.9468613070907690e+00 4.1180409824099851e-06
9.5313627795257116e-04 -2.1750000000000059e-03 0.0000000000000000e+00 0.0000000000000000e+00 4.9468535505662867e+00 4.5245339028377876e-06
1.0407809931666011e-03 -2.3749999999999934e-03 0.0000000000000000e+00 0.0000000000000000e+00 4.9468380381901280e+00 5.3949108938749946e-06
1.2160704235946610e-03 -2.7749999999999676e-03 0.0000000000000000e+00 0.0000000000000000e+00 4.9468070161005784e+00 7.3652326656428282e-06
1.5666492844507807e-03 -3.5749999999999164e-03 0.0000000000000000e+00 0.0000000000000000e+00 4.9467449826050922e+00 1.2224172879688223e-05
2.2678070061630199e-03 -5.1749999999998117e-03 0.0000000000000000e+00 0.0000000000000000e+00 4.9466209582874674e+00 2.5615444083706241e-05
3.6701224495874984e-03 -8.3749999999996032e-03 0.0000000000000000e+00 0.0000000000000000e+00 4.9463730800715302e+00 6.7093182346557941e-05
6.4747533364364548e-03 -1.4774999999999183e-02 0.0000000000000000e+00 0.0000000000000000e+00 4.9458780030735960e+00 2.0884250430037735e-04
1.2084015110134367e-02 -2.7574999999998337e-02 0.0000000000000000e+00 0.0000000000000000e+00 4.9448905489148984e+00 7.2762102599130776e-04
2.3302538657530191e-02 -5.3174999999996662e-02 0.0000000000000000e+00 0.0000000000000000e+00 4.9429262983272118e+00 2.7071335490729603e-03
4.5739585752321843e-02 -1.0437499999999333e-01 0.0000000000000000e+00 0.0000000000000000e+00 4.9390393195728866e+00 1.0440668262568419e-02
9.0613679941905140e-02 -2.0677499999998675e-01 0.0000000000000000e+00 0.0000000000000000e+00 4.9314229560843623e+00 4.1059278347151840e-02
1.8036186832107173e-01 -4.1157499999997355e-01 0.0000000000000000e+00 0.0000000000000000e+00 4.9167580523252514e+00 1.6333067705279961e-01
3.5985824507940489e-01 -8.2117499999994692e-01 0.0000000000000000e+00 0.0000000000000000e+00 4.8892713547384750e+00 6.5543431585890610e-01
