1.5702082455782032e-03 -1.9800000000004961e-03 0.0000000000000000e+00 0.0000000000000000e+00 3.4137711527028176e+00 1.0633522813269495e-05
1.5860689349274780e-03 -2.0000000000005742e-03 0.0000000000000000e+00 0.0000000000000000e+00 3.4137711205054262e+00 1.0849426558199738e-05
1.6058947966140717e-03 -2.0250000000006530e-03 0.0000000000000000e+00 0.0000000000000000e+00 3.4137710802573320e+00 1.1122357649570495e-05
1.6455465199872589e-03 -2.0750000000008292e-03 0.0000000000000000e+00 0.0000000000000000e+00 3.4137709997639365e+00 1.1678391200383152e-05
1.7248499667336333e-03 -2.1750000000011972e-03 0.0000000000000000e+00 0.0000000000000000e+00 3.4137708387756529e+00 1.2831143779529413e-05
1.8834568602263822e-03 -2.3750000000019207e-03 0.0000000000000000e+00 0.0000000000000000e+00 3.4137705168004664e+00 1.5299390889799509e-05
2.2006706472118801e-03 -2.7750000000033789e-03 0.0000000000000000e+00 0.0000000000000000e+00 3.4137698728501729e+00 2.0886853253405318e-05
2.8350982211828757e-03 -3.5750000000062711e-03 0.0000000000000000e+00 0.0000000000000000e+00 3.4137685849508275e+00 3.4665653234117203e-05
4.1039533691248666e-03 -5.1750000000121013e-03 0.0000000000000000e+00 0.0000000000000000e+00 3.4137660091611437e+00 7.2638775659451956e-05
6.6416636650088482e-03 -8.3750000000237280e-03 0.0000000000000000e+00 0.0000000000000000e+00 3.4137608576183367e+00 1.9024728196502785e-04
1.1717084256776811e-02 -1.4775000000046890e-02 0.0000000000000000e+00 0.0000000000000000e+00 3.4137505546776863e+00 5.9211471318992414e-04
2.1867925440312734e-02 -2.7575000000092956e-02 0.0000000000000000e+00 0.0000000000000000e+00 3.4137299493755195e+00 2.0624622324476555e-03
4.2169607807384581e-02 -5.3175000000185185e-02 0.0000000000000000e+00 0.0000000000000000e+00 3.4136887410879888e+00 7.6696957570187643e-03
8.2772972541528267e-02 -1.0437500000037023e-01 0.0000000000000000e+00 0.0000000000000000e+00 3.4136063337778015e+00 2.9551019620974488e-02
1.6397970200981565e-01 -2.0677500000073848e-01 0.0000000000000000e+00 0.0000000000000000e+00 3.4134415561899498e+00 1.1598671757286404e-01
3.2639316094639043e-01 -4.1157500000147418e-01 0.0000000000000000e+00 0.0000000000000000e+00 3.4131121489322389e+00 4.5959529809036131e-01
