1.3427400310541612e-03 -1.9799999999994288e-03 0.0000000000000000e+00 0.0000000000000000e+00 4.0076758935789378e+00 6.9106292342341431e-06
1.3563030616708699e-03 -1.9999999999994176e-03 0.0000000000000000e+00 0.0000000000000000e+00 4.0076748494583398e+00 7.0509457998751345e-06
1.3732568499417556e-03 -2.0249999999994031e-03 0.0000000000000000e+00 0.0000000000000000e+00 4.0076735443075764e+00 7.2283247431262134e-06
1.4071644264835271e-03 -2.0749999999993786e-03 0.0000000000000000e+00 0.0000000000000000e+00 4.0076709340238272e+00 7.5896934294296991e-06
1.4749795795670701e-03 -2.1749999999993268e-03 0.0000000000000000e+00 0.0000000000000000e+00 4.0076657134939433e+00 8.3388740931149735e-06
1.6106098857341560e-03 -2.3749999999992228e-03 0.0000000000000000e+00 0.0000000000000000e+00 4.0076552726159411e+00 9.9430093197836647e-06
1.8818704980683278e-03 -2.7749999999990144e-03 0.0000000000000000e+00 0.0000000000000000e+00 4.0076343915564223e+00 1.3574381250192578e-05
2.4243917227366714e-03 -3.5749999999985971e-03 0.0000000000000000e+00 0.0000000000000000e+00 4.0075926322474897e+00 2.2529578058328134e-05
3.5094341720733587e-03 -5.1749999999977569e-03 0.0000000000000000e+00 0.0000000000000000e+00 4.0075091248576573e+00 4.7210159776123013e-05
5.6795190707467332e-03 -8.3749999999960974e-03 0.0000000000000000e+00 0.0000000000000000e+00 4.0073421549490211e+00 1.2365508611583191e-04
1.0019688868093481e-02 -1.4774999999992810e-02 0.0000000000000000e+00 0.0000000000000000e+00 4.0070083943310815e+00 3.8490407439591417e-04
1.8700028462786976e-02 -2.7574999999986218e-02 0.0000000000000000e+00 0.0000000000000000e+00 4.0063415876022166e+00 1.3410312652322315e-03
3.6060707652173965e-02 -5.3174999999972904e-02 0.0000000000000000e+00 0.0000000000000000e+00 4.0050108139073490e+00 4.9893438789974523e-03
7.0782066030947943e-02 -1.0437499999994604e-01 0.0000000000000000e+00 0.0000000000000000e+00 4.0023604811224933e+00 1.9242533034802115e-02
1.4022478278849590e-01 -2.0677499999989207e-01 0.0000000000000000e+00 0.0000000000000000e+00 3.9971035442020075e+00 7.5673815058739616e-02
2.7911021630359178e-01 -4.1157499999978386e-01 0.0000000000000000e+00 0.0000000000000000e+00 3.9867559406874231e+00 3.0102517794977818e-01
