1.3427400310541612e-03 -1.9799999999989973e-03 0.0000000000000000e+00 0.0000000000000000e+00 4.0077093273763014e+00 6.9105413647386295e-06
1.3563030616708699e-03 -1.9999999999989570e-03 0.0000000000000000e+00 0.0000000000000000e+00 4.0077086209073514e+00 7.0508552406808874e-06
1.3732568499417556e-03 -2.0249999999989087e-03 0.0000000000000000e+00 0.0000000000000000e+00 4.0077077378193664e+00 7.2282307453355662e-06
1.4071644264835271e-03 -2.0749999999988165e-03 0.0000000000000000e+00 0.0000000000000000e+00 4.0077059716552244e+00 7.5895922955035482e-06
1.4749795795670701e-03 -2.1749999999986325e-03 0.0000000000000000e+00 0.0000000000000000e+00 4.0077024393407674e+00 8.3387576214322892e-06
1.6106098857341560e-03 -2.3749999999982696e-03 0.0000000000000000e+00 0.0000000000000000e+00 4.0076953747984474e+00 9.9428576729278948e-06
1.8818704980683278e-03 -2.7749999999975425e-03 0.0000000000000000e+00 0.0000000000000000e+00 4.0076812460296782e+00 1.3574139352607396e-05
2.4243917227366714e-03 -3.5749999999960900e-03 0.0000000000000000e+00 0.0000000000000000e+00 4.0076529897801629e+00 2.2529060843807024e-05
3.5094341720733587e-03 -5.1749999999931755e-03 0.0000000000000000e+00 0.0000000000000000e+00 4.0075964824239829e+00 4.7208590954267766e-05
5.6795190707467332e-03 -8.3749999999873648e-03 0.0000000000000000e+00 0.0000000000000000e+00 4.0074834882667751e+00 1.2364843649302929e-04
1.0019688868093481e-02 -1.4774999999975778e-02 0.0000000000000000e+00 0.0000000000000000e+00 4.0072575820868002e+00 3.8486756328666032e-04
1.8700028462786976e-02 -2.7574999999952589e-02 0.0000000000000000e+00 0.0000000000000000e+00 4.0068060975576705e+00 1.3407939152963292e-03
3.6060707652173965e-02 -5.3174999999906103e-02 0.0000000000000000e+00 0.0000000000000000e+00 4.0059044341415735e+00 4.9876418574691019e-03
7.0782066030947943e-02 -1.0437499999981303e-01 0.0000000000000000e+00 0.0000000000000000e+00 4.0041062848008657e+00 1.9229661450138949e-02
1.4022478278849590e-01 -2.0677499999962676e-01 0.0000000000000000e+00 0.0000000000000000e+00 4.0005303409523565e+00 7.5573737514460393e-02
2.7911021630359178e-01 -4.1157499999925379e-01 0.0000000000000000e+00 0.0000000000000000e+00 3.9934571166479169e+00 3.0023597352450671e-01
