1.3427400310541612e-03 -1.9799999999994913e-03 0.0000000000000000e+00 0.0000000000000000e+00 4.0077594825737393e+00 6.9104095605014121e-06
1.3563030616708699e-03 -1.9999999999994597e-03 0.0000000000000000e+00 0.0000000000000000e+00 4.0077592826736348e+00 7.0507194018959106e-06
1.3732568499417556e-03 -2.0249999999994170e-03 0.0000000000000000e+00 0.0000000000000000e+00 4.0077590327953230e+00 7.2280897486563734e-06
1.4071644264835271e-03 -2.0749999999993317e-03 0.0000000000000000e+00 0.0000000000000000e+00 4.0077585330459042e+00 7.5894405946218698e-06
1.4749795795670701e-03 -2.1749999999991611e-03 0.0000000000000000e+00 0.0000000000000000e+00 4.0077575335424127e+00 8.3385829139174055e-06
1.6106098857341560e-03 -2.3749999999988195e-03 0.0000000000000000e+00 0.0000000000000000e+00 4.0077555345480746e+00 9.9426302026568262e-06
1.8818704980683278e-03 -2.7749999999981331e-03 0.0000000000000000e+00 0.0000000000000000e+00 4.0077515365795264e+00 1.3573776506250420e-05
2.4243917227366714e-03 -3.5749999999967544e-03 0.0000000000000000e+00 0.0000000000000000e+00 4.0077435407476205e+00 2.2528285022067734e-05
3.5094341720733587e-03 -5.1749999999939848e-03 0.0000000000000000e+00 0.0000000000000000e+00 4.0077275494967379e+00 4.7206237721591376e-05
5.6795190707467332e-03 -8.3749999999884316e-03 0.0000000000000000e+00 0.0000000000000000e+00 4.0076955686413189e+00 1.2363846205914311e-04
1.0019688868093481e-02 -1.4774999999977357e-02 0.0000000000000000e+00 0.0000000000000000e+00 4.0076316135169421e+00 3.8481279662385320e-04
1.8700028462786976e-02 -2.7574999999955167e-02 0.0000000000000000e+00 0.0000000000000000e+00 4.0075037296035028e+00 1.3404378903963915e-03
3.6060707652173965e-02 -5.3174999999910717e-02 0.0000000000000000e+00 0.0000000000000000e+00 4.0072480669857411e+00 4.9850888251915023e-03
7.0782066030947943e-02 -1.0437499999982190e-01 0.0000000000000000e+00 0.0000000000000000e+00 4.0067371615553959e+00 1.9210354073202450e-02
1.4022478278849590e-01 -2.0677499999964377e-01 0.0000000000000000e+00 0.0000000000000000e+00 4.0057170216893896e+00 7.5423621198271368e-02
2.7911021630359178e-01 -4.1157499999928648e-01 0.0000000000000000e+00 0.0000000000000000e+00 4.0036833607002293e+00 2.9905216688751174e-01
