1.5702082455782032e-03 -1.9799999999975150e-03 0.0000000000000000e+00 0.0000000000000000e+00 3.4137565432383035e+00 1.0633593789521543e-05
1.5860689349274780e-03 -1.9999999999975137e-03 0.0000000000000000e+00 0.0000000000000000e+00 3.4137563634734094e+00 1.0849499707045524e-05
1.6058947966140717e-03 -2.0249999999975166e-03 0.0000000000000000e+00 0.0000000000000000e+00 3.4137561387660154e+00 1.1122433575929394e-05
1.6455465199872589e-03 -2.0749999999975211e-03 0.0000000000000000e+00 0.0000000000000000e+00 3.4137556893542911e+00 1.1678472890928131e-05
1.7248499667336333e-03 -2.1749999999975140e-03 0.0000000000000000e+00 0.0000000000000000e+00 3.4137547905304118e+00 1.2831237859088267e-05
1.8834568602263822e-03 -2.3749999999974907e-03 0.0000000000000000e+00 0.0000000000000000e+00 3.4137529928883059e+00 1.5299513381969708e-05
2.2006706472118801e-03 -2.7749999999974496e-03 0.0000000000000000e+00 0.0000000000000000e+00 3.4137493976212419e+00 2.0887048645258657e-05
2.8350982211828757e-03 -3.5749999999973906e-03 0.0000000000000000e+00 0.0000000000000000e+00 3.4137422071566443e+00 3.4666071012189364e-05
4.1039533691248666e-03 -5.1749999999972721e-03 0.0000000000000000e+00 0.0000000000000000e+00 3.4137278265095810e+00 7.2640042869448411e-05
6.6416636650088482e-03 -8.3749999999970480e-03 0.0000000000000000e+00 0.0000000000000000e+00 3.4136990663443942e+00 1.9025265317345550e-04
1.1717084256776811e-02 -1.4774999999996565e-02 0.0000000000000000e+00 0.0000000000000000e+00 3.4136415505273825e+00 5.9214420490660683e-04
2.1867925440312734e-02 -2.7574999999995423e-02 0.0000000000000000e+00 0.0000000000000000e+00 3.4135265369371091e+00 2.0626539510109135e-03
4.2169607807384581e-02 -5.3174999999993193e-02 0.0000000000000000e+00 0.0000000000000000e+00 3.4132965818599557e+00 7.6710705588713480e-03
8.2772972541528267e-02 -1.0437499999998921e-01 0.0000000000000000e+00 0.0000000000000000e+00 3.4128369595436103e+00 2.9561416597997825e-02
1.6397970200981565e-01 -2.0677499999998336e-01 0.0000000000000000e+00 0.0000000000000000e+00 3.4119188616661109e+00 1.1606755485625984e-01
3.2639316094639043e-01 -4.1157499999997305e-01 0.0000000000000000e+00 0.0000000000000000e+00 3.4100872164463754e+00 4.6023277518390260e-01
