8.6768268061889202e-04 -1.9800000000000676e-03 0.0000000000000000e+00 0.0000000000000000e+00 4.9468931398266687e+00 3.7495686179311802e-06
8.7644715214029497e-04 -2.0000000000000694e-03 0.0000000000000000e+00 0.0000000000000000e+00 4.9468918354393780e+00 3.8257013255883339e-06
8.8740274154204871e-04 -2.0250000000000714e-03 0.0000000000000000e+00 0.0000000000000000e+00 4.9468902049643546e+00 3.9219432605608344e-06
9.0931392034555619e-04 -2.0750000000000750e-03 0.0000000000000000e+00 0.0000000000000000e+00 4.9468869440479946e+00 4.1180139708612740e-06
9.5313627795257116e-04 -2.1750000000000831e-03 0.0000000000000000e+00 0.0000000000000000e+00 4.9468804223296639e+00 4.5245027947750921e-06
1.0407809931666011e-03 -2.3750000000000997e-03 0.0000000000000000e+00 0.0000000000000000e+00 4.9468673793701630e+00 5.3948703909840212e-06
1.2160704235946610e-03 -2.7750000000001315e-03 0.0000000000000000e+00 0.0000000000000000e+00 4.9468412953316179e+00 7.3651680579633296e-06
1.5666492844507807e-03 -3.5750000000001965e-03 0.0000000000000000e+00 0.0000000000000000e+00 4.9467891348106674e+00 1.2224034738458187e-05
2.2678070061630199e-03 -5.1750000000003260e-03 0.0000000000000000e+00 0.0000000000000000e+00 4.9466848439465787e+00 2.5615025071916031e-05
3.6701224495874984e-03 -8.3750000000005886e-03 0.0000000000000000e+00 0.0000000000000000e+00 4.9464763827698013e+00 6.7091406319289899e-05
6.4747533364364548e-03 -1.4775000000001117e-02 0.0000000000000000e+00 0.0000000000000000e+00 4.9460599412897910e+00 2.0883275266055497e-04
1.2084015110134367e-02 -2.7575000000002185e-02 0.0000000000000000e+00 0.0000000000000000e+00 4.9452289711660011e+00 7.2755763292663264e-04
2.3302538657530191e-02 -5.3175000000004316e-02 0.0000000000000000e+00 0.0000000000000000e+00 4.9435745977888095e+00 2.7066789613727979e-03
4.5739585752321843e-02 -1.0437500000000857e-01 0.0000000000000000e+00 0.0000000000000000e+00 4.9402954550422136e+00 1.0437230430559734e-02
9.0613679941905140e-02 -2.0677500000001703e-01 0.0000000000000000e+00 0.0000000000000000e+00 4.9338504668013847e+00 4.1032548943220559e-02
1.8036186832107173e-01 -4.1157500000003405e-01 0.0000000000000000e+00 0.0000000000000000e+00 4.9213755168828399e+00 1.6311989086655843e-01
3.5985824507940489e-01 -8.2117500000006804e-01 0.0000000000000000e+00 0.0000000000000000e+00 4.8978186199537070e+00 6.5376013511224551e-01
