1.9800000000000063e-23 -1.9799999999999649e-03 0.0000000000000000e+00 0.0000000000000000e+00 6.2831853071772148e+00 1.9601999999999304e-06
2.0000000000000064e-23 -1.9999999999999645e-03 0.0000000000000000e+00 0.0000000000000000e+00 6.2831853071790604e+00 1.9999999999999288e-06
2.0250000000000065e-23 -2.0249999999999643e-03 0.0000000000000000e+00 0.0000000000000000e+00 6.2831853071751391e+00 2.0503124999999277e-06
2.0750000000000067e-23 -2.0749999999999636e-03 0.0000000000000000e+00 0.0000000000000000e+00 6.2831853071790631e+00 2.1528124999999246e-06
2.1750000000000072e-23 -2.1749999999999617e-03 0.0000000000000000e+00 0.0000000000000000e+00 6.2831853071765336e+00 2.3653124999999166e-06
2.3750000000000081e-23 -2.3749999999999579e-03 0.0000000000000000e+00 0.0000000000000000e+00 6.2831853071765495e+00 2.8203124999999000e-06
2.7750000000000099e-23 -2.7749999999999507e-03 0.0000000000000000e+00 0.0000000000000000e+00 6.2831853071792008e+00 3.8503124999998630e-06
3.5750000000000135e-23 -3.5749999999999367e-03 0.0000000000000000e+00 0.0000000000000000e+00 6.2831853071772628e+00 6.3903124999997735e-06
5.1750000000000207e-23 -5.1749999999999088e-03 0.0000000000000000e+00 0.0000000000000000e+00 6.2831853071784103e+00 1.3390312499999528e-05
8.3750000000000352e-23 -8.3749999999998530e-03 0.0000000000000000e+00 0.0000000000000000e+00 6.2831853071789672e+00 3.5070312499998766e-05
1.4775000000000065e-22 -1.4774999999999743e-02 0.0000000000000000e+00 0.0000000000000000e+00 6.2831853071789237e+00 1.0915031249999620e-04
2.7575000000000128e-22 -2.7574999999999527e-02 0.0000000000000000e+00 0.0000000000000000e+00 6.2831853071793917e+00 3.8019031249998696e-04
5.3175000000000253e-22 -5.3174999999999091e-02 0.0000000000000000e+00 0.0000000000000000e+00 6.2831853071794761e+00 1.4137903124999518e-03
1.0437500000000049e-21 -1.0437499999999823e-01 0.0000000000000000e+00 0.0000000000000000e+00 6.2831853071795125e+00 5.4470703124998160e-03
2.0677500000000099e-21 -2.0677499999999652e-01 0.0000000000000000e+00 0.0000000000000000e+00 6.2831853071795321e+00 2.1377950312499280e-02
4.1157500000000199e-21 -4.1157499999999314e-01 0.0000000000000000e+00 0.0000000000000000e+00 6.2831853071795747e+00 8.4696990312497181e-02
8.2117500000000399e-21 -8.2117499999998644e-01 0.0000000000000000e+00 0.0000000000000000e+00 6.2831853071795702e+00 3.3716419031248884e-01
