8.6768268061889202e-04 -1.9799999999999584e-03 0.0000000000000000e+00 0.0000000000000000e+00 4.9469176058725681e+00 3.7495451491376941e-06
8.7644715214029497e-04 -1.9999999999999571e-03 0.0000000000000000e+00 0.0000000000000000e+00 4.9469165485090514e+00 3.8256771384115059e-06
8.8740274154204871e-04 -2.0249999999999548e-03 0.0000000000000000e+00 0.0000000000000000e+00 4.9469152268107202e+00 3.9219181549798918e-06
9.0931392034555619e-04 -2.0749999999999506e-03 0.0000000000000000e+00 0.0000000000000000e+00 4.9469125834376104e+00 4.1179869593118928e-06
9.5313627795257116e-04 -2.1749999999999422e-03 0.0000000000000000e+00 0.0000000000000000e+00 4.9469072967653300e+00 4.5244716867115810e-06
1.0407809931666011e-03 -2.3749999999999253e-03 0.0000000000000000e+00 0.0000000000000000e+00 4.9468967237360610e+00 5.3948298880919001e-06
1.2160704235946610e-03 -2.7749999999998917e-03 0.0000000000000000e+00 0.0000000000000000e+00 4.9468755789107268e+00 7.3651034502819049e-06
1.5666492844507807e-03 -3.5749999999998248e-03 0.0000000000000000e+00 0.0000000000000000e+00 4.9468332942283713e+00 1.2223896597224143e-05
2.2678070061630199e-03 -5.1749999999996929e-03 0.0000000000000000e+00 0.0000000000000000e+00 4.9467487447000256e+00 2.5614606060115616e-05
3.6701224495874984e-03 -8.3749999999994263e-03 0.0000000000000000e+00 0.0000000000000000e+00 4.9465797249072212e+00 6.7089630291990930e-05
6.4747533364364548e-03 -1.4774999999998888e-02 0.0000000000000000e+00 0.0000000000000000e+00 4.9462420016699564e+00 2.0882300102062685e-04
1.2084015110134367e-02 -2.7574999999997813e-02 0.0000000000000000e+00 0.0000000000000000e+00 4.9455678149014037e+00 7.2749423986156775e-04
2.3302538657530191e-02 -5.3174999999995670e-02 0.0000000000000000e+00 0.0000000000000000e+00 4.9442244350326199e+00 2.7062243736711449e-03
4.5739585752321843e-02 -1.0437499999999143e-01 0.0000000000000000e+00 0.0000000000000000e+00 4.9415572940904813e+00 1.0433792598545240e-02
9.0613679941905140e-02 -2.0677499999998297e-01 0.0000000000000000e+00 0.0000000000000000e+00 4.9362987232772539e+00 4.1005819539266401e-02
1.8036186832107173e-01 -4.1157499999996588e-01 0.0000000000000000e+00 0.0000000000000000e+00 4.9260635541018862e+00 1.6290910468022618e-01
3.5985824507940489e-01 -8.2117499999993149e-01 0.0000000000000000e+00 0.0000000000000000e+00 4.9065716023906765e+00 6.5208595436522088e-01
