1.5702082455782032e-03 -1.9800000000006748e-03 0.0000000000000000e+00 0.0000000000000000e+00 3.4137594651001293e+00 1.0633579594289863e-05
1.5860689349274780e-03 -2.0000000000007533e-03 0.0000000000000000e+00 0.0000000000000000e+00 3.4137593148481056e+00 1.0849485077295755e-05
1.6058947966140717e-03 -2.0250000000008573e-03 0.0000000000000000e+00 0.0000000000000000e+00 3.4137591270317738e+00 1.1122418390677887e-05
1.6455465199872589e-03 -2.0750000000010708e-03 0.0000000000000000e+00 0.0000000000000000e+00 3.4137587514020900e+00 1.1678456552841247e-05
1.7248499667336333e-03 -2.1750000000015000e-03 0.0000000000000000e+00 0.0000000000000000e+00 3.4137580001419621e+00 1.2831219043202570e-05
1.8834568602263822e-03 -2.3750000000023414e-03 0.0000000000000000e+00 0.0000000000000000e+00 3.4137564976260277e+00 1.5299488883570413e-05
2.2006706472118801e-03 -2.7750000000040065e-03 0.0000000000000000e+00 0.0000000000000000e+00 3.4137534926059931e+00 2.0887009566942983e-05
2.8350982211828757e-03 -3.5750000000073483e-03 0.0000000000000000e+00 0.0000000000000000e+00 3.4137474826141916e+00 3.4665987456682849e-05
4.1039533691248666e-03 -5.1750000000140035e-03 0.0000000000000000e+00 0.0000000000000000e+00 3.4137354628276828e+00 7.2639789427711969e-05
6.6416636650088482e-03 -8.3750000000272617e-03 0.0000000000000000e+00 0.0000000000000000e+00 3.4137114240434947e+00 1.9025157893253866e-04
1.1717084256776811e-02 -1.4775000000053882e-02 0.0000000000000000e+00 0.0000000000000000e+00 3.4136633496284996e+00 5.9213830656584614e-04
2.1867925440312734e-02 -2.7575000000107076e-02 0.0000000000000000e+00 0.0000000000000000e+00 3.4135672134060950e+00 2.0626156073076372e-03
4.2169607807384581e-02 -5.3175000000213350e-02 0.0000000000000000e+00 0.0000000000000000e+00 3.4133749913500551e+00 7.6707955985364906e-03
8.2772972541528267e-02 -1.0437500000042503e-01 0.0000000000000000e+00 0.0000000000000000e+00 3.4129907484571786e+00 2.9559337202731642e-02
1.6397970200981565e-01 -2.0677500000084875e-01 0.0000000000000000e+00 0.0000000000000000e+00 3.4122230648605560e+00 1.1605138740012569e-01
3.2639316094639043e-01 -4.1157500000169833e-01 0.0000000000000000e+00 0.0000000000000000e+00 3.4106908850652662e+00 4.6010527976735838e-01
