1.3427400310541612e-03 -1.9800000000006006e-03 0.0000000000000000e+00 0.0000000000000000e+00 4.0076257473826491e+00 6.9107610384801934e-06
1.3563030616708699e-03 -2.0000000000006146e-03 0.0000000000000000e+00 0.0000000000000000e+00 4.0076241968759012e+00 7.0510816386692151e-06
1.3732568499417556e-03 -2.0250000000006352e-03 0.0000000000000000e+00 0.0000000000000000e+00 4.0076222587464105e+00 7.2284657398148447e-06
1.4071644264835271e-03 -2.0750000000006770e-03 0.0000000000000000e+00 0.0000000000000000e+00 4.0076183825184311e+00 7.5898451303214564e-06
1.4749795795670701e-03 -2.1750000000007631e-03 0.0000000000000000e+00 0.0000000000000000e+00 4.0076106301529499e+00 8.3390488006413040e-06
1.6106098857341560e-03 -2.3750000000009389e-03 0.0000000000000000e+00 0.0000000000000000e+00 4.0075951258152287e+00 9.9432367900691499e-06
1.8818704980683278e-03 -2.7750000000012847e-03 0.0000000000000000e+00 0.0000000000000000e+00 4.0075641186819979e+00 1.3574744096570817e-05
2.4243917227366714e-03 -3.5750000000019781e-03 0.0000000000000000e+00 0.0000000000000000e+00 4.0075021106072626e+00 2.2530353880106160e-05
3.5094341720733587e-03 -5.1750000000033575e-03 0.0000000000000000e+00 0.0000000000000000e+00 4.0073781192020412e+00 4.7212513008888247e-05
5.6795190707467332e-03 -8.3750000000061327e-03 0.0000000000000000e+00 0.0000000000000000e+00 4.0071302352456435e+00 1.2366506054996716e-04
1.0019688868093481e-02 -1.4775000000011687e-02 0.0000000000000000e+00 0.0000000000000000e+00 4.0066348618109719e+00 3.8495884105953064e-04
1.8700028462786976e-02 -2.7575000000022824e-02 0.0000000000000000e+00 0.0000000000000000e+00 4.0056456853631284e+00 1.3413872901350636e-03
3.6060707652173965e-02 -5.3175000000044971e-02 0.0000000000000000e+00 0.0000000000000000e+00 4.0036735546841875e+00 4.9918969112859738e-03
7.0782066030947943e-02 -1.0437500000008926e-01 0.0000000000000000e+00 0.0000000000000000e+00 3.9997537144025590e+00 1.9261840411781132e-02
1.4022478278849590e-01 -2.0677500000017793e-01 0.0000000000000000e+00 0.0000000000000000e+00 3.9920080984467106e+00 7.5823931375096396e-02
2.7911021630359178e-01 -4.1157500000035535e-01 0.0000000000000000e+00 0.0000000000000000e+00 3.9768659982127263e+00 3.0220898458743906e-01
