1.5702082455782032e-03 -1.9799999999996539e-03 0.0000000000000000e+00 0.0000000000000000e+00 3.4137536213919901e+00 1.0633607984791935e-05
1.5860689349274780e-03 -1.9999999999997624e-03 0.0000000000000000e+00 0.0000000000000000e+00 3.4137534121145423e+00 1.0849514336835787e-05
1.6058947966140717e-03 -2.0249999999998854e-03 0.0000000000000000e+00 0.0000000000000000e+00 3.4137531505164844e+00 1.1122448761223556e-05
1.6455465199872589e-03 -2.0750000000001206e-03 0.0000000000000000e+00 0.0000000000000000e+00 3.4137526273235297e+00 1.1678489229062093e-05
1.7248499667336333e-03 -2.1750000000005879e-03 0.0000000000000000e+00 0.0000000000000000e+00 3.4137515809375816e+00 1.2831256675030617e-05
1.8834568602263822e-03 -2.3750000000015113e-03 0.0000000000000000e+00 0.0000000000000000e+00 3.4137494881729054e+00 1.5299537880446740e-05
2.2006706472118801e-03 -2.7750000000033477e-03 0.0000000000000000e+00 0.0000000000000000e+00 3.4137453026669675e+00 2.0887087723701853e-05
2.8350982211828757e-03 -3.5750000000070044e-03 0.0000000000000000e+00 0.0000000000000000e+00 3.4137369317496900e+00 3.4666154567954034e-05
4.1039533691248666e-03 -5.1750000000143253e-03 0.0000000000000000e+00 0.0000000000000000e+00 3.4137201902975161e+00 7.2640296311829927e-05
6.6416636650088482e-03 -8.3750000000289218e-03 0.0000000000000000e+00 0.0000000000000000e+00 3.4136867089230245e+00 1.9025372741629084e-04
1.1717084256776811e-02 -1.4775000000058177e-02 0.0000000000000000e+00 0.0000000000000000e+00 3.4136197522903875e+00 5.9215010325385073e-04
2.1867925440312734e-02 -2.7575000000116295e-02 0.0000000000000000e+00 0.0000000000000000e+00 3.4134858634755707e+00 2.0626922947378471e-03
4.2169607807384581e-02 -5.3175000000232744e-02 0.0000000000000000e+00 0.0000000000000000e+00 3.4132181835344602e+00 7.6713455192963954e-03
8.2772972541528267e-02 -1.0437500000046658e-01 0.0000000000000000e+00 0.0000000000000000e+00 3.4126832134980254e+00 2.9563495993615657e-02
1.6397970200981565e-01 -2.0677500000093274e-01 0.0000000000000000e+00 0.0000000000000000e+00 3.4116148255652692e+00 1.1608372231377853e-01
3.2639316094639043e-01 -4.1157500000186265e-01 0.0000000000000000e+00 0.0000000000000000e+00 3.4094842008396942e+00 4.6036027060593626e-01
