   8.5584608602302839e-02  -2.3740757703174459e-01   0.0000000000000000e+00   0.0000000000000000e+00
   8.5584608602302825e-02  -2.3740757703174456e-01  -4.9243798327936286e-09   1.4433756729740646e-08
   8.5584608602302756e-02  -2.3740757703174434e-01  -1.4773139498380881e-08   4.3301270189221924e-08
   8.5584608602302381e-02  -2.3740757703174323e-01  -3.4470658829555331e-08   1.0103629710818433e-07
   8.5584608602300716e-02  -2.3740757703173834e-01  -7.3865697491903856e-08   2.1650635094610776e-07
   8.5584608602293749e-02  -2.3740757703171791e-01  -1.5265577481659684e-07   4.4744645862194333e-07
   8.5584608602265258e-02  -2.3740757703163440e-01  -3.1023592946595066e-07   9.0932667397352091e-07
   8.5584608602150072e-02  -2.3740757703129678e-01  -6.2539623876439725e-07   1.8330871046759163e-06
   8.5584608601686887e-02  -2.3740757702993914e-01  -1.2557168573591877e-06   3.6806079660745917e-06
   8.5584608599829304e-02  -2.3740757702449439e-01  -2.5163580945318901e-06   7.3756496888228484e-06
   8.5584608592389241e-02  -2.3740757700268697e-01  -5.0376405687420420e-06   1.4765733133925947e-05
   8.5584608562609604e-02  -2.3740757691540046e-01  -1.0080205516079412e-05   2.9545900020982190e-05
   8.5584608443452267e-02  -2.3740757656614064e-01  -2.0165335402087056e-05   5.9106233769884479e-05
   8.5584607966745316e-02  -2.3740757516887390e-01  -4.0335595104751067e-05   1.1822690106596539e-04
   8.5584606059762286e-02  -2.3740756957935197e-01  -8.0676113955210839e-05   2.3646823404416861e-04
   8.5584598431519943e-02  -2.3740754722035493e-01  -1.6135714721695211e-04   4.7295088708823124e-04
   8.5584567917932175e-02  -2.3740745778255401e-01  -3.2271917822608088e-04   9.4591608987490883e-04
   8.5584517061547224e-02  -2.3740730871836421e-01  -4.8408112805866960e-04   1.4188810565414465e-03
   8.5584445862377873e-02  -2.3740710002782273e-01  -6.4544295612585544e-04   1.8918456690260482e-03
   8.5584354320442035e-02  -2.3740683171098162e-01  -8.0680462183880706e-04   2.3648098092670061e-03
   8.5584110208368119e-02  -2.3740611619868343e-01  -1.1295273038469025e-03   3.3107362007717823e-03
   8.5583377872378449e-02  -2.3740396966243613e-01  -1.7749689337096153e-03   5.2025781221591624e-03
   8.5582320056525593e-02  -2.3740086911819541e-01  -2.4204034199858237e-03   7.0943992648226659e-03
   8.5580936765066853e-02  -2.3739681457834463e-01  -3.0658281650439764e-03   8.9861920729644405e-03
   8.5579228003569457e-02  -2.3739180605907731e-01  -3.7112405712926505e-03   1.0877948990899892e-02
   8.5577193778910529e-02  -2.3738584358039710e-01  -4.3566380411912548e-03   1.2769662463087889e-02
   8.5572148974165888e-02  -2.3737105684386292e-01  -5.6473777820942464e-03   1.6552928848955512e-02
   8.5558154254722227e-02  -2.3733003716090359e-01  -8.2285637440594923e-03   2.4118607850902848e-02
   8.5538953507905857e-02  -2.3727375815072810e-01  -1.0809219839759278e-02   3.1682745612845571e-02
   8.5514547970119481e-02  -2.3720222340970734e-01  -1.3389179892937924e-02   3.9244858767394052e-02
   8.5484939212917041e-02  -2.3711543750909159e-01  -1.5968277773217278e-02   4.6804464076644132e-02
   8.5450129142900094e-02  -2.3701340599471815e-01  -1.8546347407046162e-02   5.4361078463082933e-02
   8.5410120001592163e-02  -2.3689613538665666e-01  -2.1123222788645767e-02   6.1914219040484407e-02
   8.5314515144898823e-02  -2.3661590783834566e-01  -2.6272727176540958e-02   7.7008148364990384e-02
   8.5198149267299059e-02  -2.3627482649195997e-01  -3.1415464661711343e-02   9.2082393959282791e-02
   8.5061052340257695e-02  -2.3587297852985642e-01  -3.6550110752858488e-02   1.0713310276794327e-01
   8.4903259674341439e-02  -2.3541046666664442e-01  -4.1675343091646153e-02   1.2215642775668797e-01
   8.4724811909910963e-02  -2.3488740912290965e-01  -4.6789841801156667e-02   1.3714852889649509e-01
   8.4525755006408618e-02  -2.3430393959497134e-01  -5.1892289833635058e-02   1.5210557414593445e-01
   8.4306140230244894e-02  -2.3366020722068037e-01  -5.6981373317421015e-02   1.6702374043144702e-01
   8.3805468577953887e-02  -2.3219262745925145e-01  -6.7114209107861075e-02   1.9672819452112494e-01
   8.3223312675439740e-02  -2.3048617022387338e-01  -7.7177914843821277e-02   2.2623152303181335e-01
   8.2560272147293418e-02  -2.2854258011378534e-01  -8.7162129045730036e-02   2.5550356361883053e-01
   8.1817029888481649e-02  -2.2636384415717112e-01  -9.7056573983543878e-02   2.8451439058635564e-01
   8.0994351344962703e-02  -2.2395218977808368e-01  -1.0685106648126670e-01   3.1323434550433427e-01
   8.0093083707554941e-02  -2.2131008251742476e-01  -1.1653552861326588e-01   3.4163406755104708e-01
   7.9114155019980120e-02  -2.1844022351031878e-01  -1.2609999828026489e-01   3.6968452355020648e-01
   7.8058573202100620e-02  -2.1534554672247058e-01  -1.3553463965306894e-01   3.9735703767176672e-01
   7.6927424989465171e-02  -2.1202921594834295e-01  -1.4482975347227400e-01   4.2462332076598380e-01
   7.5721874790372332e-02  -2.0849462157423579e-01  -1.5397578719241339e-01   4.5145549930062795e-01
   7.3092607005254509e-02  -2.0078531549005585e-01  -1.7178319740902820e-01   5.0370829725840638e-01
   7.0485037985863142e-02  -1.9313900301122219e-01  -1.8720753460047604e-01   5.4898105897120097e-01
   6.7657927732668946e-02  -1.8484820967484136e-01  -2.0200803221902988e-01   5.9243579345707886e-01
   6.4620695849243501e-02  -1.7594039146523871e-01  -2.1613555504954304e-01   6.3392861322825289e-01
   6.1383459153573093e-02  -1.6644504742568469e-01  -2.2954325106050072e-01   6.7332213210440550e-01
   5.7956997374833626e-02  -1.5639362190777545e-01  -2.4218670753487576e-01   7.1048592018836254e-01
   5.4352716646092931e-02  -1.4581940037914090e-01  -2.5402409837913759e-01   7.4529693573433720e-01
   5.0582610924669980e-02  -1.3475739913554691e-01  -2.6501632211976284e-01   7.7763993247852148e-01
   4.6659221478716442e-02  -1.2324424928365238e-01  -2.7512713013742035e-01   8.0740784108402919e-01
   4.2595594584811797e-02  -1.1131807537962708e-01  -2.8432324473122916e-01   8.3450212343894281e-01
   3.8405237586970120e-02  -9.9018369126502109e-02  -2.9257446664879327e-01   8.5883309863704116e-01
   3.4102073472428114e-02  -8.6385858549439073e-02  -2.9985377176187028e-01   8.8032023956551320e-01
   2.9700394123907028e-02  -7.3462373083014954e-02  -3.0613739661223577e-01   8.9889243912216477e-01
   2.5214812411719866e-02  -6.0290705018089821e-02  -3.1140491259730557e-01   9.1448824518601257e-01
   2.0660213292108199e-02  -4.6914467767786100e-02  -3.1563928861012797e-01   9.2705606356939141e-01
   1.6051704080564305e-02  -3.3377951422553516e-02  -3.1882694199318834e-01   9.3655432828638507e-01
   1.1404564070610556e-02  -1.9725976073162409e-02  -3.2095777770987033e-01   9.4295163858120301e-01
   6.7341936695863467e-03  -6.0037433877498563e-03  -3.2202521568114739e-01   9.4622686227066544e-01
   2.0560632234418530e-03   7.7433130652945527e-03  -3.2202620627795941e-01   9.4636920506689892e-01
  -2.6143382976287969e-03   2.1469678252785524e-02  -3.2096123400153737e-01   9.4337824565924011e-01
  -7.2615545816467775e-03   3.5129906372337899e-02  -3.1883430942454843e-01   9.3726393644789974e-01
  -1.1870213055677883e-02   4.8678771309164599e-02  -3.1565294950515427e-01   9.2804656993570434e-01
  -1.6425075597212079e-02   6.2071416356055148e-02  -3.1142814642380601e-01   9.1575671089787847e-01
  -2.0911088710715224e-02   7.5263502701080426e-02  -3.0617432512871207e-01   9.0043509456295490e-01
  -2.5313433006925526e-02   8.8211356191768175e-02  -2.9990928981032949e-01   8.8213249115014536e-01
  -2.9617571825908403e-02   1.0087211189031907e-01  -2.9265415955786772e-01   8.6090953721949814e-01
  -3.3809298848782122e-02   1.1320385594185517e-01  -2.8443329348160834e-01   8.3683653440054273e-01
  -3.7874784547362039e-02   1.2516576428669224e-01  -2.7527420561380506e-01   8.0999321617253739e-01
  -4.1800621325711745e-02   1.3671823775816846e-01  -2.6520746992800887e-01   7.8046848347452080e-01
  -4.5573867212710790e-02   1.4782303311961165e-01  -2.5426661584188209e-01   7.4836011002581360e-01
  -4.9182087970222492e-02   1.5844338960754289e-01  -2.4248801459192287e-01   7.1377441833705912e-01
  -5.2613397487244508e-02   1.6854415056315067e-01  -2.2991075689006005e-01   6.7682592748805281e-01
  -5.5856496336525188e-02   1.7809187975037735e-01  -2.1657652229183541e-01   6.3763697384113860e-01
  -5.8900708376501666e-02   1.8705497197658130e-01  -2.0252944072392237e-01   5.9633730594759793e-01
  -6.1736015288040097e-02   1.9540375765062065e-01  -1.8781594663509979e-01   5.5306365498890075e-01
  -6.4353088942307318e-02   2.0311060093327638e-01  -1.7248462624957442e-01   5.0795928217469766e-01
  -6.6743321503157066e-02   2.1014999115613850e-01  -1.5658605841481005e-01   4.6117350459472517e-01
  -6.8898853174648514e-02   2.1649862720733690e-01  -1.4017264954783840e-01   4.1286120109216273e-01
  -7.0812597511712344e-02   2.2213549460574608e-01  -1.2329846319450222e-01   3.6318229979117739e-01
  -7.2478264219518848e-02   2.2704193500944536e-01  -1.0601904472526585e-01   3.1230124897123485e-01
  -7.3890379374767182e-02   2.3120170792919983e-01  -8.8391241699235096e-02   2.6038647303504397e-01
  -7.5044303009887223e-02   2.3460104444345586e-01  -7.0473020434900960e-02   2.0760981536557693e-01
  -7.5936244009009737e-02   2.3722869273773947e-01  -5.2323279331963159e-02   1.5414596991031038e-01
  -7.6563272272503480e-02   2.3907595531831363e-01  -3.4001659493436649e-02   1.0017190336753833e-01
  -7.6923328114882575e-02   2.4013671777741075e-01  -1.5568353201181440e-02   4.5866269880199206e-02
  -7.7018568457627931e-02   2.4041730788038279e-01   2.7755575615628914e-17   2.1337098754514727e-16
