   6.8024389337134565e-05  -1.9999018435576681e-04   0.0000000000000000e+00   0.0000000000000000e+00   1.5857021281886772e+00   3.5030733138751357e-07
   1.3604877867426913e-04  -3.9996074057547539e-04   0.0000000000000000e+00   0.0000000000000000e+00   1.5857021281287249e+00   1.4011064838537746e-06
   2.0407316801140371e-04  -5.9991167338541867e-04   0.0000000000000000e+00   0.0000000000000000e+00   1.5857021279448527e+00   3.1522132515077348e-06
   2.7209755734853831e-04  -7.9984298750893404e-04   0.0000000000000000e+00   0.0000000000000000e+00   1.5857021277264365e+00   5.6034435039486696e-06
   3.4012194668567292e-04  -9.9975468766630264e-04   0.0000000000000000e+00   0.0000000000000000e+00   1.5857021274484895e+00   8.7546131862052261e-06
   4.0814633602280753e-04  -1.1996467785753211e-03   0.0000000000000000e+00   0.0000000000000000e+00   1.5857021271057641e+00   1.2605538318685268e-05
   4.7617072535994213e-04  -1.3995192649503491e-03   0.0000000000000000e+00   0.0000000000000000e+00   1.5857021267033662e+00   1.7156034997102980e-05
   5.4419511469707674e-04  -1.5993721515039311e-03   0.0000000000000000e+00   0.0000000000000000e+00   1.5857021262382349e+00   2.2405919392452747e-05
   6.1221950403421129e-04  -1.7992054429442508e-03   0.0000000000000000e+00   0.0000000000000000e+00   1.5857021257099255e+00   2.8355007750895800e-05
   6.8024389337134584e-04  -1.9990191439769266e-03   0.0000000000000000e+00   0.0000000000000000e+00   1.5857021251233094e+00   3.5003116393735230e-05
   7.4826828270848039e-04  -2.1988132593054369e-03   0.0000000000000000e+00   0.0000000000000000e+00   1.5857021244710927e+00   4.2350061717377539e-05
   8.1629267204561494e-04  -2.3985877936310122e-03   0.0000000000000000e+00   0.0000000000000000e+00   1.5857021237586497e+00   5.0395660193282117e-05
   8.8431706138274949e-04  -2.5983427516491396e-03   0.0000000000000000e+00   0.0000000000000000e+00   1.5857021229838137e+00   5.9139728367770405e-05
   9.5234145071988404e-04  -2.7980781380562147e-03   0.0000000000000000e+00   0.0000000000000000e+00   1.5857021221473004e+00   6.8582082862215301e-05
   1.0203658400570186e-03  -2.9977939575422888e-03   0.0000000000000000e+00   0.0000000000000000e+00   1.5857021212492812e+00   7.8722540372701022e-05
   1.0883902293941533e-03  -3.1974902147965693e-03   0.0000000000000000e+00   0.0000000000000000e+00   1.5857021202893047e+00   8.9560917670187076e-05
   1.1564146187312879e-03  -3.3971669145042788e-03   0.0000000000000000e+00   0.0000000000000000e+00   1.5857021192676417e+00   1.0109703160031446e-04
   1.2244390080684226e-03  -3.5968240613501526e-03   0.0000000000000000e+00   0.0000000000000000e+00   1.5857021181836568e+00   1.1333069908352799e-04
   1.2924633974055572e-03  -3.7964616600123938e-03   0.0000000000000000e+00   0.0000000000000000e+00   1.5857021170381713e+00   1.2626173711469552e-04
   1.3604877867426919e-03  -3.9960797151687441e-03   0.0000000000000000e+00   0.0000000000000000e+00   1.5857021158302189e+00   1.3988996276337356e-04
   1.4285121760798266e-03  -4.1956782314939997e-03   0.0000000000000000e+00   0.0000000000000000e+00   1.5857021145619368e+00   1.5421519317362366e-04
   1.4965365654169612e-03  -4.3952572136580926e-03   0.0000000000000000e+00   0.0000000000000000e+00   1.5857021132318119e+00   1.6923724556382094e-04
   1.5645609547540959e-03  -4.5948166663329825e-03   0.0000000000000000e+00   0.0000000000000000e+00   1.5857021118393115e+00   1.8495593722706245e-04
   1.6325853440912305e-03  -4.7943565941808777e-03   0.0000000000000000e+00   0.0000000000000000e+00   1.5857021103844768e+00   2.0137108553029936e-04
   1.7006097334283652e-03  -4.9938770018665216e-03   0.0000000000000000e+00   0.0000000000000000e+00   1.5857021088687460e+00   2.1848250791513488e-04
   1.7686341227654999e-03  -5.1933778940486007e-03   0.0000000000000000e+00   0.0000000000000000e+00   1.5857021072913737e+00   2.3629002189715044e-04
   1.8366585121026345e-03  -5.3928592753861321e-03   0.0000000000000000e+00   0.0000000000000000e+00   1.5857021056523075e+00   2.5479344506633916e-04
   1.9046829014397692e-03  -5.5923211505336306e-03   0.0000000000000000e+00   0.0000000000000000e+00   1.5857021039513723e+00   2.7399259508667392e-04
   1.9727072907769041e-03  -5.7917635241405870e-03   0.0000000000000000e+00   0.0000000000000000e+00   1.5857021021890738e+00   2.9388728969597630e-04
   2.0407316801140389e-03  -5.9911864008566533e-03   0.0000000000000000e+00   0.0000000000000000e+00   1.5857021003651663e+00   3.1447734670631358e-04
   2.1087560694511738e-03  -6.1905897853264807e-03   0.0000000000000000e+00   0.0000000000000000e+00   1.5857020984796539e+00   3.3576258400348617e-04
   2.1767804587883087e-03  -6.3899736821952562e-03   0.0000000000000000e+00   0.0000000000000000e+00   1.5857020965325699e+00   3.5774281954749289e-04
   2.2448048481254436e-03  -6.5893380961033815e-03   0.0000000000000000e+00   0.0000000000000000e+00   1.5857020945237859e+00   3.8041787137197536e-04
   2.3128292374625784e-03  -6.7886830316856031e-03   0.0000000000000000e+00   0.0000000000000000e+00   1.5857020924536023e+00   4.0378755758403804e-04
   2.3808536267997133e-03  -6.9880084935763755e-03   0.0000000000000000e+00   0.0000000000000000e+00   1.5857020903219270e+00   4.2785169636473566e-04
   2.4488780161368482e-03  -7.1873144864098128e-03   0.0000000000000000e+00   0.0000000000000000e+00   1.5857020881288029e+00   4.5261010596905026e-04
   2.5169024054739831e-03  -7.3866010148135042e-03   0.0000000000000000e+00   0.0000000000000000e+00   1.5857020858740705e+00   4.7806260472515636e-04
   2.5849267948111179e-03  -7.5858680834149962e-03   0.0000000000000000e+00   0.0000000000000000e+00   1.5857020835573508e+00   5.0420901103507784e-04
   2.6529511841482528e-03  -7.7851156968343511e-03   0.0000000000000000e+00   0.0000000000000000e+00   1.5857020811801465e+00   5.3104914337376492e-04
   2.7209755734853877e-03  -7.9843438596920221e-03   0.0000000000000000e+00   0.0000000000000000e+00   1.5857020787410747e+00   5.5858282028995268e-04
   2.7889999628225226e-03  -8.1835525766083984e-03   0.0000000000000000e+00   0.0000000000000000e+00   1.5857020762405807e+00   5.8680986040609510e-04
   2.8570243521596574e-03  -8.3827418521982971e-03   0.0000000000000000e+00   0.0000000000000000e+00   1.5857020736786642e+00   6.1573008241762686e-04
   2.9250487414967923e-03  -8.5819116910685524e-03   0.0000000000000000e+00   0.0000000000000000e+00   1.5857020710557996e+00   6.4534330509253895e-04
   2.9930731308339272e-03  -8.7810620978353779e-03   0.0000000000000000e+00   0.0000000000000000e+00   1.5857020683711049e+00   6.7564934727363493e-04
   3.0610975201710621e-03  -8.9801930771002368e-03   0.0000000000000000e+00   0.0000000000000000e+00   1.5857020656246414e+00   7.0664802787526247e-04
   3.1291219095081970e-03  -9.1793046334655293e-03   0.0000000000000000e+00   0.0000000000000000e+00   1.5857020628172724e+00   7.3833916588533148e-04
   3.1971462988453318e-03  -9.3783967715371109e-03   0.0000000000000000e+00   0.0000000000000000e+00   1.5857020599486886e+00   7.7072258036568709e-04
   3.2651706881824667e-03  -9.5774694959068832e-03   0.0000000000000000e+00   0.0000000000000000e+00   1.5857020570187899e+00   8.0379809044953316e-04
   3.3331950775196016e-03  -9.7765228111746389e-03   0.0000000000000000e+00   0.0000000000000000e+00   1.5857020540274915e+00   8.3756551534455411e-04
   3.4012194668567365e-03  -9.9755567219326612e-03   0.0000000000000000e+00   0.0000000000000000e+00   1.5857020509748838e+00   8.7202467433061554e-04
   3.4692438561938713e-03  -1.0174571232764705e-02   0.0000000000000000e+00   0.0000000000000000e+00   1.5857020478606620e+00   9.0717538675946893e-04
   3.5372682455310062e-03  -1.0373566348263290e-02   0.0000000000000000e+00   0.0000000000000000e+00   1.5857020446855372e+00   9.4301747205742504e-04
   3.6052926348681411e-03  -1.0572542073010364e-02   0.0000000000000000e+00   0.0000000000000000e+00   1.5857020414492211e+00   9.7955074972226695e-04
   3.6733170242052760e-03  -1.0771498411588993e-02   0.0000000000000000e+00   0.0000000000000000e+00   1.5857020381516476e+00   1.0167750393250497e-03
   3.7413414135424108e-03  -1.0970435368573369e-02   0.0000000000000000e+00   0.0000000000000000e+00   1.5857020347929118e+00   1.0546901605083853e-03
   3.8093658028795457e-03  -1.1169352948539043e-02   0.0000000000000000e+00   0.0000000000000000e+00   1.5857020313729833e+00   1.0932959329880846e-03
   3.8773901922166806e-03  -1.1368251156062588e-02   0.0000000000000000e+00   0.0000000000000000e+00   1.5857020278918577e+00   1.1325921765531067e-03
   3.9454145815538150e-03  -1.1567129995711916e-02   0.0000000000000000e+00   0.0000000000000000e+00   1.5857020243494497e+00   1.1725787110638051e-03
   4.0134389708909495e-03  -1.1765989472056778e-02   0.0000000000000000e+00   0.0000000000000000e+00   1.5857020207460537e+00   1.2132553564537167e-03
   4.0814633602280839e-03  -1.1964829589656913e-02   0.0000000000000000e+00   0.0000000000000000e+00   1.5857020170815235e+00   1.2546219327273546e-03
   4.1494877495652184e-03  -1.2163650353073803e-02   0.0000000000000000e+00   0.0000000000000000e+00   1.5857020133559128e+00   1.2966782599622842e-03
   4.2175121389023528e-03  -1.2362451766873202e-02   0.0000000000000000e+00   0.0000000000000000e+00   1.5857020095691876e+00   1.3394241583096272e-03
   4.2855365282394873e-03  -1.2561233835601931e-02   0.0000000000000000e+00   0.0000000000000000e+00   1.5857020057213860e+00   1.3828594479895402e-03
   4.3535609175766217e-03  -1.2759996563822524e-02   0.0000000000000000e+00   0.0000000000000000e+00   1.5857020018125210e+00   1.4269839492978488e-03
   4.4215853069137561e-03  -1.2958739956076215e-02   0.0000000000000000e+00   0.0000000000000000e+00   1.5857019978426261e+00   1.4717974825987482e-03
   4.4896096962508906e-03  -1.3157464016917728e-02   0.0000000000000000e+00   0.0000000000000000e+00   1.5857019938116841e+00   1.5172998683316468e-03
   4.5576340855880250e-03  -1.3356168750892371e-02   0.0000000000000000e+00   0.0000000000000000e+00   1.5857019897197024e+00   1.5634909270065599e-03
   4.6256584749251595e-03  -1.3554854162534848e-02   0.0000000000000000e+00   0.0000000000000000e+00   1.5857019855667636e+00   1.6103704792036985e-03
   4.6936828642622939e-03  -1.3753520256394496e-02   0.0000000000000000e+00   0.0000000000000000e+00   1.5857019813528284e+00   1.6579383455787400e-03
   4.7617072535994284e-03  -1.3952167037000725e-02   0.0000000000000000e+00   0.0000000000000000e+00   1.5857019770779266e+00   1.7061943468554756e-03
   4.8297316429365628e-03  -1.4150794508887270e-02   0.0000000000000000e+00   0.0000000000000000e+00   1.5857019727420889e+00   1.7551383038308720e-03
   4.8977560322736972e-03  -1.4349402676590626e-02   0.0000000000000000e+00   0.0000000000000000e+00   1.5857019683452904e+00   1.8047700373747784e-03
   4.9657804216108317e-03  -1.4547991544636544e-02   0.0000000000000000e+00   0.0000000000000000e+00   1.5857019638876424e+00   1.8550893684268696e-03
   5.0338048109479661e-03  -1.4746561117553922e-02   0.0000000000000000e+00   0.0000000000000000e+00   1.5857019593689174e+00   1.9060961179996829e-03
   5.1018292002851006e-03  -1.4945111399856948e-02   0.0000000000000000e+00   0.0000000000000000e+00   1.5857019547894977e+00   1.9577901071744651e-03
   5.1698535896222350e-03  -1.5143642396074512e-02   0.0000000000000000e+00   0.0000000000000000e+00   1.5857019501491225e+00   2.0101711571079246e-03
   5.2378779789593695e-03  -1.5342154110721247e-02   0.0000000000000000e+00   0.0000000000000000e+00   1.5857019454478922e+00   2.0632390890254725e-03
   5.3059023682965039e-03  -1.5540646548314770e-02   0.0000000000000000e+00   0.0000000000000000e+00   1.5857019406858019e+00   2.1169937242251943e-03
   5.3739267576336383e-03  -1.5739119713361449e-02   0.0000000000000000e+00   0.0000000000000000e+00   1.5857019358629147e+00   2.1714348840743665e-03
   5.4419511469707728e-03  -1.5937573610373252e-02   0.0000000000000000e+00   0.0000000000000000e+00   1.5857019309791982e+00   2.2265623900134873e-03
   5.5099755363079072e-03  -1.6136008243857223e-02   0.0000000000000000e+00   0.0000000000000000e+00   1.5857019260346636e+00   2.2823760635536832e-03
   5.5779999256450417e-03  -1.6334423618313849e-02   0.0000000000000000e+00   0.0000000000000000e+00   1.5857019210294130e+00   2.3388757262762030e-03
   5.6460243149821761e-03  -1.6532819738253105e-02   0.0000000000000000e+00   0.0000000000000000e+00   1.5857019159633479e+00   2.3960611998364682e-03
   5.7140487043193106e-03  -1.6731196608164536e-02   0.0000000000000000e+00   0.0000000000000000e+00   1.5857019108365624e+00   2.4539323059563473e-03
   5.7820730936564450e-03  -1.6929554232543682e-02   0.0000000000000000e+00   0.0000000000000000e+00   1.5857019056490573e+00   2.5124888664308509e-03
   5.8500974829935794e-03  -1.7127892615892853e-02   0.0000000000000000e+00   0.0000000000000000e+00   1.5857019004007915e+00   2.5717307031284248e-03
   5.9181218723307139e-03  -1.7326211762689923e-02   0.0000000000000000e+00   0.0000000000000000e+00   1.5857018950918675e+00   2.6316576379825461e-03
   5.9861462616678483e-03  -1.7524511677434775e-02   0.0000000000000000e+00   0.0000000000000000e+00   1.5857018897222299e+00   2.6922694930041182e-03
   6.0541706510049828e-03  -1.7722792364602911e-02   0.0000000000000000e+00   0.0000000000000000e+00   1.5857018842919466e+00   2.7535660902688864e-03
   6.1221950403421172e-03  -1.7921053828676162e-02   0.0000000000000000e+00   0.0000000000000000e+00   1.5857018788009982e+00   2.8155472519256911e-03
   6.1902194296792517e-03  -1.8119296074140461e-02   0.0000000000000000e+00   0.0000000000000000e+00   1.5857018732494190e+00   2.8782128001959197e-03
   6.2582438190163861e-03  -1.8317519105472611e-02   0.0000000000000000e+00   0.0000000000000000e+00   1.5857018676371912e+00   2.9415625573697536e-03
   6.3262682083535205e-03  -1.8515722927140137e-02   0.0000000000000000e+00   0.0000000000000000e+00   1.5857018619643612e+00   3.0055963458059682e-03
   6.3942925976906550e-03  -1.8713907543616782e-02   0.0000000000000000e+00   0.0000000000000000e+00   1.5857018562311498e+00   3.0703139879363298e-03
   6.4623169870277894e-03  -1.8912072959372681e-02   0.0000000000000000e+00   0.0000000000000000e+00   1.5857018504369618e+00   3.1357153062627693e-03
   6.5303413763649239e-03  -1.9110219178872449e-02   0.0000000000000000e+00   0.0000000000000000e+00   1.5857018445824003e+00   3.2018001233567323e-03
   6.5983657657020583e-03  -1.9308346206578578e-02   0.0000000000000000e+00   0.0000000000000000e+00   1.5857018386673025e+00   3.2685682618601121e-03
   6.6663901550391928e-03  -1.9506454046953441e-02   0.0000000000000000e+00   0.0000000000000000e+00   1.5857018326916634e+00   3.3360195444858218e-03
   6.7344145443763272e-03  -1.9704542704450184e-02   0.0000000000000000e+00   0.0000000000000000e+00   1.5857018266555045e+00   3.4041537940149641e-03
   6.8024389337134616e-03  -1.9902612183534472e-02   0.0000000000000000e+00   0.0000000000000000e+00   1.5857018205588611e+00   3.4729708333034637e-03
