   6.7344145443763272e-03  -1.9704542704450184e-02   0.0000000000000000e+00   0.0000000000000000e+00   1.5857018266555045e+00   1.1763798644493480e-04
   6.8024389337134616e-03  -1.9902612183534472e-02   0.0000000000000000e+00   0.0000000000000000e+00   1.5857018205588611e+00   1.1763798644493480e-04
   6.8772657619843094e-03  -2.0120466464760806e-02   0.0000000000000000e+00   0.0000000000000000e+00   1.5857018137827150e+00   3.5494579873489411e-03
   6.9595752730822417e-03  -2.0360079384607040e-02   0.0000000000000000e+00   0.0000000000000000e+00   1.5857018062443877e+00   3.6345475609776707e-03
   7.0501157352899670e-03  -2.0623621190252520e-02   0.0000000000000000e+00   0.0000000000000000e+00   1.5857017978501298e+00   3.7292997109214434e-03
   7.1497102437184648e-03  -2.0913477977117397e-02   0.0000000000000000e+00   0.0000000000000000e+00   1.5857017884927398e+00   3.8349224717499392e-03
   7.2592642029898121e-03  -2.1232273027608963e-02   0.0000000000000000e+00   0.0000000000000000e+00   1.5857017780500433e+00   3.9527952951178974e-03
   7.3797735581882943e-03  -2.1582890232385334e-02   0.0000000000000000e+00   0.0000000000000000e+00   1.5857017663821549e+00   4.0844967676899758e-03
   7.5123338489066251e-03  -2.1968499791755428e-02   0.0000000000000000e+00   0.0000000000000000e+00   1.5857017533285118e+00   4.2318373045282893e-03
   7.6581501686967890e-03  -2.2392586412275258e-02   0.0000000000000000e+00   0.0000000000000000e+00   1.5857017387051180e+00   4.3968977725268536e-03
   7.8185481204659686e-03  -2.2858980232595815e-02   0.0000000000000000e+00   0.0000000000000000e+00   1.5857017222994423e+00   4.5820751880953497e-03
   7.9949858674120654e-03  -2.3371890732659415e-02   0.0000000000000000e+00   0.0000000000000000e+00   1.5857017038662591e+00   4.7901368609204829e-03
   8.1890673890527722e-03  -2.3935943902070753e-02   0.0000000000000000e+00   0.0000000000000000e+00   1.5857016831218362e+00   5.0242846291102088e-03
   8.4025570628575505e-03  -2.4556222966198204e-02   0.0000000000000000e+00   0.0000000000000000e+00   1.5857016597372560e+00   5.2882311592467209e-03
   8.6373957040428075e-03  -2.5238312993157666e-02   0.0000000000000000e+00   0.0000000000000000e+00   1.5857016333301608e+00   5.5862906790771277e-03
   8.8957182093465908e-03  -2.5988349730023324e-02   0.0000000000000000e+00   0.0000000000000000e+00   1.5857016034555138e+00   5.9234869833504275e-03
   9.1798729651807517e-03  -2.6813073043782231e-02   0.0000000000000000e+00   0.0000000000000000e+00   1.5857015695938415e+00   6.3056821207656223e-03
   9.4924431965983293e-03  -2.7719885370281652e-02   0.0000000000000000e+00   0.0000000000000000e+00   1.5857015311377010e+00   6.7397298501868002e-03
   9.8362704511576644e-03  -2.8716915602994750e-02   0.0000000000000000e+00   0.0000000000000000e+00   1.5857014873757156e+00   7.2336587694004986e-03
   1.0214480431172934e-02  -2.9813088883143143e-02   0.0000000000000000e+00   0.0000000000000000e+00   1.5857014374728209e+00   7.7968909961510235e-03
   1.0630511409189731e-02  -3.1018202781804942e-02   0.0000000000000000e+00   0.0000000000000000e+00   1.5857013804473887e+00   8.4405034493981179e-03
   1.1088145485008208e-02  -3.2343010394162722e-02   0.0000000000000000e+00   0.0000000000000000e+00   1.5857013151432586e+00   9.1775401759793540e-03
   1.1591542968408532e-02  -3.3799310894179882e-02   0.0000000000000000e+00   0.0000000000000000e+00   1.5857012401925483e+00   1.0023385836824585e-02
   1.2145280200148888e-02  -3.5400048124583895e-02   0.0000000000000000e+00   0.0000000000000000e+00   1.5857011539914800e+00   1.0996212458636159e-02
   1.2754391155063280e-02  -3.7159417820744091e-02   0.0000000000000000e+00   0.0000000000000000e+00   1.5857010546316475e+00   1.2117513930913631e-02
   1.3424413205469112e-02  -3.9092984086948938e-02   0.0000000000000000e+00   0.0000000000000000e+00   1.5857009398559194e+00   1.3412745554095995e-02
   1.4161437460915527e-02  -4.1217805757478354e-02   0.0000000000000000e+00   0.0000000000000000e+00   1.5857008069880774e+00   1.4912089302941913e-02
   1.4972164141906583e-02  -4.3552573282087531e-02   0.0000000000000000e+00   0.0000000000000000e+00   1.5857006528510942e+00   1.6651369454443739e-02
   1.5863963490996745e-02  -4.6117756772062389e-02   0.0000000000000000e+00   0.0000000000000000e+00   1.5857004736698903e+00   1.8673147948467687e-02
   1.6844942774995923e-02  -4.8935765828266010e-02   0.0000000000000000e+00   0.0000000000000000e+00   1.5857002649546226e+00   2.1028034426689969e-02
   1.7924019987395019e-02  -5.2031121741034012e-02   0.0000000000000000e+00   0.0000000000000000e+00   1.5857000213616903e+00   2.3776252470173800e-02
   1.9111004921034024e-02  -5.5430642601720245e-02   0.0000000000000000e+00   0.0000000000000000e+00   1.5856997365265595e+00   2.6989511287596690e-02
   2.0416688348036928e-02  -5.9163641790683480e-02   0.0000000000000000e+00   0.0000000000000000e+00   1.5856994028648244e+00   3.0753241169686869e-02
   2.1852940117740121e-02  -6.3262140203224695e-02   0.0000000000000000e+00   0.0000000000000000e+00   1.5856990113338367e+00   3.5169261616523305e-02
   2.3432817064413632e-02  -6.7761092434144826e-02   0.0000000000000000e+00   0.0000000000000000e+00   1.5856985511485411e+00   4.0358963370863296e-02
   2.5170681705754493e-02  -7.2698626960663190e-02   0.0000000000000000e+00   0.0000000000000000e+00   1.5856980094418569e+00   4.6467099880250030e-02
   2.7082332811229442e-02  -7.8116300127461014e-02   0.0000000000000000e+00   0.0000000000000000e+00   1.5856973708603248e+00   5.3666300188473084e-02
   2.9185149027251885e-02  -8.4059363444156154e-02   0.0000000000000000e+00   0.0000000000000000e+00   1.5856966170815623e+00   6.2162434159835675e-02
   3.1498246864876574e-02  -9.0577043335706570e-02   0.0000000000000000e+00   0.0000000000000000e+00   1.5856957262404241e+00   7.2200982475791639e-02
   3.4042654486263729e-02  -9.7722832033365736e-02   0.0000000000000000e+00   0.0000000000000000e+00   1.5856946722458005e+00   8.4074588202045830e-02
   3.6841502869789600e-02  -1.0555478773683989e-01   0.0000000000000000e+00   0.0000000000000000e+00   1.5856934239699336e+00   9.8131994021596169e-02
   3.9920236091668060e-02  -1.1413584150218134e-01   0.0000000000000000e+00   0.0000000000000000e+00   1.5856919442851176e+00   1.1478859949452819e-01
   4.3306842635734366e-02  -1.2353410749208257e-01   0.0000000000000000e+00   0.0000000000000000e+00   1.5856901889221886e+00   1.3453890581667372e-01
   4.7032109834207303e-02  -1.3382319223620087e-01   0.0000000000000000e+00   0.0000000000000000e+00   1.5856881051188501e+00   1.5797115116358529e-01
   5.1129903752527531e-02  -1.4508249736151185e-01   0.0000000000000000e+00   0.0000000000000000e+00   1.5856856300206728e+00   1.8578447718581043e-01
   5.5637477062679783e-02  -1.5739750881954737e-01   0.0000000000000000e+00   0.0000000000000000e+00   1.5856826887921169e+00   2.1880900547703430e-01
   6.0595807703847260e-02  -1.7086006391219558e-01   0.0000000000000000e+00   0.0000000000000000e+00   1.5856791923871283e+00   2.5802924019909435e-01
   6.6049971409131492e-02  -1.8556858532807355e-01   0.0000000000000000e+00   0.0000000000000000e+00   1.5856750349211011e+00   3.0461124700328340e-01
   7.2049551484944144e-02  -2.0162826886513996e-01   0.0000000000000000e+00   0.0000000000000000e+00   1.5856700905754093e+00   3.5993408531728199e-01
   7.8649089568338063e-02  -2.1915120840832158e-01   0.0000000000000000e+00   0.0000000000000000e+00   1.5856642099544911e+00   4.2562598578317357e-01
   8.5908581460071368e-02  -2.3825643790162337e-01   0.0000000000000000e+00   0.0000000000000000e+00   1.5856572158007116e+00   5.0360575986814460e-01
