  -1.9915359845331771e+01   7.8571428571428548e-01   5.1637217329933482e-01   1.9711858545309338e-01   5.8708768739648320e-01
  -1.9914150761597643e+01   7.8571428571428470e-01   5.1778558210425574e-01   2.0052712357987712e-01   5.7789124370047995e-01
  -1.9912988531287859e+01   7.8571428571428448e-01   5.1914663547662243e-01   2.0389958994362473e-01   5.6879687372382715e-01
  -1.9911871148080930e+01   7.8571428571423874e-01   5.2045759469759145e-01   2.0723702505522981e-01   5.5980160158617143e-01
  -1.9910796535842508e+01   7.8571428571428470e-01   5.2172066673700979e-01   2.1054066636153018e-01   5.5090192942443250e-01
  -1.9909763104391018e+01   7.8571428571428537e-01   5.2293774657081038e-01   2.1381124905992532e-01   5.4209572060594513e-01
  -1.9908769099471346e+01   7.8571428571423640e-01   5.2411073473164382e-01   2.1704980194767687e-01   5.3338005487390827e-01
  -1.9907812901055806e+01   7.8571428571428503e-01   5.2524139888141608e-01   2.2025727093710873e-01   5.2475224256616515e-01
  -1.9906893142995216e+01   7.8571428571425594e-01   5.2633132989702036e-01   2.2343435827074407e-01   5.1621025606327797e-01
  -1.9906008386684789e+01   7.8571428571428548e-01   5.2738209212131026e-01   2.2658192732231885e-01   5.0775164047730958e-01
  -1.9905157400811895e+01   7.8571428571428537e-01   5.2839510567648462e-01   2.2970064256476896e-01   4.9937448137347124e-01
  -1.9904338876614080e+01   7.8571428571423285e-01   5.2937177126139789e-01   2.3279132697643357e-01   4.9107644402209344e-01
  -1.9903551691972719e+01   7.8571428571428537e-01   5.3031336361982273e-01   2.3585461976746830e-01   4.8285569256452454e-01
  -1.9902794733172929e+01   7.8571428571428525e-01   5.3122110905909714e-01   2.3889119997032801e-01   4.7471028913552205e-01
  -1.9902066928028422e+01   7.8571428571427682e-01   5.3209617399006282e-01   2.4190174058747282e-01   4.6663831689872159e-01
  -1.9901367381653667e+01   7.8571428571423008e-01   5.3293961788886801e-01   2.4488672767238859e-01   4.5863836466371860e-01
  -1.9900695116903339e+01   7.8571428571428559e-01   5.3375249401635483e-01   2.4784679463783982e-01   4.5070863030939401e-01
  -1.9900049249719892e+01   7.8571428571428559e-01   5.3453578538661217e-01   2.5078249136279857e-01   4.4284753968518820e-01
  -1.9899428946247443e+01   7.8571428571422808e-01   5.3529042381938818e-01   2.5369433694089499e-01   4.3505360488095168e-01
  -1.9898833361748270e+01   7.8571428571422741e-01   5.3601731260542618e-01   2.5658289790689670e-01   4.2732521471648510e-01
  -1.9898261772413299e+01   7.8571428571428548e-01   5.3671728422397136e-01   2.5944861168859917e-01   4.1966110698702047e-01
  -1.9897713468691819e+01   7.8571428571428559e-01   5.3739113914369085e-01   2.6229192496270404e-01   4.1205999788338504e-01
  -1.9897187764702213e+01   7.8571428571427193e-01   5.3803964387487246e-01   2.6511327952651220e-01   4.0452061972219838e-01
  -1.9896683939949074e+01   7.8571428571422497e-01   5.3866354940347472e-01   2.6791318880622966e-01   3.9704151652581399e-01
  -1.9896201397781532e+01   7.8571428571422419e-01   5.3926354473538474e-01   2.7069202429439621e-01   3.8962161446328852e-01
  -1.9895739532953211e+01   7.8571428571422353e-01   5.3984029911256093e-01   2.7345019080644495e-01   3.8225975335942458e-01
  -1.9895297733538772e+01   7.8571428571428503e-01   5.4039446136219671e-01   2.7618812307374008e-01   3.7495469589913022e-01
  -1.9894875541085934e+01   7.8571428571428503e-01   5.4092661809870268e-01   2.7890606805111762e-01   3.6770570821781001e-01
  -1.9894472286259653e+01   7.8571428571422175e-01   5.4143739225418841e-01   2.8160457618151963e-01   3.6051124940107998e-01
  -1.9894087573117147e+01   7.8571428571422097e-01   5.4192731630579938e-01   2.8428384509659504e-01   3.5337072171947848e-01
  -1.9893720886256332e+01   7.8571428571428548e-01   5.4239693641872067e-01   2.8694425029531873e-01   3.4628305531335657e-01
  -1.9893371725780323e+01   7.8571428571422020e-01   5.4284677696639827e-01   2.8958616185313529e-01   3.3924719706157769e-01
  -1.9893039663027047e+01   7.8571428571428492e-01   5.4327732905676052e-01   2.9220986727186504e-01   3.3226231586271104e-01
  -1.9892724275653791e+01   7.8571428571421875e-01   5.4368906731760003e-01   2.9481565891150568e-01   3.2532756956476627e-01
  -1.9892425133611994e+01   7.8571428571421842e-01   5.4408245315720305e-01   2.9740385260418134e-01   3.1844205544010867e-01
  -1.9892141880038793e+01   7.8571428571428492e-01   5.4445791868616367e-01   2.9997467593845528e-01   3.1160510730701596e-01
  -1.9891874077800878e+01   7.8571428571428348e-01   5.4481589871058556e-01   3.0252847832799523e-01   3.0481573671500206e-01
  -1.9891621328172601e+01   7.8571428571428514e-01   5.4515680623042706e-01   3.0506556765870230e-01   2.9807306751909257e-01
  -1.9891383363104698e+01   7.8571428571428514e-01   5.4548101801977722e-01   3.0758608187255754e-01   2.9137667677133616e-01
  -1.9891159781343735e+01   7.8571428571421531e-01   5.4578892357592179e-01   3.1009035241650734e-01   2.8472562882833441e-01
  -1.9890950261870611e+01   7.8571428571421498e-01   5.4608088630156992e-01   3.1257860937489995e-01   2.7811925891700601e-01
  -1.9890754479419698e+01   7.8571428571422375e-01   5.4635725941611213e-01   3.1505109753393190e-01   2.7155686466357587e-01
  -1.9890572128766646e+01   7.8571428571421364e-01   5.4661838240453842e-01   3.1750804232331176e-01   2.6503779648264292e-01
  -1.9890402911297119e+01   7.8571428571428525e-01   5.4686458368806534e-01   3.1994966797331603e-01   2.5856140931666038e-01
  -1.9890246538266716e+01   7.8571428571421253e-01   5.4709618053815257e-01   3.2237619260597716e-01   2.5212707562129777e-01
  -1.9890102729898395e+01   7.8571428571428503e-01   5.4731347963500421e-01   3.2478782910186799e-01   2.4573418301899519e-01
  -1.9889971216193729e+01   7.8571428571421142e-01   5.4751677738415871e-01   3.2718478361087755e-01   2.3938213820152734e-01
  -1.9889851738344852e+01   7.8571428571428559e-01   5.4770636019857899e-01   3.2956725323196268e-01   2.3307037302659453e-01
  -1.9889744040424407e+01   7.8571428571421020e-01   5.4788250580965325e-01   3.3193543729603670e-01   2.2679831458404698e-01
  -1.9889647864267737e+01   7.8571428571425916e-01   5.4804548392115549e-01   3.3428954424688051e-01   2.2056536696766171e-01
  -1.9889562997480613e+01   7.8571428571428525e-01   5.4819555206407589e-01   3.3662972420429116e-01   2.1437108976511959e-01
  -1.9889489199001982e+01   7.8571428571420865e-01   5.4833296317065261e-01   3.3895617277615336e-01   2.0821492315243348e-01
  -1.9889426243923445e+01   7.8571428571428559e-01   5.4845796139306091e-01   3.4126906815371449e-01   2.0209635443382562e-01
  -1.9889373920264262e+01   7.8571428571428559e-01   5.4857078294141537e-01   3.4356857535396124e-01   1.9601490674106184e-01
  -1.9889332017719688e+01   7.8571428571428503e-01   5.4867165724672962e-01   3.4585486174955909e-01   1.8997009791332037e-01
  -1.9889300304786858e+01   7.8571428571428414e-01   5.4876080825733375e-01   3.4812812900803314e-01   1.8396135607906777e-01
  -1.9889278631144883e+01   7.8571428571428503e-01   5.4883844918105806e-01   3.5038846911854721e-01   1.7798840016115336e-01
  -1.9889266784361176e+01   7.8571428571428514e-01   5.4890479075229381e-01   3.5263606538273562e-01   1.7205070856627658e-01
  -1.9889264577805712e+01   7.8571428571428548e-01   5.4896003642002755e-01   3.5487106882474784e-01   1.6614784586337739e-01
  -1.9889271824785773e+01   7.8571428571420454e-01   5.4900438390577200e-01   3.5709363433469055e-01   1.6027936723532943e-01
  -1.9889288334235186e+01   7.8571428571423707e-01   5.4903802532749846e-01   3.5930392658590232e-01   1.5444480286016488e-01
  -1.9889313988924336e+01   7.8571428571420354e-01   5.4906114620354063e-01   3.6150200979155772e-01   1.4864394883140872e-01
  -1.9889348572842710e+01   7.8571428571428503e-01   5.4907392877807337e-01   3.6368809050169132e-01   1.4287622629871821e-01
  -1.9889391940808601e+01   7.8571428571420265e-01   5.4907654908839232e-01   3.6586227875540622e-01   1.3714131186518952e-01
  -1.9889443958159813e+01   7.8571428571420221e-01   5.4906917883554551e-01   3.6802467280460494e-01   1.3143891386136819e-01
  -1.9889504422205086e+01   7.8571428571420154e-01   5.4905198461855531e-01   3.7017546964398845e-01   1.2576848092876894e-01
  -1.9889573221297365e+01   7.8571428571420110e-01   5.4902512910772516e-01   3.7231474083216032e-01   1.2012979314229530e-01
  -1.9889650216023238e+01   7.8571428571421209e-01   5.4898877076127028e-01   3.7444259971842275e-01   1.1452252098370208e-01
  -1.9889735250376624e+01   7.8571428571428514e-01   5.4894306334249232e-01   3.7655918561542112e-01   1.0894626715714995e-01
  -1.9889828145515214e+01   7.8571428571428148e-01   5.4888815518112344e-01   3.7866467249045638e-01   1.0340054376868488e-01
  -1.9889928877232787e+01   7.8571428571428525e-01   5.4882419668685534e-01   3.8075901881896934e-01   9.7885431063292477e-02
  -1.9890037166558233e+01   7.8571428571428181e-01   5.4875132376581348e-01   3.8284254429715908e-01   9.2400058610012548e-02
  -1.9890153003135076e+01   7.8571428571419821e-01   5.4866968058208299e-01   3.8491519237806793e-01   8.6944547260059596e-02
  -1.9890276207488448e+01   7.8571428571419766e-01   5.4857939957316149e-01   3.8697714688076967e-01   8.1518385565047397e-02
  -1.9890406693517924e+01   7.8571428571419766e-01   5.4848061486013988e-01   3.8902846212668385e-01   7.6121403469130502e-02
  -1.9890544267913761e+01   7.8571428571427437e-01   5.4837344970195578e-01   3.9106934534562476e-01   7.0753029162433881e-02
  -1.9890688951348395e+01   7.8571428571419688e-01   5.4825803992945266e-01   3.9309970440098535e-01   6.5413478794792770e-02
  -1.9890840508116131e+01   7.8571428571419599e-01   5.4813449855477869e-01   3.9511980986328016e-01   6.0102015027000688e-02
  -1.9890998869351744e+01   7.8571428571428537e-01   5.4800294829900953e-01   3.9712969918418906e-01   5.4818514140178486e-02
  -1.9891163927125184e+01   7.8571428571427715e-01   5.4786350582676147e-01   3.9912946648423658e-01   4.9562703845196662e-02
  -1.9891335577187053e+01   7.8571428571419488e-01   5.4771628517271087e-01   4.0111920231337478e-01   4.4334321702485760e-02
  -1.9891513716228918e+01   7.8571428571419444e-01   5.4756139756296773e-01   4.0309899744766642e-01   3.9133105132398059e-02
  -1.9891698244425488e+01   7.8571428571428548e-01   5.4739895176637410e-01   4.0506893926392407e-01   3.3958800930513976e-02
  -1.9891889063334318e+01   7.8571428571428537e-01   5.4722905395655663e-01   4.0702911463300961e-01   2.8811157654765003e-02
  -1.9892086079110328e+01   7.8571428571419266e-01   5.4705180819226640e-01   4.0897960535742434e-01   2.3689937595386401e-02
  -1.9892289194121059e+01   7.8571428571428525e-01   5.4686731542892497e-01   4.1092049988573776e-01   1.8594886006954029e-02
  -1.9892498320798069e+01   7.8571428571428514e-01   5.4667567539421025e-01   4.1285187383814026e-01   1.3525782227315049e-02
  -1.9892713367829128e+01   7.8571428571428559e-01   5.4647698485752705e-01   4.1477380932795449e-01   8.4823889421469754e-03
  -1.9892934248602337e+01   7.8571428571428514e-01   5.4627133883727852e-01   4.1668638307258854e-01   3.4644833847762378e-03
  -1.9893160876371532e+01   7.8571428571428525e-01   5.4605882998085686e-01   4.1858967313542250e-01  -1.5281603657407335e-03
  -1.9893393176060879e+01   7.8571428571419044e-01   5.4583955052446076e-01   4.2048374237302522e-01  -6.4957279782596883e-03
  -1.9893631049202121e+01   7.8571428571428481e-01   5.4561358666599624e-01   4.2236868741258521e-01  -1.1438493328966345e-02
  -1.9893874410085392e+01   7.8571428571428514e-01   5.4538102428417290e-01   4.2424458804398413e-01  -1.6356685758063212e-02
  -1.9894123205232990e+01   7.8571428571428537e-01   5.4514195284523348e-01   4.2611148008495325e-01  -2.1250418990993225e-02
  -1.9894377345397256e+01   7.8571428571426893e-01   5.4489645359979988e-01   4.2796945025708488e-01  -2.6119939878913173e-02
  -1.9894636755333174e+01   7.8571428571418800e-01   5.4464460818467442e-01   4.2981856666286594e-01  -3.0965446124737523e-02
  -1.9894901361488369e+01   7.8571428571418811e-01   5.4438649658840332e-01   4.3165889594366985e-01  -3.5787131279623616e-02
  -1.9895171091495158e+01   7.8571428571428548e-01   5.4412219710774856e-01   4.3349050396071709e-01  -4.0585186534277513e-02
  -1.9895445870657102e+01   7.8571428571428514e-01   5.4385178565981374e-01   4.3531346064300191e-01  -4.5359813420886221e-02
  -1.9895725655434077e+01   7.8571428571428537e-01   5.4357534290573239e-01   4.3712779348659841e-01  -5.0111102049039007e-02
  -1.9896010335554799e+01   7.8571428571418644e-01   5.4329293360989817e-01   4.3893362337288966e-01  -5.4839386780020843e-02
  -1.9896299868331194e+01   7.8571428571419544e-01   5.4300463506779162e-01   4.4073097815064843e-01  -5.9544758056190986e-02
  -1.9896594167180332e+01   7.8571428571428559e-01   5.4271051326602382e-01   4.4251994722767302e-01  -6.4227467208045147e-02
  -1.9896893180889631e+01   7.8571428571428559e-01   5.4241064039021103e-01   4.4430057172597748e-01  -6.8887638877777879e-02
  -1.9897196875948723e+01   7.8571428571428492e-01   5.4210509151993247e-01   4.4607286908818833e-01  -7.3525335502768643e-02
  -1.9897505161325277e+01   7.8571428571428548e-01   5.4179392660042403e-01   4.4783693688175730e-01  -7.8140828934665466e-02
  -1.9897817977789572e+01   7.8571428571418400e-01   5.4147721138116167e-01   4.4959282934024164e-01  -8.2734277346130203e-02
  -1.9898135273502913e+01   7.8571428571419477e-01   5.4115501200187877e-01   4.5134059114525826e-01  -8.7305813671252452e-02
  -1.9898456976644333e+01   7.8571428571428525e-01   5.4082738803468577e-01   4.5308029507234615e-01  -9.1855644074077702e-02
  -1.9898783035576933e+01   7.8571428571418278e-01   5.4049440268943294e-01   4.5481198668209610e-01  -9.6383903282816458e-02
  -1.9899113403025105e+01   7.8571428571428537e-01   5.4015611904337113e-01   4.5653570614237032e-01  -1.0089071169427125e-01
  -1.9899448026541563e+01   7.8571428571419155e-01   5.3981259752178701e-01   4.5825150129384035e-01  -1.0537620953978455e-01
  -1.9899786838922253e+01   7.8571428571428559e-01   5.3946389307319353e-01   4.5995944068570466e-01  -1.0984059094723535e-01
  -1.9900129793936770e+01   7.8571428571418089e-01   5.3911006505760850e-01   4.6165956463912183e-01  -1.1428397601885854e-01
  -1.9900476836361182e+01   7.8571428571428548e-01   5.3875116903643216e-01   4.6335192626501581e-01  -1.1870651806403507e-01
  -1.9900827919089181e+01   7.8571428571418023e-01   5.3838726163565787e-01   4.6503656806712140e-01  -1.2310834245074671e-01
  -1.9901182997661596e+01   7.8571428571428503e-01   5.3801839910714411e-01   4.6671352942583855e-01  -1.2748956617747512e-01
  -1.9901541979361397e+01   7.8571428571428537e-01   5.3764462178164674e-01   4.6838291574739604e-01  -1.3185047850596196e-01
  -1.9901904873813521e+01   7.8571428571428537e-01   5.3726599983594991e-01   4.7004469372440266e-01  -1.3619100612125051e-01
  -1.9902271614810232e+01   7.8571428571418800e-01   5.3688257940085704e-01   4.7169893360583043e-01  -1.4051134603796311e-01
  -1.9902642149919025e+01   7.8571428571417845e-01   5.3649440952067329e-01   4.7334568726267451e-01  -1.4481164704943417e-01
  -1.9903016424137768e+01   7.8571428571428481e-01   5.3610153716053521e-01   4.7498501037499813e-01  -1.4909206768619937e-01
  -1.9903394400337643e+01   7.8571428571428481e-01   5.3570401392604217e-01   4.7661693481845480e-01  -1.5335270412498656e-01
  -1.9903776051096127e+01   7.8571428571428559e-01   5.3530189375631332e-01   4.7824147982171816e-01  -1.5759361935006505e-01
  -1.9904161320092022e+01   7.8571428571417712e-01   5.3489522001018042e-01   4.7985870394695218e-01  -1.6181497884744367e-01
  -1.9904550139202343e+01   7.8571428571428503e-01   5.3448403068622463e-01   4.8146868183371377e-01  -1.6601698985904698e-01
  -1.9904942518592872e+01   7.8571428571428514e-01   5.3406838970641068e-01   4.8307138330569932e-01  -1.7019958588350523e-01
  -1.9905338369791515e+01   7.8571428571428481e-01   5.3364832597515810e-01   4.8466691093186071e-01  -1.7436304669009883e-01
  -1.9905737677620007e+01   7.8571428571417523e-01   5.3322389289178640e-01   4.8625526926854346e-01  -1.7850739608551500e-01
  -1.9906140385445749e+01   7.8571428571417501e-01   5.3279512827862829e-01   4.8783651867289402e-01  -1.8263280331368353e-01
  -1.9906546458804442e+01   7.8571428571428470e-01   5.3236207688820902e-01   4.8941069012552596e-01  -1.8673936079567235e-01
  -1.9906955868658091e+01   7.8571428571428492e-01   5.3192478467356397e-01   4.9097780771320593e-01  -1.9082714281107493e-01
  -1.9907368573040877e+01   7.8571428571428492e-01   5.3148329197724065e-01   4.9253791303080596e-01  -1.9489626915112915e-01
  -1.9907784528340070e+01   7.8571428571417334e-01   5.3103763755644917e-01   4.9409105007833520e-01  -1.9894686571326164e-01
  -1.9908203707233387e+01   7.8571428571428492e-01   5.3058786549914760e-01   4.9563724150783367e-01  -2.0297900256082113e-01
  -1.9908626055758827e+01   7.8571428571428503e-01   5.3013400877871253e-01   4.9717654547064444e-01  -2.0699284217516212e-01
  -1.9909051558860096e+01   7.8571428571428481e-01   5.2967611463673647e-01   4.9870896891483618e-01  -2.1098841336481675e-01
  -1.9909480169137726e+01   7.8571428571417257e-01   5.2921421690499870e-01   5.0023456175673298e-01  -2.1496585683055253e-01
  -1.9909911847315595e+01   7.8571428571417168e-01   5.2874835168530743e-01   5.0175336334981469e-01  -2.1892528557579410e-01
  -1.9910346561369625e+01   7.8571428571428525e-01   5.2827855718198624e-01   5.0326540370909922e-01  -2.2286678811114682e-01
  -1.9910784293780058e+01   7.8571428571427548e-01   5.2780487687380007e-01   5.0477069409827569e-01  -2.2679040393132260e-01
  -1.9911225005070023e+01   7.8571428571428525e-01   5.2732734457118946e-01   5.0626927480921224e-01  -2.3069624806078323e-01
  -1.9911668648582509e+01   7.8571428571428470e-01   5.2684599018865474e-01   5.0776119562126842e-01  -2.3458446010330714e-01
  -1.9912115217729969e+01   7.8571428571417024e-01   5.2636085979170333e-01   5.0924645423696524e-01  -2.3845504380502885e-01
  -1.9912564649222844e+01   7.8571428571428503e-01   5.2587197468725022e-01   5.1072512240927526e-01  -2.4230819575643051e-01
  -1.9913016935093040e+01   7.8571428571428537e-01   5.2537937905690479e-01   5.1219720006180236e-01  -2.4614392523021345e-01
  -1.9913472035242417e+01   7.8571428571425150e-01   5.2488310263738069e-01   5.1366272907505939e-01  -2.4996235070335962e-01
  -1.9913929916399990e+01   7.8571428571420443e-01   5.2438317736172146e-01   5.1512174257954080e-01  -2.5376356772004982e-01
  -1.9914390551458233e+01   7.8571428571416868e-01   5.2387963721038944e-01   5.1657426589738464e-01  -2.5754765135374863e-01
  -1.9914853936498659e+01   7.8571428571427293e-01   5.2337252606812734e-01   5.1802029472095468e-01  -2.6131459937081153e-01
  -1.9915320002048357e+01   7.8571428571428525e-01   5.2286185760978132e-01   5.1945990924708074e-01  -2.6506462955145565e-01
  -1.9915788736153189e+01   7.8571428571428448e-01   5.2234767075347066e-01   5.2089311575805120e-01  -2.6879776700164648e-01
  -1.9916260106892853e+01   7.8571428571416702e-01   5.2182999477224512e-01   5.2231994635379830e-01  -2.7251410396313741e-01
  -1.9916734092251279e+01   7.8571428571428403e-01   5.2130886292117529e-01   5.2374042060014792e-01  -2.7621369991332984e-01
  -1.9917210678519499e+01   7.8571428571416702e-01   5.2078431189167218e-01   5.2515454768883330e-01  -2.7989658720008187e-01
  -1.9917689820072905e+01   7.8571428571428514e-01   5.2025636273767706e-01   5.2656237759148261e-01  -2.8356290426318559e-01
  -1.9918171464510497e+01   7.8571428571416646e-01   5.1972503235465040e-01   5.2796396877045282e-01  -2.8721281152844436e-01
  -1.9918655635857483e+01   7.8571428571418966e-01   5.1919037384424371e-01   5.2935928295010981e-01  -2.9084621739594452e-01
  -1.9919142290489091e+01   7.8571428571416557e-01   5.1865240736699092e-01   5.3074836781593770e-01  -2.9446325401306789e-01
  -1.9919631392578427e+01   7.8571428571428492e-01   5.1811115610066383e-01   5.3213126115281673e-01  -2.9806402763164158e-01
  -1.9920122933499481e+01   7.8571428571416502e-01   5.1756665608668984e-01   5.3350796659271049e-01  -3.0164855546774150e-01
  -1.9920616880475201e+01   7.8571428571416446e-01   5.1701893095223006e-01   5.3487851830044719e-01  -3.0521693413733247e-01
  -1.9921113202879969e+01   7.8571428571428481e-01   5.1646800476447441e-01   5.3624294775424597e-01  -3.0876925315279102e-01
  -1.9921611887735356e+01   7.8571428571419211e-01   5.1591390999383102e-01   5.3760126446420808e-01  -3.1230554473069594e-01
  -1.9922112900351923e+01   7.8571428571422897e-01   5.1535666760280152e-01   5.3895350515411444e-01  -3.1582591183763176e-01
  -1.9922616248080054e+01   7.8571428571428548e-01   5.1479631970005668e-01   5.4029965435607641e-01  -3.1933032146870544e-01
  -1.9923121845510334e+01   7.8571428571428492e-01   5.1423285988737988e-01   5.4163981184604082e-01  -3.2281904053257809e-01
  -1.9923629745741280e+01   7.8571428571428148e-01   5.1366635327504595e-01   5.4297390574675630e-01  -3.2629188898731987e-01
  -1.9924139868969657e+01   7.8571428571416257e-01   5.1309679515532236e-01   5.4430202883915257e-01  -3.2974911533411022e-01
  -1.9924652203966303e+01   7.8571428571404012e-01   5.1252421612260413e-01   5.4562418904828713e-01  -3.3319074708366953e-01
  -1.9925166756580190e+01   7.8571428571416135e-01   5.1194865568086667e-01   5.4694037357670100e-01  -3.3661675771718030e-01
  -1.9925683477990919e+01   7.8571428571428492e-01   5.1137012366532042e-01   5.4825063686090592e-01  -3.4002729563515771e-01
  -1.9926202364075010e+01   7.8571428571428548e-01   5.1078865345941726e-01   5.4955497857714164e-01  -3.4342236660751446e-01
  -1.9926723370451619e+01   7.8571428571416113e-01   5.1020425613569675e-01   5.5085344763783162e-01  -3.4680210447264548e-01
  -1.9927246508793807e+01   7.8571428571427848e-01   5.0961697302486297e-01   5.5214602473127705e-01  -3.5016646540274859e-01
  -1.9927771712946399e+01   7.8571428571428481e-01   5.0902680213256435e-01   5.5343278518229477e-01  -3.5351565180634648e-01
  -1.9928299012607859e+01   7.8571428571415991e-01   5.0843379416804735e-01   5.5471368812200716e-01  -3.5684956357599990e-01
  -1.9928828352797790e+01   7.8571428571428559e-01   5.0783795233324680e-01   5.5598879529216105e-01  -3.6016836759492049e-01
  -1.9929359735689957e+01   7.8571428571422242e-01   5.0723931141429268e-01   5.5725809943345417e-01  -3.6347205106804503e-01
  -1.9929893129970598e+01   7.8571428571428026e-01   5.0663788695498080e-01   5.5852163371281116e-01  -3.6676070633790347e-01
  -1.9930428518443215e+01   7.8571428571415869e-01   5.0603370206976550e-01   5.5977941433811984e-01  -3.7003438152532175e-01
  -1.9930965881847143e+01   7.8571428571415858e-01   5.0542677832495997e-01   5.6103146005180371e-01  -3.7329313126840402e-01
  -1.9931505205231794e+01   7.8571428571415802e-01   5.0481713941931639e-01   5.6227778451592925e-01  -3.7653699690203701e-01
  -1.9932046464349455e+01   7.8571428571428170e-01   5.0420480327757355e-01   5.6351841250321355e-01  -3.7976604860179275e-01
  -1.9932589641357243e+01   7.8571428571428514e-01   5.0358979115929892e-01   5.6475336118854469e-01  -3.8298033669052256e-01
  -1.9933134730367083e+01   7.8571428571416257e-01   5.0297213107967376e-01   5.6598263370877866e-01  -3.8617987487657673e-01
  -1.9933681692480874e+01   7.8571428571427149e-01   5.0235183113169257e-01   5.6720627217876340e-01  -3.8936477824484556e-01
  -1.9934230539652610e+01   7.8571428571415702e-01   5.0172892935207369e-01   5.6842425890798587e-01  -3.9253500614297110e-01
  -1.9934781221650759e+01   7.8571428571428470e-01   5.0110342622344617e-01   5.6963664926394475e-01  -3.9569070800329353e-01
  -1.9935333747487793e+01   7.8571428571428492e-01   5.0047535748616034e-01   5.7084342921987963e-01  -3.9883185256218662e-01
  -1.9935888098173688e+01   7.8571428571415591e-01   4.9984474177412641e-01   5.7204461764691894e-01  -4.0195849411150170e-01
  -1.9936444237612999e+01   7.8571428571405411e-01   4.9921158683090244e-01   5.7324025322985861e-01  -4.0507073844816516e-01
  -1.9937002158097119e+01   7.8571428571428226e-01   4.9857591738672585e-01   5.7443034164925233e-01  -4.0816860539070576e-01
  -1.9937561851621886e+01   7.8571428571428537e-01   4.9793775779287103e-01   5.7561488907571989e-01  -4.1125211596162137e-01
  -1.9938123290259124e+01   7.8571428571428537e-01   4.9729711972726492e-01   5.7679392468945856e-01  -4.1432135101177331e-01
  -1.9938686464630148e+01   7.8571428571415503e-01   4.9665402607575632e-01   5.7796745631152946e-01  -4.1737633572375266e-01
  -1.9939251355187679e+01   7.8571428571421298e-01   4.9600849307585942e-01   5.7913550347630771e-01  -4.2041712570533446e-01
  -1.9939817951760745e+01   7.8571428571427893e-01   4.9536054258070467e-01   5.8029807502994546e-01  -4.2344374867325874e-01
  -1.9940386236716662e+01   7.8571428571418489e-01   4.9471019144737421e-01   5.8145518837824206e-01  -4.2645625456216579e-01
  -1.9940956188533900e+01   7.8571428571427970e-01   4.9405745371218951e-01   5.8260686531084771e-01  -4.2945470465677332e-01
  -1.9941527801946943e+01   7.8571428571428459e-01   4.9340235355190171e-01   5.8375310923472656e-01  -4.3243911231758853e-01
  -1.9942101064143348e+01   7.8571428571423096e-01   4.9274491008873428e-01   5.8489393219231178e-01  -4.3540951332322214e-01
  -1.9942675949352303e+01   7.8571428571420654e-01   4.9208513372512069e-01   5.8602936078353041e-01  -4.3836598129419807e-01
  -1.9943252439847981e+01   7.8571428571428481e-01   4.9142303972716622e-01   5.8715941249082271e-01  -4.4130856605304436e-01
  -1.9943830552505908e+01   7.8571428571426949e-01   4.9075866588698397e-01   5.8828406626756757e-01  -4.4423721702933339e-01
  -1.9944410241288303e+01   7.8571428571426494e-01   4.9009200841002076e-01   5.8940337130875908e-01  -4.4715206650074418e-01
  -1.9944991500581370e+01   7.8571428571428459e-01   4.8942308976991716e-01   5.9051733167582388e-01  -4.5005312915877349e-01
  -1.9945574317707873e+01   7.8571428571428492e-01   4.8875192755852020e-01   5.9162595935294859e-01  -4.5294044026592944e-01
  -1.9946158678615337e+01   7.8571428571428470e-01   4.8807853820344477e-01   5.9272926786494440e-01  -4.5581403903836099e-01
  -1.9946744580170883e+01   7.8571428571418500e-01   4.8740294526498185e-01   5.9382725878837828e-01  -4.5867393351296520e-01
  -1.9947331991945159e+01   7.8571428571403257e-01   4.8672515363861490e-01   5.9491996364935340e-01  -4.6152020967747909e-01
  -1.9947920891903717e+01   7.8571428571428503e-01   4.8604517348893439e-01   5.9600740460793122e-01  -4.6435292907509346e-01
  -1.9948511291881449e+01   7.8571428571428492e-01   4.8536303786326274e-01   5.9708956699787141e-01  -4.6717205726051975e-01
  -1.9949103177632310e+01   7.8571428571420265e-01   4.8467876191476134e-01   5.9816646469988921e-01  -4.6997763409060039e-01
  -1.9949696519588414e+01   7.8571428571426516e-01   4.8399234994181256e-01   5.9923812807807009e-01  -4.7276974231541502e-01
  -1.9950291313965845e+01   7.8571428571407886e-01   4.8330382373055625e-01   6.0030455959921181e-01  -4.7554839195211296e-01
  -1.9950887556386867e+01   7.8571428571417146e-01   4.8261320453735840e-01   6.0136576250332108e-01  -4.7831359497303499e-01
  -1.9951485209922833e+01   7.8571428571428537e-01   4.8192049065846371e-01   6.0242177483570569e-01  -4.8106545399320361e-01
  -1.9952084301113938e+01   7.8571428571428559e-01   4.8122572459070179e-01   6.0347256690899498e-01  -4.8380389507170579e-01
  -1.9952684785580367e+01   7.8571428571419588e-01   4.8052889889891670e-01   6.0451818463864515e-01  -4.8652904123266638e-01
  -1.9953286659271377e+01   7.8571428571428403e-01   4.7983003420323794e-01   6.0555863095629436e-01  -4.8924090343576188e-01
  -1.9953889909160878e+01   7.8571428571410507e-01   4.7912914460245604e-01   6.0659391834284027e-01  -4.9193951747528242e-01
  -1.9954494530735936e+01   7.8571428571412683e-01   4.7842625007529260e-01   6.0762405035830480e-01  -4.9462489584069552e-01
  -1.9955100496927685e+01   7.8571428571427382e-01   4.7772135424622175e-01   6.0864905419433368e-01  -4.9729711257619275e-01
  -1.9955707817580944e+01   7.8571428571415403e-01   4.7701448703215416e-01   6.0966891846275950e-01  -4.9995614109876702e-01
  -1.9956316470433983e+01   7.8571428571426294e-01   4.7630565510519024e-01   6.1068366533571716e-01  -5.0260204226992411e-01
  -1.9956926448953141e+01   7.8571428571414659e-01   4.7559487626809471e-01   6.1169330060186944e-01  -5.0523483418589787e-01
  -1.9957537738276670e+01   7.8571428571422608e-01   4.7488216209322021e-01   6.1269783868190975e-01  -5.0785455740472363e-01
  -1.9958150325851644e+01   7.8571428571426083e-01   4.7416752561303516e-01   6.1369729157561126e-01  -5.1046124612571719e-01
  -1.9958764214139990e+01   7.8571428571418511e-01   4.7345099072726099e-01   6.1469165595158470e-01  -5.1305489451187147e-01
  -1.9959379339222384e+01   7.8571428571408508e-01   4.7273253214700600e-01   6.1568099611461646e-01  -5.1563567310994307e-01
  -1.9959995783463391e+01   7.8571428571424218e-01   4.7201223253426183e-01   6.1666522752213870e-01  -5.1820336413810320e-01
  -1.9960613455344905e+01   7.8571428571428448e-01   4.7129004567459815e-01   6.1764444235089455e-01  -5.2075821077138407e-01
  -1.9961232375920357e+01   7.8571428571428503e-01   4.7056600857764042e-01   6.1861861848398925e-01  -5.2330015797824525e-01
  -1.9961852538742299e+01   7.8571428571428548e-01   4.6984013775530731e-01   6.1958776180154473e-01  -5.2582922371426055e-01
  -1.9962473918204839e+01   7.8571428571419755e-01   4.6911243512928830e-01   6.2055189732977378e-01  -5.2834547585779768e-01
  -1.9963096489314974e+01   7.8571428571428503e-01   4.6838290273678118e-01   6.2151104924493938e-01  -5.3084898004135206e-01
  -1.9963720313132761e+01   7.8571428571415858e-01   4.6765160772215580e-01   6.2246515643492062e-01  -5.3333957922235320e-01
  -1.9964345319713999e+01   7.8571428571414392e-01   4.6691851786619609e-01   6.2341428786901543e-01  -5.3581745585526130e-01
  -1.9964971520380526e+01   7.8571428571428348e-01   4.6618366236599285e-01   6.2435843189015150e-01  -5.3828258189514933e-01
  -1.9965598870189165e+01   7.8571428571417856e-01   4.6544702723535508e-01   6.2529763211372769e-01  -5.4073507356960682e-01
  -1.9966227399379349e+01   7.8571428571427349e-01   4.6470865594416916e-01   6.2623185847958496e-01  -5.4317485468704507e-01
  -1.9966857084531384e+01   7.8571428571426549e-01   4.6396855069462578e-01   6.2716113352719605e-01  -5.4560198635817103e-01
  -1.9967487898919206e+01   7.8571428571423685e-01   4.6322671081086153e-01   6.2808548275954124e-01  -5.4801653741103462e-01
  -1.9968119861245089e+01   7.8571428571428514e-01   4.6248317069713168e-01   6.2900488776701213e-01  -5.5041846192688215e-01
  -1.9968752971915546e+01   7.8571428571420610e-01   4.6173795059215800e-01   6.2991934808540728e-01  -5.5280776080271066e-01
  -1.9969387190145607e+01   7.8571428571424895e-01   4.6099103834780936e-01   6.3082890263313240e-01  -5.5518453780159205e-01
  -1.9970022518014915e+01   7.8571428571421498e-01   4.6024245509608036e-01   6.3173354916282976e-01  -5.5754878909543604e-01
  -1.9970658947326736e+01   7.8571428571421109e-01   4.5949221381712846e-01   6.3263329530841150e-01  -5.5990053663222561e-01
  -1.9971296468870708e+01   7.8571428571422197e-01   4.5874032655107250e-01   6.3352814966418891e-01  -5.6223980483098390e-01
  -1.9971935073169544e+01   7.8571428571423396e-01   4.5798680498084321e-01   6.3441812106236306e-01  -5.6456661869484037e-01
  -1.9972574752788343e+01   7.8571428571421809e-01   4.5723166226756673e-01   6.3530321642006704e-01  -5.6688099818192961e-01
  -1.9973215497657897e+01   7.8571428571425250e-01   4.5647490934104412e-01   6.3618344510953417e-01  -5.6918296963204174e-01
  -1.9973857300764511e+01   7.8571428571422797e-01   4.5571655942899453e-01   6.3705881365663986e-01  -5.7147255190427781e-01
  -1.9974500152649561e+01   7.8571428571425217e-01   4.5495662367278861e-01   6.3792933085051606e-01  -5.7374976973964908e-01
  -1.9975144045170509e+01   7.8571428571428281e-01   4.5419511412892499e-01   6.3879500425878932e-01  -5.7601464464779017e-01
  -1.9975788980641781e+01   7.8571428571428048e-01   4.5343205120801067e-01   6.3965583191235242e-01  -5.7826717314507048e-01
  -1.9976434930729233e+01   7.8571428571414015e-01   4.5266743036325585e-01   6.4051183982075632e-01  -5.8050742492494989e-01
  -1.9977081894453981e+01   7.8571428571425672e-01   4.5190126903670308e-01   6.4136302894964770e-01  -5.8273540411708213e-01
  -1.9977729863998878e+01   7.8571428571417556e-01   4.5113357901860618e-01   6.4220940652460923e-01  -5.8495113119464148e-01
  -1.9978378831076888e+01   7.8571428571424906e-01   4.5036437159268722e-01   6.4305098018881313e-01  -5.8715462768812121e-01
  -1.9979028776470791e+01   7.8571428571424440e-01   4.4959364891182674e-01   6.4388776730876063e-01  -5.8934594055970768e-01
  -1.9979679731833286e+01   7.8571428571426272e-01   4.4882145491272074e-01   6.4471973996281939e-01  -5.9152499812776083e-01
  -1.9980331661915606e+01   7.8571428571428403e-01   4.4804777837651544e-01   6.4554692990752949e-01  -5.9369188496041370e-01
  -1.9980984536556630e+01   7.8571428571428359e-01   4.4727261192323020e-01   6.4636936396836864e-01  -5.9584667271416891e-01
  -1.9981638402829375e+01   7.8571428571428537e-01   4.4649601219137763e-01   6.4718700109043736e-01  -5.9798925515406731e-01
  -1.9982293190435126e+01   7.8571428571422386e-01   4.4571793814983712e-01   6.4799990320876566e-01  -6.0011979587610731e-01
  -1.9982948959487036e+01   7.8571428571427393e-01   4.4493845734013948e-01   6.4880801832760693e-01  -6.0223815986319962e-01
  -1.9983605633604466e+01   7.8571428571423330e-01   4.4415752312409074e-01   6.4961141313912485e-01  -6.0434452316344345e-01
  -1.9984263250556410e+01   7.8571428571422364e-01   4.4337518429786099e-01   6.5041005533641394e-01  -6.0643880227632607e-01
  -1.9984921795655158e+01   7.8571428571427804e-01   4.4259144564248865e-01   6.5120395810166598e-01  -6.0852103291385962e-01
  -1.9985581231072914e+01   7.8571428571423463e-01   4.4180629214810957e-01   6.5199315411934533e-01  -6.1059130193257249e-01
  -1.9986241600920891e+01   7.8571428571428514e-01   4.4101977803964776e-01   6.5277760637180005e-01  -6.1264951331057182e-01
  -1.9986902856917272e+01   7.8571428571425395e-01   4.4023187918873291e-01   6.5355735630993084e-01  -6.1469577684871446e-01
  -1.9987565012309506e+01   7.8571428571423951e-01   4.3944262354658442e-01   6.5433239326011949e-01  -6.1673006555985599e-01
  -1.9988228056932638e+01   7.8571428571426427e-01   4.3865201909082946e-01   6.5510272635135602e-01  -6.1875240438328427e-01
  -1.9988891975281945e+01   7.8571428571428403e-01   4.3786006908127678e-01   6.5586836906547419e-01  -6.2076282966417895e-01
  -1.9989556769586095e+01   7.8571428571426427e-01   4.3706679186746844e-01   6.5662932014187103e-01  -6.2276133901030606e-01
  -1.9990222430340090e+01   7.8571428571425883e-01   4.3627219565214059e-01   6.5738558806879266e-01  -6.2474795559430196e-01
  -1.9990888948211374e+01   7.8571428571428514e-01   4.3547628865986671e-01   6.5813718114151087e-01  -6.2672270205892400e-01
  -1.9991556318679365e+01   7.8571428571413637e-01   4.3467908317402337e-01   6.5888410370541883e-01  -6.2868559063773566e-01
  -1.9992224537830019e+01   7.8571428571426960e-01   4.3388059192483047e-01   6.5962635964747396e-01  -6.3063663232825173e-01
  -1.9992893587411359e+01   7.8571428571428548e-01   4.3308081506686069e-01   6.6036396437957245e-01  -6.3257586839672841e-01
  -1.9993563479682805e+01   7.8571428571425683e-01   4.3227977923449079e-01   6.6109690879204375e-01  -6.3450327561173658e-01
  -1.9994234191724225e+01   7.8571428571413593e-01   4.3147748029668775e-01   6.6182521197198119e-01  -6.3641890485113550e-01
  -1.9994905719861855e+01   7.8571428571425039e-01   4.3067393079943556e-01   6.6254887754320402e-01  -6.3832276630957541e-01
  -1.9995578075014873e+01   7.8571428571427415e-01   4.2986915607163234e-01   6.6326789773273154e-01  -6.4021484015455998e-01
  -1.9996251228047328e+01   7.8571428571427826e-01   4.2906314613786978e-01   6.6398229627808902e-01  -6.4209518944027666e-01
  -1.9996925183569775e+01   7.8571428571426927e-01   4.2825592060317508e-01   6.6469207035780076e-01  -6.4396380730779890e-01
  -1.9997599932631015e+01   7.8571428571427882e-01   4.2744748704650093e-01   6.6539722778117505e-01  -6.4582071484702508e-01
  -1.9998275466745074e+01   7.8571428571428503e-01   4.2663785334961174e-01   6.6609777594600927e-01  -6.4766593204228362e-01
  -1.9998951791802856e+01   7.8571428571413471e-01   4.2582704010168487e-01   6.6679371124769793e-01  -6.4949944986496599e-01
  -1.9999628879482753e+01   7.8571428571428448e-01   4.2501503734658264e-01   6.6748505619774767e-01  -6.5132132806747789e-01
  -1.9999545960643786e+01   7.8571428571428548e-01   4.2030948859002376e-01   6.7654847141782895e-02   9.4015660732932216e-01
  -1.9993193575258729e+01   7.8571428571428537e-01   4.2749189443484975e-01   7.3422478121951906e-02   9.2426424934239082e-01
  -1.9987438652528894e+01   7.8571428571426827e-01   4.3400258742762349e-01   7.9015243960164461e-02   9.0886871101501254e-01
  -1.9982183685366003e+01   7.8571428571428104e-01   4.3995138975086873e-01   8.4447503650658812e-02   8.9392910186075047e-01
  -1.9977353463128040e+01   7.8571428571428359e-01   4.4542293178544068e-01   8.9732442329011758e-02   8.7940793537523998e-01
  -1.9972889317953229e+01   7.8571428571428170e-01   4.5048332974118732e-01   9.4881455756029839e-02   8.6527279860889461e-01
  -1.9968743990188862e+01   7.8571428571427648e-01   4.5518575033650849e-01   9.9904922298913235e-02   8.5149420812118726e-01
  -1.9964879228095647e+01   7.8571428571428525e-01   4.5957327118585445e-01   1.0481188212178315e-01   8.3804647098235652e-01
  -1.9961263415449462e+01   7.8571428571428259e-01   4.6368146977426483e-01   1.0961042974821154e-01   8.2490658956982543e-01
  -1.9957870149150619e+01   7.8571428571428303e-01   4.6754004748386491e-01   1.1430778444460443e-01   8.1205405379308171e-01
  -1.9954677151488262e+01   7.8571428571428248e-01   4.7117406015545138e-01   1.1891039524611653e-01   7.9947054042281940e-01
  -1.9951665380818202e+01   7.8571428571428192e-01   4.7460489569360287e-01   1.2342410634587228e-01   7.8713944970065020e-01
  -1.9948818659795638e+01   7.8571428571427926e-01   4.7785079163215632e-01   1.2785399194643815e-01   7.7504634666149008e-01
  -1.9946122823299458e+01   7.8571428571428215e-01   4.8092765596116810e-01   1.3220479091190038e-01   7.6317776547036154e-01
  -1.9943565399373568e+01   7.8571428571428314e-01   4.8384944034432587e-01   1.3648092275597926e-01   7.5152116026263716e-01
  -1.9941135726128270e+01   7.8571428571428303e-01   4.8662818496278049e-01   1.4068611069163503e-01   7.4006592651260861e-01
  -1.9938824236460206e+01   7.8571428571428004e-01   4.8927462806797001e-01   1.4482391361514724e-01   7.2880194505945051e-01
  -1.9936622466821067e+01   7.8571428571428303e-01   4.9179827924467973e-01   1.4889755952261735e-01   7.1772003211901891e-01
  -1.9934522734570095e+01   7.8571428571428314e-01   4.9420770565919131e-01   1.5291015808513653e-01   7.0681135724070732e-01
  -1.9932518306169836e+01   7.8571428571428548e-01   4.9651048055646280e-01   1.5686440874605739e-01   6.9606823387007177e-01
  -1.9930603131766738e+01   7.8571428571428281e-01   4.9871341258989577e-01   1.6076279281377009e-01   6.8548359334375164e-01
  -1.9928771702591224e+01   7.8571428571428481e-01   5.0082267916835288e-01   1.6460765554628168e-01   6.7505075946379445e-01
  -1.9927018958656014e+01   7.8571428571428514e-01   5.0284391834126085e-01   1.6840124791595121e-01   6.6476333332940762e-01
  -1.9925340457388099e+01   7.8571428571428525e-01   5.0478215996761056e-01   1.7214547960881482e-01   6.5461586103366143e-01
  -1.9923732048681551e+01   7.8571428571428503e-01   5.0664205212709323e-01   1.7584224008803331e-01   6.4460296089650027e-01
  -1.9922189799178831e+01   7.8571428571428470e-01   5.0842792358258482e-01   1.7949345189495611e-01   6.3471917848958592e-01
  -1.9920710322717568e+01   7.8571428571428559e-01   5.1014361579998790e-01   1.8310065156368946e-01   6.2496011983335531e-01
  -1.9919290513424002e+01   7.8571428571428514e-01   5.1179266076197572e-01   1.8666526579704934e-01   6.1532170140287834e-01
  -1.9917927187152529e+01   7.8571428571428503e-01   5.1337848919178719e-01   1.9018901517273976e-01   6.0579905821155378e-01
  -1.9916617886705446e+01   7.8571428571428559e-01   5.1490400858610930e-01   1.9367293335831795e-01   5.9638919391266332e-01
  -1.9915359855846578e+01   7.8571428571428537e-01   5.1637216792978313e-01   1.9711857267800442e-01   5.8708772187353175e-01
