   2.0027218810830577e-01  -2.8035335366342279e-01   0.0000000000000000e+00   0.0000000000000000e+00
   2.0027218810830572e-01  -2.8035335366342268e-01  -8.5954653054025114e-09   1.4433756729740646e-08
   2.0027218810830522e-01  -2.8035335366342184e-01  -2.5786395916207511e-08   4.3301270189221898e-08
   2.0027218810830275e-01  -2.8035335366341768e-01  -6.0168257137817229e-08   1.0103629710818395e-07
   2.0027218810829184e-01  -2.8035335366339936e-01  -1.2893197958103433e-07   2.1650635094610395e-07
   2.0027218810824624e-01  -2.8035335366332281e-01  -2.6645942446744598e-07   4.4744645862191013e-07
   2.0027218810805988e-01  -2.8035335366300990e-01  -5.4151431424010331e-07   9.0932667397323694e-07
   2.0027218810730654e-01  -2.8035335366174485e-01  -1.0916240937840407e-06   1.8330871046735889e-06
   2.0027218810427733e-01  -2.8035335365665809e-01  -2.1918436528608251e-06   3.6806079660557401e-06
   2.0027218809212871e-01  -2.8035335363625780e-01  -4.3922827709253787e-06   7.3756496886711432e-06
   2.0027218804347080e-01  -2.8035335355454999e-01  -8.7931610063411469e-06   1.4765733132708703e-05
   2.0027218784871226e-01  -2.8035335322750576e-01  -1.7594917471461188e-05   2.9545900011229971e-05
   2.0027218706942435e-01  -2.8035335191890270e-01  -3.5198430355990303e-05   5.9106233691809555e-05
   2.0027218395176519e-01  -2.8035334668363826e-01  -7.0405455759283951e-05   1.1822690044113698e-04
   2.0027217148011375e-01  -2.8035332574087640e-01  -1.4081950363944903e-04   2.3646822904462616e-04
   2.0027212159148089e-01  -2.8035324196642497e-01  -2.8164757598717554e-04   4.7295084708823065e-04
   2.0027192203293670e-01  -2.8035290686188075e-01  -5.6330353337693346e-04   9.4591576986030449e-04
   2.0027112379139808e-01  -2.8035156643133663e-01  -1.1266139496922431e-03   1.8918431088521602e-03
   2.0026979338611667e-01  -2.8034933237584969e-01  -1.6899209409328346e-03   2.8377647185586323e-03
   2.0026793082113706e-01  -2.8034620470218563e-01  -2.2532227945614627e-03   3.7836777343368843e-03
   2.0026553610212175e-01  -2.8034218341981632e-01  -2.8165177980566973e-03   4.7295792915701311e-03
   2.0026260923635103e-01  -2.8033726854091984e-01  -3.3798042389181948e-03   5.6754665256763259e-03
   2.0025515910175359e-01  -2.8032475805578871e-01  -4.5063445828756729e-03   7.5671865664051511e-03
   2.0023387357139980e-01  -2.8028901476341722e-01  -6.7592471727449003e-03   1.1350328734615840e-02
   2.0020407526545003e-01  -2.8023897655699265e-01  -9.0118209782329376e-03   1.5132920928921373e-02
   2.0016576563335781e-01  -2.8017464586108870e-01  -1.1263956429597207e-02   1.8914779865949988e-02
   2.0011894653858414e-01  -2.8009602579281329e-01  -1.3515543978685346e-02   2.2695722297895741e-02
   2.0006362025850596e-01  -2.8000312016165774e-01  -1.5766474104330672e-02   2.6475565021406688e-02
   1.9999978948430383e-01  -2.7989593346931180e-01  -1.8016637317746262e-02   3.0254124886470949e-02
   1.9984662728645278e-01  -2.7963873836745662e-01  -2.2514225246991738e-02   3.7806663761209752e-02
   1.9965948974500300e-01  -2.7932449033559931e-01  -2.7007432708581875e-02   4.5351875126310219e-02
   1.9943841327018419e-01  -2.7895325027980339e-01  -3.1495385507639057e-02   5.2888296607598653e-02
   1.9918344087531090e-01  -2.7852509015202787e-01  -3.5977210484448262e-02   6.0414467536246200e-02
   1.9889462216830897e-01  -2.7804009293616766e-01  -4.0452035686443330e-02   6.7928929232152963e-02
   1.9857201334194324e-01  -2.7749835263195360e-01  -4.4918990539943936e-02   7.5430225286944791e-02
   1.9821567716274827e-01  -2.7689997423671570e-01  -4.9377206021607674e-02   8.2916901846527502e-02
   1.9740210660538182e-01  -2.7553377802613022e-01  -5.8263951554180689e-02   9.7840595526876697e-02
   1.9645454360177481e-01  -2.7394256340774259e-01  -6.7105357598025370e-02   1.1268844122995034e-01
   1.9537372551240773e-01  -2.7212756392166931e-01  -7.5894545184786125e-02   1.2744892877032649e-01
   1.9416049337182045e-01  -2.7009018658759149e-01  -8.4624676479364475e-02   1.4211061575178702e-01
   1.9281579122615056e-01  -2.6783201081292402e-01  -9.3288960161444792e-02   1.5666213644588031e-01
   1.9134066538961239e-01  -2.6535478716722449e-01  -1.0188065676864158e-01   1.7109221061075475e-01
   1.8973626362053020e-01  -2.6266043602379718e-01  -1.1039308399687904e-01   1.8538965224339551e-01
   1.8800383421760480e-01  -2.5975104606954985e-01  -1.1881962195365360e-01   1.9954337825844987e-01
   1.8614472503715832e-01  -2.5662887268426426e-01  -1.2715371835987624e-01   2.1354241708688360e-01
   1.8416038243216690e-01  -2.5329633619054343e-01  -1.3538889369603926e-01   2.2737591718777311e-01
   1.7982226793748243e-01  -2.4601066848773226e-01  -1.5153695733179873e-01   2.5450354559357991e-01
   1.7500298633278247e-01  -2.3791662988397608e-01  -1.6721362354254196e-01   2.8084216905366771e-01
   1.6971752845666641e-01  -2.2903931317996140e-01  -1.8237018567138161e-01   3.0631014139710350e-01
   1.6398233324791892e-01  -2.1940623919367752e-01  -1.9695957217398918e-01   3.3082851794843116e-01
   1.5781523607736575e-01  -2.0904727136933082e-01  -2.1093649371378034e-01   3.5432130036038451e-01
   1.5123541271984506e-01  -1.9799452312154298e-01  -2.2425758443039448e-01   3.7671567227427671e-01
   1.4426331914928786e-01  -1.8628225820326699e-01  -2.3688153693247588e-01   3.9794222507617510e-01
   1.3692062735311783e-01  -1.7394678440749875e-01  -2.4876923058914024e-01   4.1793517304819860e-01
   1.2923015737468069e-01  -1.6102634093355334e-01  -2.5988385271928249e-01   4.3663255724767147e-01
   1.2121580580413781e-01  -1.4756097976831131e-01  -2.7019101230394582e-01   4.5397643748235889e-01
   1.1290247094918186e-01  -1.3359244145138030e-01  -2.7965884587417256e-01   4.6991307178743591e-01
   1.0431597492701332e-01  -1.1916402561049382e-01  -2.8825811525498068e-01   4.8439308284912297e-01
   9.5482982928237509e-02  -1.0432045666963694e-01  -2.9596229687519848e-01   4.9737161086088427e-01
   8.6430919911662629e-02  -8.9107745147287892e-02  -3.0274766238272965e-01   5.0880845234064909e-01
   7.7187884996396519e-02  -7.3573044975758978e-02  -3.0859335033524743e-01   5.1866818448148566e-01
   6.7782563824126882e-02  -5.7764507284866956e-02  -3.1348142876721297e-01   5.2692027465344005e-01
   5.8244139170016099e-02  -4.1731131104016890e-02  -3.1739694846533234e-01   5.3353917472066736e-01
   4.8602200085244393e-02  -2.5522611446227299e-02  -3.2032798681598151e-01   5.3850439988540488e-01
   3.8886649857882989e-02  -9.1891852456124044e-03  -3.2226568211960444e-01   5.4180059181859797e-01
   2.9127613081479747e-02   7.2185243736359109e-03  -3.2320425829850746e-01   5.4341756588594525e-01
   1.9355342122489419e-02   2.3649665013693325e-02  -3.2314103995570820e-01   5.4335034232762791e-01
   9.6001232784938863e-03   4.0053312618367733e-02  -3.2207645777343757e-01   5.4159916129985708e-01
  -1.0781708096186093e-04   5.6378629298557394e-02  -3.2001404427043101e-01   5.3816948173648216e-01
  -9.7384061001248440e-03   7.2575020878771809e-02  -3.1696041996717694e-01   5.3307196403906676e-01
  -1.9261817460520983e-02   8.8592293676595754e-02  -3.1292527003772763e-01   5.2632243665392875e-01
  -2.8648563556126515e-02   1.0438081002950091e-01  -3.0792131155542241e-01   5.1794184664447906e-01
  -3.7869586537847243e-02   1.1989164208743106e-01  -3.0196425146786232e-01   5.0795619441664608e-01
  -4.6896347949432995e-02   1.3507672339510016e-01  -2.9507273546362084e-01   4.9639645280407185e-01
  -5.5700916682265247e-02   1.4988899779491854e-01  -2.8726828791942532e-01   4.8329847076797594e-01
  -6.4256054982547189e-02   1.6428256518988957e-01  -2.7857524314183746e-01   4.6870286201394917e-01
  -7.2535302251264241e-02   1.7821282371565758e-01  -2.6902066814174697e-01   4.5265487887432282e-01
  -8.0513056384842713e-02   1.9163660788211703e-01  -2.5863427720323701e-01   4.3520427185001870e-01
  -8.8164652412678027e-02   2.0451232225756796e-01  -2.4744833853053791e-01   4.1640513524978839e-01
  -9.5466438196602540e-02   2.1680007028228962e-01  -2.3549757327784002e-01   3.9631573940736214e-01
  -1.0239584696688048e-01   2.2846177781355537e-01  -2.2281904728665436e-01   3.7499834999812687e-01
  -1.0893146647941908e-01   2.3946131102048213e-01  -2.0945205587418644e-01   3.5251903501641335e-01
  -1.1505310458953850e-01   2.4976458826464323e-01  -1.9543800203380107e-01   3.2894746001218178e-01
  -1.2074185104880907e-01   2.5933968562102333e-01  -1.8082026842510851e-01   3.0435667222174190e-01
  -1.2598013534311261e-01   2.6815693571359511e-01  -1.6564408354648513e-01   2.7882287426102331e-01
  -1.3075178040217497e-01   2.7618901956049474e-01  -1.4995638249695903e-01   2.5242518808172576e-01
  -1.3504205202331807e-01   2.8341105114539822e-01  -1.3380566274734793e-01   2.2524540992033545e-01
  -1.3883770386505428e-01   2.8980065445418768e-01  -1.1724183535233509e-01   1.9736775699740886e-01
  -1.4212701787936008e-01   2.9533803273928039e-01  -1.0031607204582298e-01   1.6887860674961602e-01
  -1.4489984006498466e-01   3.0000602979799651e-01  -8.3080648671417234e-02   1.3986622939973531e-01
  -1.4714761143793903e-01   3.0379018307599626e-01  -6.5588785408280184e-02   1.1042051469003152e-01
  -1.4886339412933680e-01   3.0667876843204378e-01  -4.7894484259859482e-02   8.0632693622172708e-02
  -1.5004189253498662e-01   3.0866283642608155e-01  -3.0052364279156599e-02   5.0595056061999585e-02
  -1.5067946945553531e-01   3.0973624001874039e-01  -1.2117495009258312e-02   2.0400665080007395e-02
  -1.5080298388974875e-01   3.0994418545211827e-01   8.3899900915618275e-15  -1.4056464325840068e-14
