   1.2759385739695828e-01  -9.8160137840178163e-01   0.0000000000000000e+00   0.0000000000000000e+00
   1.2759385739695828e-01  -9.8160137840178152e-01  -1.7904465656462161e-09   1.4433756729740644e-08
   1.2759385739695819e-01  -9.8160137840178086e-01  -5.3713396969386472e-09   4.3301270189221924e-08
   1.2759385739695778e-01  -9.8160137840177741e-01  -1.2533125959523494e-08   1.0103629710818438e-07
   1.2759385739695589e-01  -9.8160137840176220e-01  -2.6856698484693054e-08   2.1650635094610819e-07
   1.2759385739694798e-01  -9.8160137840169848e-01  -5.5503843535031033e-08   4.4744645862194730e-07
   1.2759385739691567e-01  -9.8160137840143813e-01  -1.1279813363569760e-07   9.0932667397355458e-07
   1.2759385739678511e-01  -9.8160137840038564e-01  -2.2738671383695449e-07   1.8330871046761937e-06
   1.2759385739626011e-01  -9.8160137839615336e-01  -4.5656387423885453e-07   3.6806079660768367e-06
   1.2759385739415460e-01  -9.8160137837917982e-01  -9.1491819503772775e-07   7.3756496888409157e-06
   1.2759385738572163e-01  -9.8160137831119698e-01  -1.8316268365959935e-06   1.4765733134070915e-05
   1.2759385735196768e-01  -9.8160137803908820e-01  -3.6650441193964154e-06   2.9545900022143641e-05
   1.2759385721690794e-01  -9.8160137695029870e-01  -7.3318786824673136e-06   5.9106233779182935e-05
   1.2759385667658102e-01  -9.8160137259443148e-01  -1.4665547788365322e-05   1.1822690114038020e-04
   1.2759385451509739e-01  -9.8160135516954461e-01  -2.9332885838194074e-05   2.3646823463959631e-04
   1.2759384586881120e-01  -9.8160128546716197e-01  -5.8667560642045673e-05   4.7295089185208923e-04
   1.2759381128296499e-01  -9.8160100665197525e-01  -1.1733689988303098e-04   9.4591612798751467e-04
   1.2759375363942657e-01  -9.8160054195627433e-01  -1.7600621542840559e-04   1.4188811851734398e-03
   1.2759367293820764e-01  -9.8159989138014714e-01  -2.3467549543019058e-04   1.8918459739337926e-03
   1.2759356917932449e-01  -9.8159905492371669e-01  -2.9334472804041551e-04   2.3648104047925517e-03
   1.2759329248865395e-01  -9.8159682437061402e-01  -4.1068300369436308e-04   3.3107378349015609e-03
   1.2759246241657607e-01  -9.8159013271008833e-01  -6.4535846499444145e-04   5.2025844633651081e-03
   1.2759126342587496e-01  -9.8158046699495227e-01  -8.8003184106510144e-04   7.0944153441380078e-03
   1.2758969552042471e-01  -9.8156782725446290e-01  -1.1147023736507809e-03   8.9862247508419243e-03
   1.2758775870529140e-01  -9.8155221352687949e-01  -1.3493693045067965e-03   1.0878006957163608e-02
   1.2758545298673313e-01  -9.8153362585946324e-01  -1.5840318754022447e-03   1.2769756236872256e-02
   1.2757973487033358e-01  -9.8148752893918556e-01  -2.0533409044741244e-03   1.6553133112043605e-02
   1.2756387220409318e-01  -9.8135965089930410e-01  -2.9918732831395673e-03   2.4119239802087297e-02
   1.2754210834175683e-01  -9.8118419932797440e-01  -3.9302509913858715e-03   3.1684178393159998e-02
   1.2751444440844106e-01  -9.8096118272234611e-01  -4.8684255204189848e-03   3.9247582514097185e-02
   1.2748088183425668e-01  -9.8069061188315076e-01  -5.8063483738807330e-03   4.6809085868150503e-02
   1.2744142235422126e-01  -9.8037249991417785e-01  -6.7439710708163585e-03   5.4368322250751742e-02
   1.2739606800815295e-01  -9.8000686222163935e-01  -7.6812451486406291e-03   6.1924925567272388e-02
   1.2728768440042568e-01  -9.7913308279823152e-01  -9.5545537062463499e-03   7.7028769279774742e-02
   1.2715575342042251e-01  -9.7806944287989128e-01  -1.1425886826003010e-02   9.2117691121918213e-02
   1.2700030234437440e-01  -9.7681614851292065e-01  -1.3294857770621782e-02   1.0718876810453984e-01
   1.2682136330872165e-01  -9.7537344248299018e-01  -1.5161080380723104e-02   1.2223908070005382e-01
   1.2661897330225286e-01  -9.7374160426804335e-01  -1.7024169169126555e-02   1.3726571340877694e-01
   1.2639317415705936e-01  -9.7192094998408296e-01  -1.8883739414892669e-02   1.5226575532446815e-01
   1.2614401253830890e-01  -9.6991183232385092e-01  -2.0739407257082246e-02   1.6723630069897222e-01
   1.2557581263659545e-01  -9.6532980011166136e-01  -2.4437505147279822e-02   1.9707730800293552e-01
   1.2491484311735787e-01  -9.5999905793148854e-01  -2.8115412693977052e-02   2.2676561388658273e-01
   1.2416164997866677e-01  -9.5392373619745974e-01  -3.1770099452273090e-02   2.5627821539227752e-01
   1.2331685516396887e-01  -9.4710854223316787e-01  -3.5398557608569421e-02   2.8559224588474091e-01
   1.2238115595633690e-01  -9.3955875661945887e-01  -3.8997804877898702e-02   3.1468499279060869e-01
   1.2135532430030399e-01  -9.3128022909750363e-01  -4.2564887363985816e-02   3.4353391521780524e-01
   1.2024020605227084e-01  -9.2227937403035165e-01  -4.6096882377998520e-02   3.7211666144099487e-01
   1.1903672016057477e-01  -9.1256316542650429e-01  -4.9590901212047483e-02   4.0041108623948091e-01
   1.1774585777640675e-01  -9.0213913152939107e-01  -5.3044091863607264e-02   4.2839526807404044e-01
   1.1636868129685905e-01  -8.9101534897696877e-01  -5.6453641707150712e-02   4.5604752608930565e-01
   1.1335998566375868e-01  -8.6670354841587061e-01  -6.3130780984881202e-02   5.1027085134711692e-01
   1.1002051685146201e-01  -8.3970309617096173e-01  -6.9600703439843425e-02   5.6291306268224117e-01
   1.0636122625933762e-01  -8.1009765472258932e-01  -7.5842584372173838e-02   6.1381106583238509e-01
   1.0239409142288071e-01  -7.7797895706537490e-01  -8.1836464210880214e-02   6.6280717729075489e-01
   9.8132070725506587e-02  -7.4344652214881535e-01  -8.7563317963965603e-02   7.0974961312862550e-01
   9.3589054743190181e-02  -7.0660734618360055e-01  -9.3005119589651158e-02   7.5449295943413630e-01
   8.8779814484168260e-02  -6.6757557077547625e-01  -9.8144901029322218e-02   7.9689862290652980e-01
   8.3719946797776792e-02  -6.2647212892035242e-01  -1.0296680569043444e-01   8.3683526020795840e-01
   7.8425817235935377e-02  -5.8342436996304015e-01  -1.0745613621592465e-01   8.7417918474229561e-01
   7.2914500657794354e-02  -5.3856566468712852e-01  -1.1159939642504672e-01   9.0881474960181319e-01
   6.7203719872646298e-02  -4.9203499176499549e-01  -1.1538432735839374e-01   9.4063470549787376e-01
   6.1311782618390036e-02  -4.4397650685451229e-01  -1.1879993740660744e-01   9.6954053257073758e-01
   5.5257517172759119e-02  -3.9453909568254808e-01  -1.2183652654736549e-01   9.9544274505584862e-01
   4.9060206892153561e-02  -3.4387591250466998e-01  -1.2448570475819880e-01   1.0182611678693865e+00
   4.2739523968520730e-02  -2.9214390537538382e-01  -1.2674040471306366e-01   1.0379251842640367e+00
   3.6315462688338150e-02  -2.3950332970370261e-01  -1.2859488890799967e-01   1.0543739537966788e+00
   2.9808272469565335e-02  -1.8611725160463735e-01  -1.3004475139531219e-01   1.0675565999426209e+00
   2.3238390942625874e-02  -1.3215104258831079e-01  -1.3108691433625144e-01   1.0774323667859078e+00
   1.6626377330225442e-02  -7.7771867154656726e-02  -1.3171961960892564e-01   1.0839707443117190e+00
   9.9928463683132528e-03  -2.3148164883070692e-02  -1.3194241573102591e-01   1.0871515619247099e+00
   3.3584029969448014e-03   3.1550871377196754e-02  -1.3175614037578512e-01   1.0869650499159793e+00
  -3.2564219645925723e-03   8.6155819598650499e-02  -1.3116289877441104e-01   1.0834118687008834e+00
  -9.8312349590690441e-03   1.4049755332549177e-01  -1.3016603830906509e-01   1.0765031057498480e+00
  -1.6345841465182469e-02   1.9440776545680785e-01  -1.2877011960738435e-01   1.0662602402343373e+00
  -2.2780306235913993e-02   2.4771948944155905e-01  -1.2698088445270303e-01   1.0527150755099293e+00
  -2.9115011849081770e-02   3.0026761627254595e-01  -1.2480522082369633e-01   1.0359096396577001e+00
  -3.5330715433505022e-02   3.5188940568014321e-01  -1.2225112537336126e-01   1.0158960544035531e+00
  -4.1408603449619337e-02   4.0242498994512566e-01  -1.1932766365030903e-01   9.9273637283242200e-01
  -4.7330344418390007e-02   4.5171786877329528e-01  -1.1604492835555145e-01   9.6650238641016406e-01
  -5.3078139506818736e-02   4.9961539370280100e-01  -1.1241399591560854e-01   9.3727540192013414e-01
  -5.8634770892106884e-02   5.4596924054789719e-01  -1.0844688163815858e-01   9.0514598901361898e-01
  -6.3983647839523247e-02   5.9063586842033922e-01  -1.0415649369991621e-01   8.7021369916325042e-01
  -6.9108850441133268e-02   6.3347696391151498e-01  -9.9556586198280367e-02   8.3258675689592154e-01
  -7.3995170973712013e-02   6.7435986906464929e-01  -9.4661711478873034e-02   7.9238172426637232e-01
  -7.8628152844323770e-02   7.1315799181683581e-01  -8.9487171930708875e-02   7.4972313961420789e-01
  -8.2994127101170309e-02   7.4975119764509002e-01  -8.4048971419715471e-02   7.0474313172547209e-01
  -8.7080246495361779e-02   7.8402618120891854e-01  -7.8363766509965321e-02   6.5758101059474106e-01
  -9.0874517086238671e-02   8.1587681684385993e-01  -7.2448817600579377e-02   6.0838283605486121e-01
  -9.4365827388777052e-02   8.4520448682591620e-01  -6.6321940085093858e-02   5.5730096560868581e-01
  -9.7543975066458066e-02   8.7191838639551078e-01  -6.0001455619407687e-02   5.0449358286030066e-01
  -1.0039969117681061e-01   8.9593580460142197e-01  -5.3506143564492008e-02   4.5012420800207420e-01
  -1.0292466197968295e-01   9.1718238009977704e-01  -4.6855192651065532e-02   3.9436119186825574e-01
  -1.0511154832022090e-01   9.3559233112047357e-01  -4.0068152895629400e-02   3.3737719511563119e-01
  -1.0695400259958836e-01   9.5110865889303819e-01  -3.3164887780789611e-02   2.7934865413676541e-01
  -1.0844668334673359e-01   9.6368332390573930e-01  -2.6165526697846272e-02   2.2045523535151598e-01
  -1.0958526740406191e-01   9.7327739445545647e-01  -1.9090417636331746e-02   1.6087927955764633e-01
  -1.1036645973880664e-01   9.7986116703114423e-01  -1.1960080093666857e-02   1.0080523805142817e-01
  -1.1078800089029134e-01   9.8341425816044303e-01  -4.7951581684731294e-03   4.0419102253995427e-02
  -1.1086857763262717e-01   9.8409345670927095e-01   4.0345331242530591e-15  -1.0775408343377535e-13
