   1.1886251464744162e-04  -1.9997511948883118e-04   0.0000000000000000e+00   0.0000000000000000e+00   3.4118187490042260e+00   9.1770369981519382e-08
   2.3772502929488324e-04  -3.9990049595749422e-04   0.0000000000000000e+00   0.0000000000000000e+00   3.4118187485986344e+00   3.6701412040063533e-07
   3.5658754394232489e-04  -5.9977615638290055e-04   0.0000000000000000e+00   0.0000000000000000e+00   3.4118187478724864e+00   8.2563028076722045e-07
   4.7545005858976654e-04  -7.9960212770776001e-04   0.0000000000000000e+00   0.0000000000000000e+00   3.4118187468777710e+00   1.4675179722022722e-06
   5.9431257323720819e-04  -9.9937843683999537e-04   0.0000000000000000e+00   0.0000000000000000e+00   3.4118187455916429e+00   2.2925764072865101e-06
   7.1317508788464978e-04  -1.1991051106516120e-03   0.0000000000000000e+00   0.0000000000000000e+00   3.4118187440221344e+00   3.3007048899044578e-06
   8.3203760253209138e-04  -1.3987821759860045e-03   0.0000000000000000e+00   0.0000000000000000e+00   3.4118187421699679e+00   4.4918028151240459e-06
   9.5090011717953297e-04  -1.5984096596412796e-03   0.0000000000000000e+00   0.0000000000000000e+00   3.4118187400279991e+00   5.8657696689759483e-06
   1.0697626318269746e-03  -1.7979875883934750e-03   0.0000000000000000e+00   0.0000000000000000e+00   3.4118187375969411e+00   7.4225050284085711e-06
   1.1886251464744162e-03  -1.9975159889777535e-03   0.0000000000000000e+00   0.0000000000000000e+00   3.4118187348879458e+00   9.1619085610526858e-06
   1.3074876611218578e-03  -2.1969948880897908e-03   0.0000000000000000e+00   0.0000000000000000e+00   3.4118187318903601e+00   1.1083880025060257e-05
   1.4263501757692993e-03  -2.3964243124051069e-03   0.0000000000000000e+00   0.0000000000000000e+00   3.4118187286115029e+00   1.3188319269094868e-05
   1.5452126904167409e-03  -2.5958042885570261e-03   0.0000000000000000e+00   0.0000000000000000e+00   3.4118187250460226e+00   1.5475126232036404e-05
   1.6640752050641825e-03  -2.7951348431395329e-03   0.0000000000000000e+00   0.0000000000000000e+00   3.4118187211994120e+00   1.7944200942832363e-05
   1.7829377197116241e-03  -2.9944160027173651e-03   0.0000000000000000e+00   0.0000000000000000e+00   3.4118187170676268e+00   2.0595443520434489e-05
   1.9018002343590657e-03  -3.1936477938326697e-03   0.0000000000000000e+00   0.0000000000000000e+00   3.4118187126510766e+00   2.3428754173739044e-05
   2.0206627490065073e-03  -3.3928302429729984e-03   0.0000000000000000e+00   0.0000000000000000e+00   3.4118187079523334e+00   2.6444033201109267e-05
   2.1395252636539491e-03  -3.5919633766011787e-03   0.0000000000000000e+00   0.0000000000000000e+00   3.4118187029674734e+00   2.9641180990522089e-05
   2.2583877783013909e-03  -3.7910472211554261e-03   0.0000000000000000e+00   0.0000000000000000e+00   3.4118186977010865e+00   3.3020098019453352e-05
   2.3772502929488327e-03  -3.9900818030344067e-03   0.0000000000000000e+00   0.0000000000000000e+00   3.4118186921502640e+00   3.6580684854559787e-05
   2.4961128075962746e-03  -4.1890671485843283e-03   0.0000000000000000e+00   0.0000000000000000e+00   3.4118186863182767e+00   4.0322842151329254e-05
   2.6149753222437164e-03  -4.3880032841549614e-03   0.0000000000000000e+00   0.0000000000000000e+00   3.4118186802027499e+00   4.4246470654705323e-05
   2.7338378368911582e-03  -4.5868902360237185e-03   0.0000000000000000e+00   0.0000000000000000e+00   3.4118186738062972e+00   4.8351471197884989e-05
   2.8527003515386000e-03  -4.7857280304700288e-03   0.0000000000000000e+00   0.0000000000000000e+00   3.4118186671222648e+00   5.2637744703249951e-05
   2.9715628661860418e-03  -4.9845166937106762e-03   0.0000000000000000e+00   0.0000000000000000e+00   3.4118186601590805e+00   5.7105192181247170e-05
   3.0904253808334836e-03  -5.1832562519392028e-03   0.0000000000000000e+00   0.0000000000000000e+00   3.4118186529139205e+00   6.1753714730838373e-05
   3.2092878954809254e-03  -5.3819467313292639e-03   0.0000000000000000e+00   0.0000000000000000e+00   3.4118186453863868e+00   6.6583213539450671e-05
   3.3281504101283672e-03  -5.5805881580104815e-03   0.0000000000000000e+00   0.0000000000000000e+00   3.4118186375758888e+00   7.1593589882419865e-05
   3.4470129247758090e-03  -5.7791805580661914e-03   0.0000000000000000e+00   0.0000000000000000e+00   3.4118186294846851e+00   7.6784745122765723e-05
   3.5658754394232509e-03  -5.9777239575586191e-03   0.0000000000000000e+00   0.0000000000000000e+00   3.4118186211117947e+00   8.2156580711514497e-05
   3.6847379540706927e-03  -6.1762183825375839e-03   0.0000000000000000e+00   0.0000000000000000e+00   3.4118186124571896e+00   8.7708998187778359e-05
   3.8036004687181345e-03  -6.3746638589719119e-03   0.0000000000000000e+00   0.0000000000000000e+00   3.4118186035213003e+00   9.3441899177197369e-05
   3.9224629833655763e-03  -6.5730604128464614e-03   0.0000000000000000e+00   0.0000000000000000e+00   3.4118185943041524e+00   9.9355185393799704e-05
   4.0413254980130181e-03  -6.7714080700850363e-03   0.0000000000000000e+00   0.0000000000000000e+00   3.4118185848059182e+00   1.0544875863825154e-04
   4.1601880126604599e-03  -6.9697068565932633e-03   0.0000000000000000e+00   0.0000000000000000e+00   3.4118185750267367e+00   1.1172252079863450e-04
   4.2790505273079017e-03  -7.1679567982121288e-03   0.0000000000000000e+00   0.0000000000000000e+00   3.4118185649666701e+00   1.1817637384922157e-04
   4.3979130419553435e-03  -7.3661579208074129e-03   0.0000000000000000e+00   0.0000000000000000e+00   3.4118185546265467e+00   1.2481021985246484e-04
   4.5167755566027853e-03  -7.5643102501525552e-03   0.0000000000000000e+00   0.0000000000000000e+00   3.4118185440051305e+00   1.3162396095603860e-04
   4.6356380712502272e-03  -7.7624138120231502e-03   0.0000000000000000e+00   0.0000000000000000e+00   3.4118185331039270e+00   1.3861749939498777e-04
   4.7545005858976690e-03  -7.9604686321447602e-03   0.0000000000000000e+00   0.0000000000000000e+00   3.4118185219226360e+00   1.4579073749029293e-04
   4.8733631005451108e-03  -8.1584747362467378e-03   0.0000000000000000e+00   0.0000000000000000e+00   3.4118185104612211e+00   1.5314357765016171e-04
   4.9922256151925526e-03  -8.3564321499708660e-03   0.0000000000000000e+00   0.0000000000000000e+00   3.4118184987200344e+00   1.6067592236741743e-04
   5.1110881298399944e-03  -8.5543408989567013e-03   0.0000000000000000e+00   0.0000000000000000e+00   3.4118184866988241e+00   1.6838767422165240e-04
   5.2299506444874362e-03  -8.7522010088251275e-03   0.0000000000000000e+00   0.0000000000000000e+00   3.4118184743976028e+00   1.7627873587870062e-04
   5.3488131591348780e-03  -8.9500125051307951e-03   0.0000000000000000e+00   0.0000000000000000e+00   3.4118184618189566e+00   1.8434901008909774e-04
   5.4676756737823198e-03  -9.1477754134370801e-03   0.0000000000000000e+00   0.0000000000000000e+00   3.4118184489599233e+00   1.9259839969015634e-04
   5.5865381884297616e-03  -9.3454897592147208e-03   0.0000000000000000e+00   0.0000000000000000e+00   3.4118184358218384e+00   2.0102680760274657e-04
   5.7054007030772035e-03  -9.5431555679728990e-03   0.0000000000000000e+00   0.0000000000000000e+00   3.4118184224047847e+00   2.0963413683520272e-04
   5.8242632177246453e-03  -9.7407728651431776e-03   0.0000000000000000e+00   0.0000000000000000e+00   3.4118184087088590e+00   2.1842029047958127e-04
   5.9431257323720871e-03  -9.9383416761489266e-03   0.0000000000000000e+00   0.0000000000000000e+00   3.4118183947343228e+00   2.2738517171371283e-04
   6.0619882470195289e-03  -1.0135862026346849e-02   0.0000000000000000e+00   0.0000000000000000e+00   3.4118183804810007e+00   2.3652868379913069e-04
   6.1808507616669707e-03  -1.0333333941096172e-02   0.0000000000000000e+00   0.0000000000000000e+00   3.4118183659494856e+00   2.4585073008324423e-04
   6.2997132763144125e-03  -1.0530757445701184e-02   0.0000000000000000e+00   0.0000000000000000e+00   3.4118183511399556e+00   2.5535121399726182e-04
   6.4185757909618543e-03  -1.0728132565480410e-02   0.0000000000000000e+00   0.0000000000000000e+00   3.4118183360524243e+00   2.6503003905849610e-04
   6.5374383056092961e-03  -1.0925459325638483e-02   0.0000000000000000e+00   0.0000000000000000e+00   3.4118183206870190e+00   2.7488710886562547e-04
   6.6563008202567379e-03  -1.1122737751432285e-02   0.0000000000000000e+00   0.0000000000000000e+00   3.4118183050437576e+00   2.8492232710455954e-04
   6.7751633349041798e-03  -1.1319967868037746e-02   0.0000000000000000e+00   0.0000000000000000e+00   3.4118182891229183e+00   2.9513559754346135e-04
   6.8940258495516216e-03  -1.1517149700612824e-02   0.0000000000000000e+00   0.0000000000000000e+00   3.4118182729245361e+00   3.0552682403490886e-04
   7.0128883641990634e-03  -1.1714283274281753e-02   0.0000000000000000e+00   0.0000000000000000e+00   3.4118182564483535e+00   3.1609591051517830e-04
   7.1317508788465052e-03  -1.1911368614153543e-02   0.0000000000000000e+00   0.0000000000000000e+00   3.4118182396955281e+00   3.2684276100484853e-04
   7.2506133934939470e-03  -1.2108405745263555e-02   0.0000000000000000e+00   0.0000000000000000e+00   3.4118182226656728e+00   3.3776727960631645e-04
   7.3694759081413888e-03  -1.2305394692640966e-02   0.0000000000000000e+00   0.0000000000000000e+00   3.4118182053589550e+00   3.4886937050634004e-04
   7.4883384227888306e-03  -1.2502335481315229e-02   0.0000000000000000e+00   0.0000000000000000e+00   3.4118181877754896e+00   3.6014893797626309e-04
   7.6072009374362724e-03  -1.2699228136254247e-02   0.0000000000000000e+00   0.0000000000000000e+00   3.4118181699153354e+00   3.7160588636931681e-04
   7.7260634520837142e-03  -1.2896072682352823e-02   0.0000000000000000e+00   0.0000000000000000e+00   3.4118181517788124e+00   3.8324012011987712e-04
   7.8449259667311561e-03  -1.3092869144573452e-02   0.0000000000000000e+00   0.0000000000000000e+00   3.4118181333659514e+00   3.9505154374945529e-04
   7.9637884813785979e-03  -1.3289617547733123e-02   0.0000000000000000e+00   0.0000000000000000e+00   3.4118181146769238e+00   4.0704006185726465e-04
   8.0826509960260397e-03  -1.3486317916736207e-02   0.0000000000000000e+00   0.0000000000000000e+00   3.4118180957118449e+00   4.1920557913037828e-04
   8.2015135106734815e-03  -1.3682970276348882e-02   0.0000000000000000e+00   0.0000000000000000e+00   3.4118180764709325e+00   4.3154800033350056e-04
   8.3203760253209233e-03  -1.3879574651367561e-02   0.0000000000000000e+00   0.0000000000000000e+00   3.4118180569542873e+00   4.4406723031642145e-04
   8.4392385399683651e-03  -1.4076131066544019e-02   0.0000000000000000e+00   0.0000000000000000e+00   3.4118180371620803e+00   4.5676317401050431e-04
   8.5581010546158069e-03  -1.4272639546582077e-02   0.0000000000000000e+00   0.0000000000000000e+00   3.4118180170944239e+00   4.6963573642834711e-04
   8.6769635692632487e-03  -1.4469100116218454e-02   0.0000000000000000e+00   0.0000000000000000e+00   3.4118179967514335e+00   4.8268482266756757e-04
   8.7958260839106905e-03  -1.4665512800045794e-02   0.0000000000000000e+00   0.0000000000000000e+00   3.4118179761333538e+00   4.9591033790206203e-04
   8.9146885985581324e-03  -1.4861877622741953e-02   0.0000000000000000e+00   0.0000000000000000e+00   3.4118179552402399e+00   5.0931218739307777e-04
   9.0335511132055742e-03  -1.5058194608903406e-02   0.0000000000000000e+00   0.0000000000000000e+00   3.4118179340722361e+00   5.2289027648093974e-04
   9.1524136278530160e-03  -1.5254463783062834e-02   0.0000000000000000e+00   0.0000000000000000e+00   3.4118179126295489e+00   5.3664451058566161e-04
   9.2712761425004578e-03  -1.5450685169772344e-02   0.0000000000000000e+00   0.0000000000000000e+00   3.4118178909123023e+00   5.5057479521107436e-04
   9.3901386571478996e-03  -1.5646858793518285e-02   0.0000000000000000e+00   0.0000000000000000e+00   3.4118178689206298e+00   5.6468103594033007e-04
   9.5090011717953414e-03  -1.5842984678811456e-02   0.0000000000000000e+00   0.0000000000000000e+00   3.4118178466546145e+00   5.7896313844051279e-04
   9.6278636864427832e-03  -1.6039062850079101e-02   0.0000000000000000e+00   0.0000000000000000e+00   3.4118178241146109e+00   5.9342100845679929e-04
   9.7467262010902250e-03  -1.6235093331732450e-02   0.0000000000000000e+00   0.0000000000000000e+00   3.4118178013001885e+00   6.0805455181588098e-04
   9.8655887157376668e-03  -1.6431076148174340e-02   0.0000000000000000e+00   0.0000000000000000e+00   3.4118177782121619e+00   6.2286367442630590e-04
   9.9844512303851086e-03  -1.6627011323720832e-02   0.0000000000000000e+00   0.0000000000000000e+00   3.4118177548504351e+00   6.3784828227398966e-04
   1.0103313745032550e-02  -1.6822898882713606e-02   0.0000000000000000e+00   0.0000000000000000e+00   3.4118177312151210e+00   6.5300828142832818e-04
   1.0222176259679992e-02  -1.7018738849444350e-02   0.0000000000000000e+00   0.0000000000000000e+00   3.4118177073064184e+00   6.6834357803787501e-04
   1.0341038774327434e-02  -1.7214531248174937e-02   0.0000000000000000e+00   0.0000000000000000e+00   3.4118176831243874e+00   6.8385407833133037e-04
   1.0459901288974876e-02  -1.7410276103118814e-02   0.0000000000000000e+00   0.0000000000000000e+00   3.4118176586692197e+00   6.9953968861630818e-04
   1.0578763803622318e-02  -1.7605973438517396e-02   0.0000000000000000e+00   0.0000000000000000e+00   3.4118176339410295e+00   7.1540031528372094e-04
   1.0697626318269760e-02  -1.7801623278541765e-02   0.0000000000000000e+00   0.0000000000000000e+00   3.4118176089399652e+00   7.3143586480189232e-04
   1.0816488832917201e-02  -1.7997225647275211e-02   0.0000000000000000e+00   0.0000000000000000e+00   3.4118175836661888e+00   7.4764624371522490e-04
   1.0935351347564643e-02  -1.8192780568891127e-02   0.0000000000000000e+00   0.0000000000000000e+00   3.4118175581197767e+00   7.6403135865488712e-04
   1.1054213862212085e-02  -1.8388288067450541e-02   0.0000000000000000e+00   0.0000000000000000e+00   3.4118175323009345e+00   7.8059111632642144e-04
   1.1173076376859527e-02  -1.8583748167026702e-02   0.0000000000000000e+00   0.0000000000000000e+00   3.4118175062097622e+00   7.9732542351721608e-04
   1.1291938891506969e-02  -1.8779160891578987e-02   0.0000000000000000e+00   0.0000000000000000e+00   3.4118174798464023e+00   8.1423418708846218e-04
   1.1410801406154410e-02  -1.8974526265166044e-02   0.0000000000000000e+00   0.0000000000000000e+00   3.4118174532110777e+00   8.3131731398850494e-04
   1.1529663920801852e-02  -1.9169844311752667e-02   0.0000000000000000e+00   0.0000000000000000e+00   3.4118174263038012e+00   8.4857471124055001e-04
   1.1648526435449294e-02  -1.9365115055202650e-02   0.0000000000000000e+00   0.0000000000000000e+00   3.4118173991248706e+00   8.6600628594185190e-04
   1.1767388950096736e-02  -1.9560338519487262e-02   0.0000000000000000e+00   0.0000000000000000e+00   3.4118173716742821e+00   8.8361194527722343e-04
   1.1886251464744178e-02  -1.9755514728486120e-02   0.0000000000000000e+00   0.0000000000000000e+00   3.4118173439520323e+00   9.0139159650598055e-04
