   1.5230769230769216e-23  -1.9799999999999658e-02   0.0000000000000000e+00   0.0000000000000000e+00   2.0943951023932401e+00   6.0113609467455492e-46
   1.5384615384615370e-23  -1.9999999999999653e-02   0.0000000000000000e+00   0.0000000000000000e+00   2.0943951023931873e+00   6.0113609467455492e-46
   1.5553846153846138e-23  -2.0219999999999672e-02   0.0000000000000000e+00   0.0000000000000000e+00   2.0943951023932157e+00   1.8398177999999405e-03
   1.5739999999999984e-23  -2.0461999999999689e-02   0.0000000000000000e+00   0.0000000000000000e+00   2.0943951023932441e+00   1.8841204979999427e-03
   1.5944769230769216e-23  -2.0728199999999669e-02   0.0000000000000000e+00   0.0000000000000000e+00   2.0943951023931464e+00   1.9334622385799383e-03
   1.6170015384615369e-23  -2.1021019999999644e-02   0.0000000000000000e+00   0.0000000000000000e+00   2.0943951023932788e+00   1.9884747682817326e-03
   1.6417786153846139e-23  -2.1343121999999631e-02   0.0000000000000000e+00   0.0000000000000000e+00   2.0943951023931398e+00   2.0498798551809071e-03
   1.6690333999999987e-23  -2.1697434200000004e-02   0.0000000000000000e+00   0.0000000000000000e+00   2.0943951023931087e+00   2.1185039288849844e-03
   1.6990136630769220e-23  -2.2087177619999624e-02   0.0000000000000000e+00   0.0000000000000000e+00   2.0943951023930483e+00   2.1952953684783554e-03
   1.7319919524615378e-23  -2.2515895381999617e-02   0.0000000000000000e+00   0.0000000000000000e+00   2.0943951023931215e+00   2.2813449518391828e-03
   1.7682680707846152e-23  -2.2987484920199985e-02   0.0000000000000000e+00   0.0000000000000000e+00   2.0943951023931313e+00   2.3779100833038976e-03
   1.8081718009400003e-23  -2.3506233412220030e-02   0.0000000000000000e+00   0.0000000000000000e+00   2.0943951023931850e+00   2.4864435415339623e-03
   1.8520659041109241e-23  -2.4076856753441636e-02   0.0000000000000000e+00   0.0000000000000000e+00   2.0943951023931935e+00   2.6086276400658663e-03
   1.9003494175989402e-23  -2.4704542428786211e-02   0.0000000000000000e+00   0.0000000000000000e+00   2.0943951023930905e+00   2.7464148747706417e-03
   1.9534612824357580e-23  -2.5394996671664439e-02   0.0000000000000000e+00   0.0000000000000000e+00   2.0943951023932281e+00   2.9020763517923157e-03
   2.0118843337562574e-23  -2.6154496338831355e-02   0.0000000000000000e+00   0.0000000000000000e+00   2.0943951023930882e+00   3.0782595543207424e-03
   2.0761496902088067e-23  -2.6989945972714497e-02   0.0000000000000000e+00   0.0000000000000000e+00   2.0943951023932024e+00   3.2780573262452136e-03
   2.1468415823066110e-23  -2.7908940569985514e-02   0.0000000000000000e+00   0.0000000000000000e+00   2.0943951023931868e+00   3.5050903368254250e-03
   2.2246026636141955e-23  -2.8919834626984563e-02   0.0000000000000000e+00   0.0000000000000000e+00   2.0943951023930834e+00   3.7636057568346090e-03
   2.3101398530525383e-23  -3.0031818089682544e-02   0.0000000000000000e+00   0.0000000000000000e+00   2.0943951023932001e+00   4.0585954399730267e-03
   2.4042307614347154e-23  -3.1254999898650791e-02   0.0000000000000000e+00   0.0000000000000000e+00   2.0943951023931411e+00   4.3959375839909744e-03
   2.5077307606551101e-23  -3.2600499888516439e-02   0.0000000000000000e+00   0.0000000000000000e+00   2.0943951023930585e+00   4.7825666684152219e-03
   2.6215807597975443e-23  -3.4080549877368083e-02   0.0000000000000000e+00   0.0000000000000000e+00   2.0943951023931633e+00   5.2266774597469817e-03
   2.7468157588542220e-23  -3.5708604865104902e-02   0.0000000000000000e+00   0.0000000000000000e+00   2.0943951023931611e+00   5.7379700763548714e-03
   2.8845742578165676e-23  -3.7499465351614754e-02   0.0000000000000000e+00   0.0000000000000000e+00   2.0943951023932041e+00   6.3279445574563001e-03
   3.0361086066751476e-23  -3.9469411886776301e-02   0.0000000000000000e+00   0.0000000000000000e+00   2.0943951023931544e+00   7.0102551360959929e-03
   3.2027963904195853e-23  -4.1636353075453957e-02   0.0000000000000000e+00   0.0000000000000000e+00   2.0943951023932272e+00   7.8011365384073883e-03
   3.3861529525384665e-23  -4.4019988382999371e-02   0.0000000000000000e+00   0.0000000000000000e+00   2.0943951023932263e+00   8.7199171975772989e-03
   3.5878451708692356e-23  -4.6641987221299294e-02   0.0000000000000000e+00   0.0000000000000000e+00   2.0943951023931944e+00   9.7896373737833102e-03
   3.8097066110330814e-23  -4.9526185943430036e-02   0.0000000000000000e+00   0.0000000000000000e+00   2.0943951023931136e+00   1.1037793923464431e-02
   4.0537541952133119e-23  -5.2698804537772231e-02   0.0000000000000000e+00   0.0000000000000000e+00   2.0943951023932370e+00   1.2497237998696455e-02
   4.3222065378115654e-23  -5.6188684991549449e-02   0.0000000000000000e+00   0.0000000000000000e+00   2.0943951023931615e+00   1.4207257444858085e-02
   4.6175041146696443e-23  -6.0027553490705411e-02   0.0000000000000000e+00   0.0000000000000000e+00   2.0943951023931553e+00   1.6214882301357748e-02
   4.9423314492135307e-23  -6.4250308839774894e-02   0.0000000000000000e+00   0.0000000000000000e+00   2.0943951023932375e+00   1.8576459837029050e-02
   5.2996415172118060e-23  -6.8895339723753377e-02   0.0000000000000000e+00   0.0000000000000000e+00   2.0943951023931375e+00   2.1359555260431255e-02
   5.6926825920099087e-23  -7.4004873696127585e-02   0.0000000000000000e+00   0.0000000000000000e+00   2.0943951023932224e+00   2.4645245988509083e-02
   6.1250277742878217e-23  -7.9625361065740391e-02   0.0000000000000000e+00   0.0000000000000000e+00   2.0943951023931606e+00   2.8530891561822865e-02
   6.6006074747935257e-23  -8.5807897172315808e-02   0.0000000000000000e+00   0.0000000000000000e+00   2.0943951023931624e+00   3.3133478477106251e-02
   7.1237451453498001e-23  -9.2608686889547362e-02   0.0000000000000000e+00   0.0000000000000000e+00   2.0943951023932503e+00   3.8593659993327999e-02
   7.6991965829617022e-23  -1.0008955557850056e-01   0.0000000000000000e+00   0.0000000000000000e+00   2.0943951023932352e+00   4.5080636111557888e-02
   8.3321931643347949e-23  -1.0831851113635058e-01   0.0000000000000000e+00   0.0000000000000000e+00   2.0943951023931593e+00   5.2798049346580667e-02
   9.0284894038451973e-23  -1.1737036224998565e-01   0.0000000000000000e+00   0.0000000000000000e+00   2.0943951023931904e+00   6.1991108706117855e-02
   9.7944152673066398e-23  -1.2732739847498442e-01   0.0000000000000000e+00   0.0000000000000000e+00   2.0943951023931948e+00   7.2955198810833594e-02
   1.0636933717114226e-22  -1.3828013832248273e-01   0.0000000000000000e+00   0.0000000000000000e+00   2.0943951023931948e+00   8.6046284945182308e-02
   1.1563704011902570e-22  -1.5032815215473319e-01   0.0000000000000000e+00   0.0000000000000000e+00   2.0943951023931699e+00   1.0169348998615477e-01
   1.2583151336169748e-22  -1.6358096737020661e-01   0.0000000000000000e+00   0.0000000000000000e+00   2.0943951023932121e+00   1.2041429798597669e-01
   1.3704543392863644e-22  -1.7815906410722746e-01   0.0000000000000000e+00   0.0000000000000000e+00   2.0943951023931926e+00   1.4283293455603432e-01
   1.4938074655226930e-22  -1.9419497051794696e-01   0.0000000000000000e+00   0.0000000000000000e+00   2.0943951023932454e+00   1.6970258958509829e-01
   1.6294959043826544e-22  -2.1183446756974497e-01   0.0000000000000000e+00   0.0000000000000000e+00   2.0943951023931491e+00   2.0193228742750802e-01
