   2.3904362943906504e-03  -1.9771915309462935e-02   0.0000000000000000e+00   0.0000000000000000e+00   5.6788877319329583e+00   1.1104540931509891e-06
   2.4145821155461115e-03  -1.9971345490218270e-02   0.0000000000000000e+00   0.0000000000000000e+00   5.6788877297761076e+00   1.1104540931509891e-06
   2.4411425188171185e-03  -2.0190712088932309e-02   0.0000000000000000e+00   0.0000000000000000e+00   5.6788877273787612e+00   2.5317047899514844e-04
   2.4703589624152263e-03  -2.0432007361756446e-02   0.0000000000000000e+00   0.0000000000000000e+00   5.6788877247115419e+00   2.5925797859539313e-04
   2.5024970503731447e-03  -2.0697422499593908e-02   0.0000000000000000e+00   0.0000000000000000e+00   5.6788877217408587e+00   2.6603751406091477e-04
   2.5378489471268549e-03  -2.0989367460543380e-02   0.0000000000000000e+00   0.0000000000000000e+00   5.6788877184294924e+00   2.7359576764314074e-04
   2.5767360335559363e-03  -2.1310492772765692e-02   0.0000000000000000e+00   0.0000000000000000e+00   5.6788877147336665e+00   2.8203175657474548e-04
   2.6195118286279260e-03  -2.1663713502163846e-02   0.0000000000000000e+00   0.0000000000000000e+00   5.6788877106039370e+00   2.9145883534190353e-04
   2.6665652032071148e-03  -2.2052235598086140e-02   0.0000000000000000e+00   0.0000000000000000e+00   5.6788877059831737e+00   3.0200705921441606e-04
   2.7183239152442228e-03  -2.2479584850940391e-02   0.0000000000000000e+00   0.0000000000000000e+00   5.6788877008062544e+00   3.1382597884021271e-04
   2.7752584984850415e-03  -2.2949638718159616e-02   0.0000000000000000e+00   0.0000000000000000e+00   5.6788876949975675e+00   3.2708794971894828e-04
   2.8378865400499422e-03  -2.3466661299609334e-02   0.0000000000000000e+00   0.0000000000000000e+00   5.6788876884701303e+00   3.4199205723981418e-04
   2.9067773857713330e-03  -2.4035341770439932e-02   0.0000000000000000e+00   0.0000000000000000e+00   5.6788876811235927e+00   3.5876877828923376e-04
   2.9825573160648629e-03  -2.4660836608737760e-02   0.0000000000000000e+00   0.0000000000000000e+00   5.6788876728410438e+00   3.7768552491329409e-04
   3.0659152393877460e-03  -2.5348815987292533e-02   0.0000000000000000e+00   0.0000000000000000e+00   5.6788876634866892e+00   3.9905324501091619e-04
   3.1576089550429173e-03  -2.6105514733633515e-02   0.0000000000000000e+00   0.0000000000000000e+00   5.6788876529029242e+00   4.2323429056687073e-04
   3.2584720422636059e-03  -2.6937788300329085e-02   0.0000000000000000e+00   0.0000000000000000e+00   5.6788876409054696e+00   4.5065180674486334e-04
   3.3694214382063636e-03  -2.7853174228629086e-02   0.0000000000000000e+00   0.0000000000000000e+00   5.6788876271972537e+00   4.8180094674054626e-04
   3.4914657737433971e-03  -2.8859959633149180e-02   0.0000000000000000e+00   0.0000000000000000e+00   5.6788876116583973e+00   5.1726227943742317e-04
   3.6257145428341339e-03  -2.9967255283477497e-02   0.0000000000000000e+00   0.0000000000000000e+00   5.6788875939313206e+00   5.5771783176417067e-04
   3.7733881888339445e-03  -3.1185076910793166e-02   0.0000000000000000e+00   0.0000000000000000e+00   5.6788875736640527e+00   6.0397029781787247e-04
   3.9358291994337361e-03  -3.2524434423743365e-02   0.0000000000000000e+00   0.0000000000000000e+00   5.6788875504419680e+00   6.5696605539465993e-04
   4.1145143110935065e-03  -3.3997429778361413e-02   0.0000000000000000e+00   0.0000000000000000e+00   5.6788875237751633e+00   7.1782276129762239e-04
   4.3110679339192545e-03  -3.5617364311646485e-02   0.0000000000000000e+00   0.0000000000000000e+00   5.6788874930843845e+00   7.8786245413822297e-04
   4.5272769190275773e-03  -3.7398856417842061e-02   0.0000000000000000e+00   0.0000000000000000e+00   5.6788874576832633e+00   8.6865128267814068e-04
   4.7651068026467328e-03  -3.9357970520390619e-02   0.0000000000000000e+00   0.0000000000000000e+00   5.6788874167574770e+00   9.6204720548468401e-04
   5.0267196746278039e-03  -4.1512358371016404e-02   0.0000000000000000e+00   0.0000000000000000e+00   5.6788873693397113e+00   1.0702572814644475e-03
   5.3144938338069818e-03  -4.3881413790228960e-02   0.0000000000000000e+00   0.0000000000000000e+00   5.6788873142797653e+00   1.1959064998501067e-03
   5.6310454089040776e-03  -4.6486442050538063e-02   0.0000000000000000e+00   0.0000000000000000e+00   5.6788872502074668e+00   1.3421204933610411e-03
   5.9792521415108829e-03  -4.9350845194370080e-02   0.0000000000000000e+00   0.0000000000000000e+00   5.6788871754902166e+00   1.5126249525305806e-03
   6.3622795473783685e-03  -5.2500324672401247e-02   0.0000000000000000e+00   0.0000000000000000e+00   5.6788870881793985e+00   1.7118651280250829e-03
   6.7836096938326028e-03  -5.5963102783952404e-02   0.0000000000000000e+00   0.0000000000000000e+00   5.6788869859481981e+00   1.9451494894806652e-03
   7.2470728549322606e-03  -5.9770164497949668e-02   0.0000000000000000e+00   0.0000000000000000e+00   5.6788868660154801e+00   2.2188224256052451e-03
   7.7568823321418840e-03  -6.3955521329093309e-02   0.0000000000000000e+00   0.0000000000000000e+00   5.6788867250546025e+00   2.5404718465880322e-03
   8.3176727570724689e-03  -6.8556499037275578e-02   0.0000000000000000e+00   0.0000000000000000e+00   5.6788865590845417e+00   2.9191787162983337e-03
   8.9345422244961128e-03  -7.3614051006035408e-02   0.0000000000000000e+00   0.0000000000000000e+00   5.6788863633376048e+00   3.3658169335833285e-03
   9.6130986386621219e-03  -7.9173099234662828e-02   0.0000000000000000e+00   0.0000000000000000e+00   5.6788861321010389e+00   3.8934136403852796e-03
   1.0359510694244732e-02  -8.5282904943955379e-02   0.0000000000000000e+00   0.0000000000000000e+00   5.6788858585273605e+00   4.5175820072735117e-03
   1.1180563955385603e-02  -9.1997470842126713e-02   0.0000000000000000e+00   0.0000000000000000e+00   5.6788855344059046e+00   5.2570408897266215e-03
   1.2083722542640563e-02  -9.9375977118375078e-02   0.0000000000000000e+00   0.0000000000000000e+00   5.6788851498878934e+00   6.1342385248293486e-03
   1.3077196988621018e-02  -1.0748325321833452e-01   0.0000000000000000e+00   0.0000000000000000e+00   5.6788846931581194e+00   7.1761007206441758e-03
   1.4170018879199518e-02  -1.1639028739847808e-01   0.0000000000000000e+00   0.0000000000000000e+00   5.6788841500385860e+00   8.4149278617483038e-03
   1.5372122958835869e-02  -1.2617477594219714e-01   0.0000000000000000e+00   0.0000000000000000e+00   5.6788835035148342e+00   9.8894696063597833e-03
   1.6694437446435853e-02  -1.3692171373396417e-01   0.0000000000000000e+00   0.0000000000000000e+00   5.6788827331689449e+00   1.1646211484974824e-02
   1.8148983382795837e-02  -1.4872402761113726e-01   0.0000000000000000e+00   0.0000000000000000e+00   5.6788818144970774e+00   1.3740913838121295e-02
   1.9748983912791819e-02  -1.6168325352264329e-01   0.0000000000000000e+00   0.0000000000000000e+00   5.6788807180956571e+00   1.6240450769120680e-02
   2.1508984495787399e-02  -1.7591025799338567e-01   0.0000000000000000e+00   0.0000000000000000e+00   5.6788794086864112e+00   1.9225005157702521e-02
   2.3444985137082538e-02  -1.9152600368973541e-01   0.0000000000000000e+00   0.0000000000000000e+00   5.6788778439510921e+00   2.2790685400910556e-02
   2.5574585842507189e-02  -2.0866235796532553e-01   0.0000000000000000e+00   0.0000000000000000e+00   5.6788759731398750e+00   2.7052640527613629e-02
   2.7917146618474307e-02  -2.2746294208995604e-01   0.0000000000000000e+00   0.0000000000000000e+00   5.6788737354102210e+00   3.2148762757999105e-02
   3.0493963472038137e-02  -2.4808401737100216e-01   0.0000000000000000e+00   0.0000000000000000e+00   5.6788710578478749e+00   3.8244080495297782e-02
   3.3328462010958348e-02  -2.7069540249592400e-01   0.0000000000000000e+00   0.0000000000000000e+00   5.6788678531086614e+00   4.5535960123322151e-02
   3.6446410403770585e-02  -2.9548141407376283e-01   0.0000000000000000e+00   0.0000000000000000e+00   5.6788640166125530e+00   5.4260251720005828e-02
   3.9876153635864046e-02  -3.2264181943078418e-01   0.0000000000000000e+00   0.0000000000000000e+00   5.6788594232098060e+00   6.4698531615276764e-02
   4.3648871191166852e-02  -3.5239278709748906e-01   0.0000000000000000e+00   0.0000000000000000e+00   5.6788539232218502e+00   7.7186613139563015e-02
   4.7798860501999940e-02  -3.8496781596003388e-01   0.0000000000000000e+00   0.0000000000000000e+00   5.6788473377450206e+00   9.2124515144305294e-02
   5.2363848743916336e-02  -4.2061861855379545e-01   0.0000000000000000e+00   0.0000000000000000e+00   5.6788394530853541e+00   1.0998809472712777e-01
   5.7385335810024370e-02  -4.5961592722143951e-01   0.0000000000000000e+00   0.0000000000000000e+00   5.6788300141688568e+00   1.3134256428572577e-01
   6.2908971582743209e-02  -5.0225018355798134e-01   0.0000000000000000e+00   0.0000000000000000e+00   5.6788187167462914e+00   1.5685812099714885e-01
   6.8984970932733938e-02  -5.4883206136704799e-01   0.0000000000000000e+00   0.0000000000000000e+00   5.6788051981737304e+00   1.8732791545779115e-01
   7.5668570217723746e-02  -5.9969276080767109e-01   0.0000000000000000e+00   0.0000000000000000e+00   5.6787890265123906e+00   2.2368857048929863e-01
   8.3020529431212534e-02  -6.5518399595562715e-01   0.0000000000000000e+00   0.0000000000000000e+00   5.6787696876582192e+00   2.6704342409139287e-01
   9.1107684566050201e-02  -7.1567757891760198e-01   0.0000000000000000e+00   0.0000000000000000e+00   5.6787465700948108e+00   3.1868860276654831e-01
   1.0000355521437164e-01  -7.8156447999932199e-01   0.0000000000000000e+00   0.0000000000000000e+00   5.6787189468741079e+00   3.8014192019706400e-01
   1.0978901292752521e-01  -8.5325321405255061e-01   0.0000000000000000e+00   0.0000000000000000e+00   5.6786859542482260e+00   4.5317442439618683e-01
   1.2055301641199415e-01  -9.3116736647034126e-01   0.0000000000000000e+00   0.0000000000000000e+00   5.6786465662933621e+00   5.3984416112628741e-01
   1.3239342024490997e-01  -1.0157420263600307e+00   0.0000000000000000e+00   0.0000000000000000e+00   5.6785995646821865e+00   6.4253135224722224e-01
