   2.5641025640975865e-22  -3.3333333333268111e-01   0.0000000000000000e+00   0.0000000000000000e+00
   2.5641025640975861e-22  -3.3333333333268106e-01  -1.1102889792108111e-29   1.4433756729740644e-08
   2.5641025640975837e-22  -3.3333333333268078e-01  -3.3308669376324322e-29   4.3301270189221918e-08
   2.5641025640975729e-22  -3.3333333333267939e-01  -7.7720228544756637e-29   1.0103629710818433e-07
   2.5641025640975259e-22  -3.3333333333267329e-01  -1.6654334688162035e-28   2.1650635094610795e-07
   2.5641025640973293e-22  -3.3333333333264775e-01  -3.4418958355534021e-28   4.4744645862194486e-07
   2.5641025640965258e-22  -3.3333333333254328e-01  -6.9948205690271502e-28   9.0932667397353521e-07
   2.5641025640932781e-22  -3.3333333333212106e-01  -1.4100670035969406e-27   1.8330871046760347e-06
   2.5641025640802184e-22  -3.3333333333042331e-01  -2.8312368969811779e-27   3.6806079660755543e-06
   2.5641025640278421e-22  -3.3333333332361442e-01  -5.6735766837158026e-27   7.3756496888305971e-06
   2.5641025638180643e-22  -3.3333333329634329e-01  -1.1358256256913865e-26   1.4765733133988124e-05
   2.5641025629784064e-22  -3.3333333318718772e-01  -2.2727615401138588e-26   2.9545900021480360e-05
   2.5641025596186799e-22  -3.3333333275042326e-01  -4.5466333672209600e-26   5.9106233773872879e-05
   2.5641025461775861e-22  -3.3333333100308105e-01  -9.0943770075294907e-26   1.1822690109788418e-04
   2.5641024924088345e-22  -3.3333332401314331e-01  -1.8189864176889593e-25   2.3646823429956625e-04
   2.5641022773250789e-22  -3.3333329605225509e-01  -3.6380837625507444e-25   4.7295088913160014e-04
   2.5641014169726122e-22  -3.3333318420643443e-01  -7.2762777401738675e-25   9.4591610622260936e-04
   2.5640979755286987e-22  -3.3333273681872566e-01  -1.4552659998543026e-24   1.8918457998106065e-03
   2.5640842096984241e-22  -3.3333094726078999e-01  -2.9105378940000533e-24   3.7836992622000964e-03
   2.5640612666560328e-22  -3.3332796466527909e-01  -4.3657993709280220e-24   5.6755391822064681e-03
   2.5640291464836411e-22  -3.3332378904286813e-01  -5.8210452220560514e-24   7.5673587886729192e-03
   2.5639878492962114e-22  -3.3331842040850224e-01  -7.2762702388579147e-24   9.4591513105153520e-03
   2.5639373752415518e-22  -3.3331185878139652e-01  -8.7314692128819501e-24   1.1350909976746612e-02
   2.5638088972860028e-22  -3.3329515664717513e-01  -1.1641768199274602e-23   1.5134298659057084e-02
   2.5634418291174524e-22  -3.3324743778526361e-01  -1.7461824499492208e-23   2.2700371849340033e-02
   2.5629279629985009e-22  -3.3318063518979990e-01  -2.3280880831613186e-23   3.0265145081097351e-02
   2.5622673283561829e-22  -3.3309475268629857e-01  -2.9098603961805903e-23   3.7828185150347936e-02
   2.5614599630223741e-22  -3.3298979519290334e-01  -3.4914660732585843e-23   4.5389058952361908e-02
   2.5605059132316223e-22  -3.3286576872010565e-01  -4.0728718081894120e-23   5.2947333506462725e-02
   2.5594052336185028e-22  -3.3272268037040015e-01  -4.6540443062170656e-23   6.0502575980822280e-02
   2.5567642454443360e-22  -3.3237935190775841e-01  -5.8155564812273638e-23   7.5602234255956274e-02
   2.5535376034460761e-22  -3.3195988844798469e-01  -6.9757365416719452e-23   9.0684575041735951e-02
   2.5497260467201139e-22  -3.3146438607360962e-01  -8.1343187360681529e-23   1.0574614356888674e-01
   2.5453304483437290e-22  -3.3089295828467963e-01  -9.2910376789414014e-23   1.2078348982623908e-01
   2.5403518151751029e-22  -3.3024573597275825e-01  -1.0445628411614528e-22   1.3579316935098984e-01
   2.5347912876226871e-22  -3.2952286739094422e-01  -1.1597826462899366e-22   1.5077174401769283e-01
   2.5286501393839807e-22  -3.2872451811991238e-01  -1.2747367909676665e-22   1.6571578282579782e-01
   2.5146317403019440e-22  -3.2690212623924758e-01  -1.5037428400163072e-22   1.9548656920212137e-01
   2.4983094614422743e-22  -3.2478022998749057e-01  -1.7313711753169061e-22   2.2507825279119945e-01
   2.4796982571092501e-22  -3.2236077342419739e-01  -1.9574132461261816e-22   2.5446372199640549e-01
   2.4588151786971618e-22  -3.1964597323062588e-01  -2.1816619550200920e-22   2.8361605415261398e-01
   2.4356793590680015e-22  -3.1663831667883496e-01  -2.4039118476343647e-22   3.1250854019246965e-01
   2.4103119950221310e-22  -3.1334055935287175e-01  -2.6239593008996790e-22   3.4111470911696068e-01
   2.3827363278779908e-22  -3.0975572262413353e-01  -2.8416027095990281e-22   3.6940835224787627e-01
   2.3529776221786433e-22  -3.0588709088321830e-01  -3.0566426710763501e-22   3.9736354723992834e-01
   2.3210631425446553e-22  -3.0173820853079980e-01  -3.2688821679272044e-22   4.2495468183053964e-01
   2.2870221286945379e-22  -2.9731287673028450e-01  -3.4781267485040569e-22   4.5215647730553071e-01
   2.2126871701898621e-22  -2.8764933212467658e-01  -3.8868672494440114e-22   5.0529274242772548e-01
   2.1302451039701131e-22  -2.7693186351610910e-01  -4.2813665815960968e-22   5.5657765560749672e-01
   2.0399979911310146e-22  -2.6519973884702619e-01  -4.6601793311565297e-22   6.0582331305035375e-01
   1.9422764898309296e-22  -2.5249594367801503e-01  -5.0219175586976604e-22   6.5284928263070108e-01
   1.8374386437860306e-22  -2.3886702369217810e-01  -5.3652558844663866e-22   6.9748326498063606e-01
   1.7258685704268963e-22  -2.2436291415549048e-01  -5.6889363444688799e-22   7.3956172478096061e-01
   1.6079750535231863e-22  -2.0903675695800808e-01  -5.9917729995493999e-22   7.7893048994142877e-01
   1.4841900454327935e-22  -1.9294470590625687e-01  -6.2726562805759594e-22   8.1544531647488205e-01
   1.3549670844631757e-22  -1.7614572098020642e-01  -6.5305570538122823e-22   8.4897241699560466e-01
   1.2207796331434944e-22  -1.5870135230864768e-01  -6.7645303915810265e-22   8.7938895090554192e-01
   1.0821193434960180e-22  -1.4067551465447556e-01  -6.9737190344027002e-22   9.0658347447236010e-01
   9.3949425566266565e-23  -1.2213425323613955e-01  -7.1573565319254785e-22   9.3045634915032172e-01
   7.9342693648682593e-23  -1.0314550174328020e-01  -7.3147700511375296e-22   9.5092010664788906e-01
   6.4445256487050065e-23  -8.3778833433157687e-02  -7.4453828415730710e-22   9.6789976940451006e-01
   4.9311697092186844e-23  -6.4105206219835301e-02  -7.5487163484796199e-22   9.8133312530236216e-01
   3.3997463607771048e-23  -4.4196702690094514e-02  -7.6243919662041358e-22   9.9117095560654978e-01
   1.8558666152803559e-23  -2.4126265998636539e-02  -7.6721324253736237e-22   9.9737721529858381e-01
   3.0518712386491749e-24  -3.9674326102355504e-03  -7.6917628087878292e-22   9.9992916514243113e-01
  -1.2466105486109928e-23   1.6205937131951540e-02  -7.6832111923017714e-22   9.9881745499924446e-01
  -2.7938407403636773e-23   3.6319929624736749e-02  -7.6465089083500203e-22   9.9404615808551755e-01
  -4.3308345244912765e-23   5.6300848818395831e-02  -7.5817904311471899e-22   9.8563275604915035e-01
  -5.8519604794656004e-23   7.6075486233062387e-02  -7.4892928839852189e-22   9.7360807491809476e-01
  -7.3516453222074689e-23   9.5571389188707015e-02  -7.3693551704327339e-22   9.5801617215627266e-01
  -8.8243943281473312e-23   1.1471712626592559e-01  -7.2224167326196299e-22   9.3891417524056997e-01
  -1.0264811463453889e-22   1.3344254902491121e-01  -7.0490159411564900e-22   9.1637207235036267e-01
  -1.1667619155667796e-22   1.5167904902369239e-01  -6.8497881225879792e-22   8.9047245593645719e-01
  -1.3027677630302378e-22   1.6935980919394236e-01  -6.6254632316075308e-22   8.6131022010899982e-01
  -1.4340003742563752e-22   1.8642004865334066e-01  -6.3768631765620842e-22   8.2899221295309278e-01
  -1.5599789235192252e-22   2.0279726005751161e-01  -6.1048988080460572e-22   7.9363684504601018e-01
  -1.6802418355530123e-22   2.1843143862190439e-01  -5.8105665816180685e-22   7.5537365561037273e-01
  -1.7943484767267719e-22   2.3326530197449366e-01  -5.4949449068679649e-22   7.1434283789286035e-01
  -1.9018807694905184e-22   2.4724450003378121e-01  -5.1591901962108820e-22   6.7069472550744069e-01
  -2.0024447241777364e-22   2.6031781414312011e-01  -4.8045326278852070e-22   6.2458924162510410e-01
  -2.0956718825518143e-22   2.7243734473175080e-01  -4.4322716386785396e-22   5.7619531302823834e-01
  -2.1812206678073677e-22   2.8355868681497332e-01  -4.0437711628958557e-22   5.2569025117649071e-01
  -2.2587776360801643e-22   2.9364109269043742e-01  -3.6404546350140082e-22   4.7325910255185172e-01
  -2.3280586248802184e-22   3.0264762123444511e-01  -3.2237997743323392e-22   4.1909397066323612e-01
  -2.3888097942402826e-22   3.1054527325125414e-01  -2.7953331707281102e-22   3.6339331219468773e-01
  -2.4408085567650614e-22   3.1730511237947606e-01  -2.3566246913540431e-22   3.0636120987606036e-01
  -2.4838643931735102e-22   3.2290237111257514e-01  -1.9092817287714135e-22   2.4820662474032010e-01
  -2.5178195503461525e-22   3.2731654154501938e-01  -1.4549433115930798e-22   1.8914263050713812e-01
  -2.5425496193198086e-22   3.3053145051159549e-01  -9.9527409921453514e-23   1.2938563289792906e-01
  -2.5579639911120301e-22   3.3253531884458509e-01  -5.3195828263587904e-23   6.9154576742705365e-02
  -2.5640061887051144e-22   3.3332080453168689e-01  -6.6693413721509992e-24   8.6701437838391949e-03
  -2.5641025640973829e-22   3.3333333333268195e-01   3.2584703404793810e-35   7.9797279894933126e-16
