8.6491106406735161e-06 -1.9999999999999981e-05 0.0000000000000000e+00 0.0000000000000000e+00 1.6310492144248274e+00 3.4971219951852693e-09
1.7298221281347032e-05 -3.9999999999999996e-05 0.0000000000000000e+00 0.0000000000000000e+00 1.6310491330975081e+00 1.3988489015965117e-08
2.5947331922020550e-05 -6.0000000000000056e-05 0.0000000000000000e+00 0.0000000000000000e+00 1.6310490517339573e+00 3.1474102615175618e-08
3.4596442562694071e-05 -8.0000000000000115e-05 0.0000000000000000e+00 0.0000000000000000e+00 1.6310489703627338e+00 5.5953964345652792e-08
4.3245553203367592e-05 -1.0000000000000013e-04 0.0000000000000000e+00 0.0000000000000000e+00 1.6310488889950052e+00 8.7428075760232599e-08
5.1894663844041114e-05 -1.2000000000000021e-04 0.0000000000000000e+00 0.0000000000000000e+00 1.6310488076331082e+00 1.2589643841175124e-07
6.0543774484714635e-05 -1.4000000000000029e-04 0.0000000000000000e+00 0.0000000000000000e+00 1.6310487262640279e+00 1.7135905385304463e-07
6.9192885125388156e-05 -1.6000000000000039e-04 0.0000000000000000e+00 0.0000000000000000e+00 1.6310486449016035e+00 2.2381592363694893e-07
7.7841995766061677e-05 -1.8000000000000066e-04 0.0000000000000000e+00 0.0000000000000000e+00 1.6310485635318150e+00 2.8326704931630054e-07
8.6491106406735198e-05 -2.0000000000000077e-04 0.0000000000000000e+00 0.0000000000000000e+00 1.6310484821657123e+00 3.4971243244393463e-07
9.5140217047408719e-05 -2.2000000000000101e-04 0.0000000000000000e+00 0.0000000000000000e+00 1.6310484007995056e+00 4.2315207457268811e-07
1.0378932768808224e-04 -2.4000000000000139e-04 0.0000000000000000e+00 0.0000000000000000e+00 1.6310483194349492e+00 5.0358597725539715e-07
1.1243843832875576e-04 -2.6000000000000198e-04 0.0000000000000000e+00 0.0000000000000000e+00 1.6310482380697133e+00 5.9101414204489824e-07
1.2108754896942928e-04 -2.8000000000000247e-04 0.0000000000000000e+00 0.0000000000000000e+00 1.6310481567011208e+00 6.8543657049402617e-07
1.2973665961010279e-04 -3.0000000000000426e-04 0.0000000000000000e+00 0.0000000000000000e+00 1.6310480753374099e+00 7.8685326415562326e-07
1.3838577025077628e-04 -3.2000000000000621e-04 0.0000000000000000e+00 0.0000000000000000e+00 1.6310479939692255e+00 8.9526422458252145e-07
1.4703488089144978e-04 -3.4000000000000783e-04 0.0000000000000000e+00 0.0000000000000000e+00 1.6310479126037860e+00 1.0106694533275540e-06
1.5568399153212327e-04 -3.6000000000000918e-04 0.0000000000000000e+00 0.0000000000000000e+00 1.6310478312391079e+00 1.1330689519435574e-06
1.6433310217279677e-04 -3.8000000000001065e-04 0.0000000000000000e+00 0.0000000000000000e+00 1.6310477498723832e+00 1.2624627219833692e-06
1.7298221281347026e-04 -4.0000000000001200e-04 0.0000000000000000e+00 0.0000000000000000e+00 1.6310476685055373e+00 1.3988507649998241e-06
1.8163132345414376e-04 -4.2000000000001362e-04 0.0000000000000000e+00 0.0000000000000000e+00 1.6310475871396244e+00 1.5422330825457613e-06
1.9028043409481725e-04 -4.4000000000001514e-04 0.0000000000000000e+00 0.0000000000000000e+00 1.6310475057741416e+00 1.6926096761740132e-06
1.9892954473549074e-04 -4.6000000000001633e-04 0.0000000000000000e+00 0.0000000000000000e+00 1.6310474244087552e+00 1.8499805474374158e-06
2.0757865537616424e-04 -4.8000000000001709e-04 0.0000000000000000e+00 0.0000000000000000e+00 1.6310473430429395e+00 2.0143456978888031e-06
2.1622776601683773e-04 -5.0000000000001801e-04 0.0000000000000000e+00 0.0000000000000000e+00 1.6310472616774350e+00 2.1857051290810149e-06
2.2487687665751123e-04 -5.2000000000001936e-04 0.0000000000000000e+00 0.0000000000000000e+00 1.6310471803115842e+00 2.3640588425668907e-06
2.3352598729818472e-04 -5.4000000000002039e-04 0.0000000000000000e+00 0.0000000000000000e+00 1.6310470989461328e+00 2.5494068398992598e-06
2.4217509793885821e-04 -5.6000000000002142e-04 0.0000000000000000e+00 0.0000000000000000e+00 1.6310470175808212e+00 2.7417491226309604e-06
2.5082420857953171e-04 -5.8000000000002201e-04 0.0000000000000000e+00 0.0000000000000000e+00 1.6310469362160580e+00 2.9410856923148259e-06
2.5947331922020520e-04 -6.0000000000002261e-04 0.0000000000000000e+00 0.0000000000000000e+00 1.6310468548512973e+00 3.1474165505036947e-06
2.6812242986087870e-04 -6.2000000000002342e-04 0.0000000000000000e+00 0.0000000000000000e+00 1.6310467734859946e+00 3.3607416987504053e-06
2.7677154050155219e-04 -6.4000000000002434e-04 0.0000000000000000e+00 0.0000000000000000e+00 1.6310466921203857e+00 3.5810611386077933e-06
2.8542065114222568e-04 -6.6000000000002569e-04 0.0000000000000000e+00 0.0000000000000000e+00 1.6310466107547339e+00 3.8083748716286982e-06
2.9406976178289918e-04 -6.8000000000002650e-04 0.0000000000000000e+00 0.0000000000000000e+00 1.6310465293901364e+00 4.0426828993659455e-06
3.0271887242357267e-04 -7.0000000000002721e-04 0.0000000000000000e+00 0.0000000000000000e+00 1.6310464480257696e+00 4.2839852233723746e-06
3.1136798306424617e-04 -7.2000000000002748e-04 0.0000000000000000e+00 0.0000000000000000e+00 1.6310463666601358e+00 4.5322818452008212e-06
3.2001709370491966e-04 -7.4000000000002818e-04 0.0000000000000000e+00 0.0000000000000000e+00 1.6310462852950274e+00 4.7875727664041264e-06
3.2866620434559315e-04 -7.6000000000002888e-04 0.0000000000000000e+00 0.0000000000000000e+00 1.6310462039311713e+00 5.0498579885351268e-06
3.3731531498626665e-04 -7.8000000000003024e-04 0.0000000000000000e+00 0.0000000000000000e+00 1.6310461225661919e+00 5.3191375131466600e-06
3.4596442562694014e-04 -8.0000000000003159e-04 0.0000000000000000e+00 0.0000000000000000e+00 1.6310460412008609e+00 5.5954113417915593e-06
3.5461353626761364e-04 -8.2000000000003273e-04 0.0000000000000000e+00 0.0000000000000000e+00 1.6310459598370519e+00 5.8786794760226562e-06
3.6326264690828713e-04 -8.4000000000003332e-04 0.0000000000000000e+00 0.0000000000000000e+00 1.6310458784722450e+00 6.1689419173927826e-06
3.7191175754896062e-04 -8.6000000000003467e-04 0.0000000000000000e+00 0.0000000000000000e+00 1.6310457971074031e+00 6.4661986674547918e-06
3.8056086818963412e-04 -8.8000000000003548e-04 0.0000000000000000e+00 0.0000000000000000e+00 1.6310457157437002e+00 6.7704497277615022e-06
3.8920997883030761e-04 -9.0000000000003543e-04 0.0000000000000000e+00 0.0000000000000000e+00 1.6310456343786490e+00 7.0816950998657435e-06
3.9785908947098111e-04 -9.2000000000003624e-04 0.0000000000000000e+00 0.0000000000000000e+00 1.6310455530149350e+00 7.3999347853203796e-06
4.0650820011165460e-04 -9.4000000000003629e-04 0.0000000000000000e+00 0.0000000000000000e+00 1.6310454716505431e+00 7.7251687856782183e-06
4.1515731075232810e-04 -9.6000000000003710e-04 0.0000000000000000e+00 0.0000000000000000e+00 1.6310453902860174e+00 8.0573971024921219e-06
4.2380642139300159e-04 -9.8000000000003748e-04 0.0000000000000000e+00 0.0000000000000000e+00 1.6310453089224997e+00 8.3966197373149083e-06
4.3245553203367508e-04 -1.0000000000000367e-03 0.0000000000000000e+00 0.0000000000000000e+00 1.6310452275577618e+00 8.7428366916993991e-06
4.4110464267434858e-04 -1.0200000000000354e-03 0.0000000000000000e+00 0.0000000000000000e+00 1.6310451461945052e+00 9.0960479671984427e-06
4.4975375331502207e-04 -1.0400000000000337e-03 0.0000000000000000e+00 0.0000000000000000e+00 1.6310450648299830e+00 9.4562535653648777e-06
4.5840286395569557e-04 -1.0600000000000318e-03 0.0000000000000000e+00 0.0000000000000000e+00 1.6310449834667304e+00 9.8234534877515355e-06
4.6705197459636906e-04 -1.0800000000000302e-03 0.0000000000000000e+00 0.0000000000000000e+00 1.6310449021023425e+00 1.0197647735911268e-05
4.7570108523704255e-04 -1.1000000000000276e-03 0.0000000000000000e+00 0.0000000000000000e+00 1.6310448207391288e+00 1.0578836311396887e-05
4.8435019587771605e-04 -1.1200000000000246e-03 0.0000000000000000e+00 0.0000000000000000e+00 1.6310447393750607e+00 1.0967019215761237e-05
4.9299930651838949e-04 -1.1400000000000221e-03 0.0000000000000000e+00 0.0000000000000000e+00 1.6310446580119411e+00 1.1362196450557171e-05
5.0164841715906287e-04 -1.1600000000000182e-03 0.0000000000000000e+00 0.0000000000000000e+00 1.6310445766478336e+00 1.1764368017337490e-05
5.1029752779973626e-04 -1.1800000000000139e-03 0.0000000000000000e+00 0.0000000000000000e+00 1.6310444952849121e+00 1.2173533917655048e-05
5.1894663844040964e-04 -1.2000000000000097e-03 0.0000000000000000e+00 0.0000000000000000e+00 1.6310444139209852e+00 1.2589694153062688e-05
5.2759574908108303e-04 -1.2200000000000062e-03 0.0000000000000000e+00 0.0000000000000000e+00 1.6310443325581832e+00 1.3012848725113261e-05
5.3624485972175642e-04 -1.2400000000000017e-03 0.0000000000000000e+00 0.0000000000000000e+00 1.6310442511943384e+00 1.3442997635359568e-05
5.4489397036242980e-04 -1.2599999999999983e-03 0.0000000000000000e+00 0.0000000000000000e+00 1.6310441698316696e+00 1.3880140885354485e-05
5.5354308100310319e-04 -1.2799999999999962e-03 0.0000000000000000e+00 0.0000000000000000e+00 1.6310440884679711e+00 1.4324278476650855e-05
5.6219219164377657e-04 -1.2999999999999930e-03 0.0000000000000000e+00 0.0000000000000000e+00 1.6310440071053030e+00 1.4775410410801467e-05
5.7084130228444996e-04 -1.3199999999999885e-03 0.0000000000000000e+00 0.0000000000000000e+00 1.6310439257419600e+00 1.5233536689359149e-05
5.7949041292512334e-04 -1.3399999999999836e-03 0.0000000000000000e+00 0.0000000000000000e+00 1.6310438443791799e+00 1.5698657313876761e-05
5.8813952356579673e-04 -1.3599999999999801e-03 0.0000000000000000e+00 0.0000000000000000e+00 1.6310437630164232e+00 1.6170772285907170e-05
5.9678863420647012e-04 -1.3799999999999778e-03 0.0000000000000000e+00 0.0000000000000000e+00 1.6310436816532909e+00 1.6649881607003210e-05
6.0543774484714350e-04 -1.3999999999999766e-03 0.0000000000000000e+00 0.0000000000000000e+00 1.6310436002909081e+00 1.7135985278717715e-05
6.1408685548781689e-04 -1.4199999999999753e-03 0.0000000000000000e+00 0.0000000000000000e+00 1.6310435189276786e+00 1.7629083302603500e-05
6.2273596612849027e-04 -1.4399999999999741e-03 0.0000000000000000e+00 0.0000000000000000e+00 1.6310434375654188e+00 1.8129175680213401e-05
6.3138507676916366e-04 -1.4599999999999743e-03 0.0000000000000000e+00 0.0000000000000000e+00 1.6310433562026119e+00 1.8636262413100292e-05
6.4003418740983704e-04 -1.4799999999999744e-03 0.0000000000000000e+00 0.0000000000000000e+00 1.6310432748401169e+00 1.9150343502816961e-05
6.4868329805051043e-04 -1.4999999999999662e-03 0.0000000000000000e+00 0.0000000000000000e+00 1.6310431934779697e+00 1.9671418950916075e-05
6.5733240869118382e-04 -1.5199999999999595e-03 0.0000000000000000e+00 0.0000000000000000e+00 1.6310431121150872e+00 2.0199488758950668e-05
6.6598151933185720e-04 -1.5399999999999518e-03 0.0000000000000000e+00 0.0000000000000000e+00 1.6310430307531731e+00 2.0734552928473537e-05
6.7463062997253059e-04 -1.5599999999999447e-03 0.0000000000000000e+00 0.0000000000000000e+00 1.6310429493907119e+00 2.1276611461037542e-05
6.8327974061320397e-04 -1.5799999999999382e-03 0.0000000000000000e+00 0.0000000000000000e+00 1.6310428680283848e+00 2.1825664358195531e-05
6.9192885125387736e-04 -1.5999999999999303e-03 0.0000000000000000e+00 0.0000000000000000e+00 1.6310427866666046e+00 2.2381711621500281e-05
7.0057796189455074e-04 -1.6199999999999238e-03 0.0000000000000000e+00 0.0000000000000000e+00 1.6310427053041066e+00 2.2944753252504715e-05
7.0922707253522413e-04 -1.6399999999999184e-03 0.0000000000000000e+00 0.0000000000000000e+00 1.6310426239423275e+00 2.3514789252761642e-05
7.1787618317589751e-04 -1.6599999999999128e-03 0.0000000000000000e+00 0.0000000000000000e+00 1.6310425425805339e+00 2.4091819623823876e-05
7.2652529381657090e-04 -1.6799999999999088e-03 0.0000000000000000e+00 0.0000000000000000e+00 1.6310424612182284e+00 2.4675844367244286e-05
7.3517440445724429e-04 -1.6999999999999049e-03 0.0000000000000000e+00 0.0000000000000000e+00 1.6310423798567091e+00 2.5266863484575696e-05
7.4382351509791767e-04 -1.7199999999999026e-03 0.0000000000000000e+00 0.0000000000000000e+00 1.6310422984949045e+00 2.5864876977370960e-05
7.5247262573859106e-04 -1.7399999999998985e-03 0.0000000000000000e+00 0.0000000000000000e+00 1.6310422171329904e+00 2.6469884847182830e-05
7.6112173637926444e-04 -1.7599999999998942e-03 0.0000000000000000e+00 0.0000000000000000e+00 1.6310421357716838e+00 2.7081887095564192e-05
7.6977084701993783e-04 -1.7799999999998895e-03 0.0000000000000000e+00 0.0000000000000000e+00 1.6310420544099939e+00 2.7700883724067864e-05
7.7841995766061121e-04 -1.7999999999998833e-03 0.0000000000000000e+00 0.0000000000000000e+00 1.6310419730483274e+00 2.8326874734246658e-05
7.8706906830128460e-04 -1.8199999999998775e-03 0.0000000000000000e+00 0.0000000000000000e+00 1.6310418916871856e+00 2.8959860127653460e-05
7.9571817894195799e-04 -1.8399999999998726e-03 0.0000000000000000e+00 0.0000000000000000e+00 1.6310418103255755e+00 2.9599839905841124e-05
8.0436728958263137e-04 -1.8599999999998659e-03 0.0000000000000000e+00 0.0000000000000000e+00 1.6310417289641435e+00 3.0246814070362408e-05
8.1301640022330476e-04 -1.8799999999998599e-03 0.0000000000000000e+00 0.0000000000000000e+00 1.6310416476031970e+00 3.0900782622770212e-05
8.2166551086397814e-04 -1.8999999999998525e-03 0.0000000000000000e+00 0.0000000000000000e+00 1.6310415662417901e+00 3.1561745564617325e-05
8.3031462150465153e-04 -1.9199999999998446e-03 0.0000000000000000e+00 0.0000000000000000e+00 1.6310414848805950e+00 3.2229702897456595e-05
8.3896373214532491e-04 -1.9399999999998386e-03 0.0000000000000000e+00 0.0000000000000000e+00 1.6310414035198149e+00 3.2904654622840929e-05
8.4761284278599830e-04 -1.9599999999998338e-03 0.0000000000000000e+00 0.0000000000000000e+00 1.6310413221586846e+00 3.3586600742323156e-05
8.5626195342667169e-04 -1.9799999999998309e-03 0.0000000000000000e+00 0.0000000000000000e+00 1.6310412407975277e+00 3.4275541257456125e-05
8.6491106406734507e-04 -1.9999999999998300e-03 0.0000000000000000e+00 0.0000000000000000e+00 1.6310411594369838e+00 3.4971476169792684e-05
