3.2712408094613084e-06 -2.0000000000000005e-05 0.0000000000000000e+00 0.0000000000000000e+00 1.9273818039780419e+00 2.1847609735784915e-09
6.5424816189226167e-06 -3.9999999999999996e-05 0.0000000000000000e+00 0.0000000000000000e+00 1.9273817876026054e+00 8.7390439736599906e-09
9.8137224283839255e-06 -5.9999999999999995e-05 0.0000000000000000e+00 0.0000000000000000e+00 1.9273817712181094e+00 1.9662849119263550e-08
1.3084963237845235e-05 -7.9999999999999979e-05 0.0000000000000000e+00 0.0000000000000000e+00 1.9273817548208647e+00 3.4956176529408194e-08
1.6356204047306545e-05 -9.9999999999999978e-05 0.0000000000000000e+00 0.0000000000000000e+00 1.9273817384452954e+00 5.4619026323112996e-08
1.9627444856767854e-05 -1.1999999999999996e-04 0.0000000000000000e+00 0.0000000000000000e+00 1.9273817220525351e+00 7.8651398619396967e-08
2.2898685666229164e-05 -1.3999999999999996e-04 0.0000000000000000e+00 0.0000000000000000e+00 1.9273817056707367e+00 1.0705329353727922e-07
2.6169926475690474e-05 -1.5999999999999993e-04 0.0000000000000000e+00 0.0000000000000000e+00 1.9273816892787465e+00 1.3982471119577868e-07
2.9441167285151783e-05 -1.7999999999999993e-04 0.0000000000000000e+00 0.0000000000000000e+00 1.9273816728917232e+00 1.7696565171391455e-07
3.2712408094613096e-05 -1.9999999999999996e-04 0.0000000000000000e+00 0.0000000000000000e+00 1.9273816565049200e+00 2.1847611521070582e-07
3.5983648904074406e-05 -2.1999999999999995e-04 0.0000000000000000e+00 0.0000000000000000e+00 1.9273816401167390e+00 2.6435610180517142e-07
3.9254889713535716e-05 -2.3999999999999995e-04 0.0000000000000000e+00 0.0000000000000000e+00 1.9273816237324601e+00 3.1460561161633055e-07
4.2526130522997025e-05 -2.5999999999999998e-04 0.0000000000000000e+00 0.0000000000000000e+00 1.9273816073436900e+00 3.6922464476320223e-07
4.5797371332458335e-05 -2.7999999999999998e-04 0.0000000000000000e+00 0.0000000000000000e+00 1.9273815909562120e+00 4.2821320136480546e-07
4.9068612141919644e-05 -2.9999999999999997e-04 0.0000000000000000e+00 0.0000000000000000e+00 1.9273815745686860e+00 4.9157128154015925e-07
5.2339852951380954e-05 -3.2000000000000003e-04 0.0000000000000000e+00 0.0000000000000000e+00 1.9273815581828386e+00 5.5929888540828287e-07
5.5611093760842264e-05 -3.4000000000000013e-04 0.0000000000000000e+00 0.0000000000000000e+00 1.9273815417925255e+00 6.3139601308819544e-07
5.8882334570303573e-05 -3.6000000000000019e-04 0.0000000000000000e+00 0.0000000000000000e+00 1.9273815254057594e+00 7.0786266469891559e-07
6.2153575379764883e-05 -3.8000000000000018e-04 0.0000000000000000e+00 0.0000000000000000e+00 1.9273815090191959e+00 7.8869884035946224e-07
6.5424816189226193e-05 -4.0000000000000018e-04 0.0000000000000000e+00 0.0000000000000000e+00 1.9273814926321073e+00 8.7390454018885485e-07
6.8696056998687502e-05 -4.2000000000000018e-04 0.0000000000000000e+00 0.0000000000000000e+00 1.9273814762451031e+00 9.6347976430611224e-07
7.1967297808148812e-05 -4.4000000000000018e-04 0.0000000000000000e+00 0.0000000000000000e+00 1.9273814598575756e+00 1.0574245128302534e-06
7.5238538617610122e-05 -4.6000000000000018e-04 0.0000000000000000e+00 0.0000000000000000e+00 1.9273814434700465e+00 1.1557387858802980e-06
7.8509779427071431e-05 -4.8000000000000012e-04 0.0000000000000000e+00 0.0000000000000000e+00 1.9273814270825511e+00 1.2584225835752637e-06
8.1781020236532741e-05 -5.0000000000000001e-04 0.0000000000000000e+00 0.0000000000000000e+00 1.9273814106949789e+00 1.3654759060341709e-06
8.5052261045994050e-05 -5.1999999999999985e-04 0.0000000000000000e+00 0.0000000000000000e+00 1.9273813943074569e+00 1.4768987533760373e-06
8.8323501855455360e-05 -5.3999999999999979e-04 0.0000000000000000e+00 0.0000000000000000e+00 1.9273813779194167e+00 1.5926911257198837e-06
9.1594742664916670e-05 -5.5999999999999973e-04 0.0000000000000000e+00 0.0000000000000000e+00 1.9273813615311310e+00 1.7128530231847282e-06
9.4865983474377979e-05 -5.7999999999999968e-04 0.0000000000000000e+00 0.0000000000000000e+00 1.9273813451435555e+00 1.8373844458895900e-06
9.8137224283839289e-05 -5.9999999999999951e-04 0.0000000000000000e+00 0.0000000000000000e+00 1.9273813287570036e+00 1.9662853939534872e-06
1.0140846509330060e-04 -6.1999999999999935e-04 0.0000000000000000e+00 0.0000000000000000e+00 1.9273813123702481e+00 2.0995558674954392e-06
1.0467970590276191e-04 -6.3999999999999929e-04 0.0000000000000000e+00 0.0000000000000000e+00 1.9273812959821865e+00 2.2371958666344670e-06
1.0795094671222322e-04 -6.5999999999999935e-04 0.0000000000000000e+00 0.0000000000000000e+00 1.9273812795941674e+00 2.3792053914895886e-06
1.1122218752168453e-04 -6.7999999999999940e-04 0.0000000000000000e+00 0.0000000000000000e+00 1.9273812632073772e+00 2.5255844421798227e-06
1.1449342833114584e-04 -6.9999999999999956e-04 0.0000000000000000e+00 0.0000000000000000e+00 1.9273812468206577e+00 2.6763330188241896e-06
1.1776466914060715e-04 -7.1999999999999961e-04 0.0000000000000000e+00 0.0000000000000000e+00 1.9273812304328475e+00 2.8314511215417055e-06
1.2103590995006846e-04 -7.3999999999999956e-04 0.0000000000000000e+00 0.0000000000000000e+00 1.9273812140448070e+00 2.9909387504513908e-06
1.2430715075952977e-04 -7.5999999999999939e-04 0.0000000000000000e+00 0.0000000000000000e+00 1.9273811976585122e+00 3.1547959056722639e-06
1.2757839156899109e-04 -7.7999999999999934e-04 0.0000000000000000e+00 0.0000000000000000e+00 1.9273811812705248e+00 3.3230225873233452e-06
1.3084963237845241e-04 -7.9999999999999917e-04 0.0000000000000000e+00 0.0000000000000000e+00 1.9273811648827406e+00 3.4956187955236524e-06
1.3412087318791374e-04 -8.1999999999999901e-04 0.0000000000000000e+00 0.0000000000000000e+00 1.9273811484964718e+00 3.6725845303922048e-06
1.3739211399737506e-04 -8.3999999999999895e-04 0.0000000000000000e+00 0.0000000000000000e+00 1.9273811321083354e+00 3.8539197920480237e-06
1.4066335480683638e-04 -8.5999999999999889e-04 0.0000000000000000e+00 0.0000000000000000e+00 1.9273811157212446e+00 4.0396245806101264e-06
1.4393459561629771e-04 -8.7999999999999873e-04 0.0000000000000000e+00 0.0000000000000000e+00 1.9273810993342149e+00 4.2296988961975312e-06
1.4720583642575903e-04 -8.9999999999999857e-04 0.0000000000000000e+00 0.0000000000000000e+00 1.9273810829463860e+00 4.4241427389292573e-06
1.5047707723522035e-04 -9.1999999999999851e-04 0.0000000000000000e+00 0.0000000000000000e+00 1.9273810665601074e+00 4.6229561089243265e-06
1.5374831804468167e-04 -9.3999999999999867e-04 0.0000000000000000e+00 0.0000000000000000e+00 1.9273810501718931e+00 4.8261390063017552e-06
1.5701955885414300e-04 -9.5999999999999872e-04 0.0000000000000000e+00 0.0000000000000000e+00 1.9273810337855704e+00 5.0336914311805651e-06
1.6029079966360432e-04 -9.7999999999999867e-04 0.0000000000000000e+00 0.0000000000000000e+00 1.9273810173975028e+00 5.2456133836797704e-06
1.6356204047306564e-04 -9.9999999999999850e-04 0.0000000000000000e+00 0.0000000000000000e+00 1.9273810010110517e+00 5.4619048639183918e-06
1.6683328128252697e-04 -1.0199999999999983e-03 0.0000000000000000e+00 0.0000000000000000e+00 1.9273809846233758e+00 5.6825658720154502e-06
1.7010452209198829e-04 -1.0399999999999982e-03 0.0000000000000000e+00 0.0000000000000000e+00 1.9273809682366894e+00 5.9075964080899630e-06
1.7337576290144961e-04 -1.0599999999999980e-03 0.0000000000000000e+00 0.0000000000000000e+00 1.9273809518491225e+00 6.1369964722609503e-06
1.7664700371091094e-04 -1.0799999999999981e-03 0.0000000000000000e+00 0.0000000000000000e+00 1.9273809354620606e+00 6.3707660646474336e-06
1.7991824452037226e-04 -1.0999999999999981e-03 0.0000000000000000e+00 0.0000000000000000e+00 1.9273809190746838e+00 6.6089051853684289e-06
1.8318948532983358e-04 -1.1199999999999982e-03 0.0000000000000000e+00 0.0000000000000000e+00 1.9273809026879878e+00 6.8514138345429576e-06
1.8646072613929491e-04 -1.1399999999999984e-03 0.0000000000000000e+00 0.0000000000000000e+00 1.9273808863005049e+00 7.0982920122900373e-06
1.8973196694875623e-04 -1.1599999999999989e-03 0.0000000000000000e+00 0.0000000000000000e+00 1.9273808699136550e+00 7.3495397187286906e-06
1.9300320775821755e-04 -1.1799999999999994e-03 0.0000000000000000e+00 0.0000000000000000e+00 1.9273808535260721e+00 7.6051569539779305e-06
1.9627444856767888e-04 -1.2000000000000014e-03 0.0000000000000000e+00 0.0000000000000000e+00 1.9273808371396499e+00 7.8651437181567992e-06
1.9954568937714020e-04 -1.2200000000000034e-03 0.0000000000000000e+00 0.0000000000000000e+00 1.9273808207518668e+00 8.1295000113842963e-06
2.0281693018660152e-04 -1.2400000000000056e-03 0.0000000000000000e+00 0.0000000000000000e+00 1.9273808043654106e+00 8.3982258337794434e-06
2.0608817099606285e-04 -1.2600000000000076e-03 0.0000000000000000e+00 0.0000000000000000e+00 1.9273807879776945e+00 8.6713211854612522e-06
2.0935941180552417e-04 -1.2800000000000094e-03 0.0000000000000000e+00 0.0000000000000000e+00 1.9273807715912361e+00 8.9487860665487425e-06
2.1263065261498549e-04 -1.3000000000000112e-03 0.0000000000000000e+00 0.0000000000000000e+00 1.9273807552036926e+00 9.2306204771609378e-06
2.1590189342444682e-04 -1.3200000000000132e-03 0.0000000000000000e+00 0.0000000000000000e+00 1.9273807388168096e+00 9.5168244174168563e-06
2.1917313423390814e-04 -1.3400000000000150e-03 0.0000000000000000e+00 0.0000000000000000e+00 1.9273807224301445e+00 9.8073978874355147e-06
2.2244437504336946e-04 -1.3600000000000168e-03 0.0000000000000000e+00 0.0000000000000000e+00 1.9273807060426453e+00 1.0102340887335935e-05
2.2571561585283078e-04 -1.3800000000000188e-03 0.0000000000000000e+00 0.0000000000000000e+00 1.9273806896561507e+00 1.0401653417237136e-05
2.2898685666229211e-04 -1.4000000000000208e-03 0.0000000000000000e+00 0.0000000000000000e+00 1.9273806732687362e+00 1.0705335477258139e-05
2.3225809747175343e-04 -1.4200000000000226e-03 0.0000000000000000e+00 0.0000000000000000e+00 1.9273806568820144e+00 1.1013387067517956e-05
2.3552933828121475e-04 -1.4400000000000242e-03 0.0000000000000000e+00 0.0000000000000000e+00 1.9273806404951050e+00 1.1325808188135604e-05
2.3880057909067608e-04 -1.4600000000000257e-03 0.0000000000000000e+00 0.0000000000000000e+00 1.9273806241077753e+00 1.1642598839230111e-05
2.4207181990013740e-04 -1.4800000000000275e-03 0.0000000000000000e+00 0.0000000000000000e+00 1.9273806077214359e+00 1.1963759020920496e-05
2.4534306070959872e-04 -1.5000000000000293e-03 0.0000000000000000e+00 0.0000000000000000e+00 1.9273805913340485e+00 1.2289288733325774e-05
2.4861430151906002e-04 -1.5200000000000309e-03 0.0000000000000000e+00 0.0000000000000000e+00 1.9273805749473900e+00 1.2619187976564961e-05
2.5188554232852132e-04 -1.5400000000000324e-03 0.0000000000000000e+00 0.0000000000000000e+00 1.9273805585607282e+00 1.2953456750757082e-05
2.5515678313798261e-04 -1.5600000000000340e-03 0.0000000000000000e+00 0.0000000000000000e+00 1.9273805421732699e+00 1.3292095056021154e-05
2.5842802394744391e-04 -1.5800000000000354e-03 0.0000000000000000e+00 0.0000000000000000e+00 1.9273805257868373e+00 1.3635102892476190e-05
2.6169926475690520e-04 -1.6000000000000369e-03 0.0000000000000000e+00 0.0000000000000000e+00 1.9273805093998742e+00 1.3982480260241223e-05
2.6497050556636650e-04 -1.6200000000000387e-03 0.0000000000000000e+00 0.0000000000000000e+00 1.9273804930126812e+00 1.4334227159435266e-05
2.6824174637582780e-04 -1.6400000000000403e-03 0.0000000000000000e+00 0.0000000000000000e+00 1.9273804766263176e+00 1.4690343590177329e-05
2.7151298718528909e-04 -1.6600000000000417e-03 0.0000000000000000e+00 0.0000000000000000e+00 1.9273804602393023e+00 1.5050829552586440e-05
2.7478422799475039e-04 -1.6800000000000428e-03 0.0000000000000000e+00 0.0000000000000000e+00 1.9273804438523428e+00 1.5415685046781610e-05
2.7805546880421168e-04 -1.7000000000000439e-03 0.0000000000000000e+00 0.0000000000000000e+00 1.9273804274659361e+00 1.5784910072881865e-05
2.8132670961367298e-04 -1.7200000000000451e-03 0.0000000000000000e+00 0.0000000000000000e+00 1.9273804110787838e+00 1.6158504631006222e-05
2.8459795042313428e-04 -1.7400000000000460e-03 0.0000000000000000e+00 0.0000000000000000e+00 1.9273803946919505e+00 1.6536468721273697e-05
2.8786919123259557e-04 -1.7600000000000469e-03 0.0000000000000000e+00 0.0000000000000000e+00 1.9273803783055781e+00 1.6918802343803314e-05
2.9114043204205687e-04 -1.7800000000000478e-03 0.0000000000000000e+00 0.0000000000000000e+00 1.9273803619183498e+00 1.7305505498714093e-05
2.9441167285151817e-04 -1.8000000000000485e-03 0.0000000000000000e+00 0.0000000000000000e+00 1.9273803455316292e+00 1.7696578186125047e-05
2.9768291366097946e-04 -1.8200000000000492e-03 0.0000000000000000e+00 0.0000000000000000e+00 1.9273803291453024e+00 1.8092020406155195e-05
3.0095415447044076e-04 -1.8400000000000497e-03 0.0000000000000000e+00 0.0000000000000000e+00 1.9273803127582443e+00 1.8491832158923563e-05
3.0422539527990205e-04 -1.8600000000000502e-03 0.0000000000000000e+00 0.0000000000000000e+00 1.9273802963715219e+00 1.8896013444549165e-05
3.0749663608936335e-04 -1.8800000000000511e-03 0.0000000000000000e+00 0.0000000000000000e+00 1.9273802799851878e+00 1.9304564263151025e-05
3.1076787689882465e-04 -1.9000000000000523e-03 0.0000000000000000e+00 0.0000000000000000e+00 1.9273802635983177e+00 1.9717484614848170e-05
3.1403911770828594e-04 -1.9200000000000536e-03 0.0000000000000000e+00 0.0000000000000000e+00 1.9273802472113748e+00 2.0134774499759615e-05
3.1731035851774724e-04 -1.9400000000000547e-03 0.0000000000000000e+00 0.0000000000000000e+00 1.9273802308251318e+00 2.0556433918004370e-05
3.2058159932720853e-04 -1.9600000000000554e-03 0.0000000000000000e+00 0.0000000000000000e+00 1.9273802144383096e+00 2.0982462869701440e-05
3.2385284013666983e-04 -1.9800000000000559e-03 0.0000000000000000e+00 0.0000000000000000e+00 1.9273801980514176e+00 2.1412861354969861e-05
3.2712408094613113e-04 -2.0000000000000564e-03 0.0000000000000000e+00 0.0000000000000000e+00 1.9273801816649918e+00 2.1847629373928651e-05
