8.6491106406735161e-06 -1.9999999999999995e-05 0.0000000000000000e+00 0.0000000000000000e+00 1.6310487533454974e+00 3.4971234617526370e-09
1.7298221281347032e-05 -4.0000000000000044e-05 0.0000000000000000e+00 0.0000000000000000e+00 1.6310482109416016e+00 1.3988500748504056e-08
2.5947331922020550e-05 -6.0000000000000090e-05 0.0000000000000000e+00 0.0000000000000000e+00 1.6310476685042286e+00 3.1474142212494461e-08
3.4596442562694071e-05 -8.0000000000000210e-05 0.0000000000000000e+00 0.0000000000000000e+00 1.6310471260619339e+00 5.5954058205964165e-08
4.3245553203367592e-05 -1.0000000000000037e-04 0.0000000000000000e+00 0.0000000000000000e+00 1.6310465836258894e+00 8.7428259081153400e-08
5.1894663844041114e-05 -1.2000000000000052e-04 0.0000000000000000e+00 0.0000000000000000e+00 1.6310460411984289e+00 1.2589675519030230e-07
6.0543774484714635e-05 -1.4000000000000061e-04 0.0000000000000000e+00 0.0000000000000000e+00 1.6310454987665388e+00 1.7135955688565103e-07
6.9192885125388156e-05 -1.6000000000000069e-04 0.0000000000000000e+00 0.0000000000000000e+00 1.6310449563440599e+00 2.2381667451943979e-07
7.7841995766061677e-05 -1.8000000000000077e-04 0.0000000000000000e+00 0.0000000000000000e+00 1.6310444139169669e+00 2.8326811844390876e-07
8.6491106406735198e-05 -2.0000000000000088e-04 0.0000000000000000e+00 0.0000000000000000e+00 1.6310438714963116e+00 3.4971389901129834e-07
9.5140217047408719e-05 -2.2000000000000093e-04 0.0000000000000000e+00 0.0000000000000000e+00 1.6310433290783075e+00 4.2315402657384854e-07
1.0378932768808224e-04 -2.4000000000000087e-04 0.0000000000000000e+00 0.0000000000000000e+00 1.6310427866647075e+00 5.0358851148379914e-07
1.1243843832875576e-04 -2.6000000000000095e-04 0.0000000000000000e+00 0.0000000000000000e+00 1.6310422442531760e+00 5.9101736409339134e-07
1.2108754896942928e-04 -2.8000000000000106e-04 0.0000000000000000e+00 0.0000000000000000e+00 1.6310417018410439e+00 6.8544059475486508e-07
1.2973665961010279e-04 -3.0000000000000106e-04 0.0000000000000000e+00 0.0000000000000000e+00 1.6310411594365462e+00 7.8685821382045980e-07
1.3838577025077628e-04 -3.2000000000000100e-04 0.0000000000000000e+00 0.0000000000000000e+00 1.6310406170303278e+00 8.9527023164241608e-07
1.4703488089144978e-04 -3.4000000000000127e-04 0.0000000000000000e+00 0.0000000000000000e+00 1.6310400746296030e+00 1.0106766585729760e-06
1.5568399153212327e-04 -3.6000000000000127e-04 0.0000000000000000e+00 0.0000000000000000e+00 1.6310395322323965e+00 1.1330775049643764e-06
1.6433310217279677e-04 -3.8000000000000100e-04 0.0000000000000000e+00 0.0000000000000000e+00 1.6310389898358963e+00 1.2624727811688577e-06
1.7298221281347026e-04 -4.0000000000000067e-04 0.0000000000000000e+00 0.0000000000000000e+00 1.6310384474420234e+00 1.3988624975386614e-06
1.8163132345414376e-04 -4.2000000000000007e-04 0.0000000000000000e+00 0.0000000000000000e+00 1.6310379050518362e+00 1.5422466644260257e-06
1.9028043409481725e-04 -4.3999999999999904e-04 0.0000000000000000e+00 0.0000000000000000e+00 1.6310373626648313e+00 1.6926252921831895e-06
1.9892954473549074e-04 -4.5999999999999817e-04 0.0000000000000000e+00 0.0000000000000000e+00 1.6310368202806751e+00 1.8499983911623972e-06
2.0757865537616424e-04 -4.7999999999999763e-04 0.0000000000000000e+00 0.0000000000000000e+00 1.6310362778988425e+00 2.0143659717158903e-06
2.1622776601683773e-04 -4.9999999999999719e-04 0.0000000000000000e+00 0.0000000000000000e+00 1.6310357355200733e+00 2.1857280441959066e-06
2.2487687665751123e-04 -5.1999999999999670e-04 0.0000000000000000e+00 0.0000000000000000e+00 1.6310351931437097e+00 2.3640846189546873e-06
2.3352598729818472e-04 -5.3999999999999578e-04 0.0000000000000000e+00 0.0000000000000000e+00 1.6310346507704974e+00 2.5494357063444674e-06
2.4217509793885821e-04 -5.5999999999999496e-04 0.0000000000000000e+00 0.0000000000000000e+00 1.6310341084001767e+00 2.7417813167174930e-06
2.5082420857953171e-04 -5.7999999999999415e-04 0.0000000000000000e+00 0.0000000000000000e+00 1.6310335660331570e+00 2.9411214604260008e-06
2.5947331922020520e-04 -5.9999999999999333e-04 0.0000000000000000e+00 0.0000000000000000e+00 1.6310330236688884e+00 3.1474561478222350e-06
2.6812242986087870e-04 -6.1999999999999209e-04 0.0000000000000000e+00 0.0000000000000000e+00 1.6310324813068284e+00 3.3607853892584275e-06
2.7677154050155219e-04 -6.3999999999999019e-04 0.0000000000000000e+00 0.0000000000000000e+00 1.6310319389472150e+00 3.5811091950868191e-06
2.8542065114222568e-04 -6.5999999999998850e-04 0.0000000000000000e+00 0.0000000000000000e+00 1.6310313965903127e+00 3.8084275756596566e-06
2.9406976178289918e-04 -6.7999999999998671e-04 0.0000000000000000e+00 0.0000000000000000e+00 1.6310308542372165e+00 4.0427405413291772e-06
3.0271887242357267e-04 -6.9999999999998557e-04 0.0000000000000000e+00 0.0000000000000000e+00 1.6310303118870972e+00 4.2840481024476300e-06
3.1136798306424617e-04 -7.1999999999998476e-04 0.0000000000000000e+00 0.0000000000000000e+00 1.6310297695384635e+00 4.5323502693672522e-06
3.2001709370491966e-04 -7.3999999999998427e-04 0.0000000000000000e+00 0.0000000000000000e+00 1.6310292271931102e+00 4.7876470524402832e-06
3.2866620434559315e-04 -7.5999999999998345e-04 0.0000000000000000e+00 0.0000000000000000e+00 1.6310286848517583e+00 5.0499384620189554e-06
3.3731531498626665e-04 -7.7999999999998351e-04 0.0000000000000000e+00 0.0000000000000000e+00 1.6310281425120301e+00 5.3192245084555261e-06
3.4596442562694014e-04 -7.9999999999998269e-04 0.0000000000000000e+00 0.0000000000000000e+00 1.6310276001747075e+00 5.5955052021022115e-06
3.5461353626761364e-04 -8.1999999999998198e-04 0.0000000000000000e+00 0.0000000000000000e+00 1.6310270578416564e+00 5.8787805533112647e-06
3.6326264690828713e-04 -8.3999999999998139e-04 0.0000000000000000e+00 0.0000000000000000e+00 1.6310265155103525e+00 6.1690505724349275e-06
3.7191175754896062e-04 -8.5999999999998014e-04 0.0000000000000000e+00 0.0000000000000000e+00 1.6310259731817722e+00 6.4663152698254273e-06
3.8056086818963412e-04 -8.7999999999997867e-04 0.0000000000000000e+00 0.0000000000000000e+00 1.6310254308570755e+00 6.7705746558350120e-06
3.8920997883030761e-04 -8.9999999999997797e-04 0.0000000000000000e+00 0.0000000000000000e+00 1.6310248885337824e+00 7.0818287408159343e-06
3.9785908947098111e-04 -9.1999999999997813e-04 0.0000000000000000e+00 0.0000000000000000e+00 1.6310243462145817e+00 7.4000775351204354e-06
4.0650820011165460e-04 -9.3999999999997742e-04 0.0000000000000000e+00 0.0000000000000000e+00 1.6310238038974461e+00 7.7253210491007342e-06
4.1515731075232810e-04 -9.5999999999997639e-04 0.0000000000000000e+00 0.0000000000000000e+00 1.6310232615829343e+00 8.0575592931090735e-06
4.2380642139300159e-04 -9.7999999999997633e-04 0.0000000000000000e+00 0.0000000000000000e+00 1.6310227192721740e+00 8.3967922774977162e-06
4.3245553203367508e-04 -9.9999999999997660e-04 0.0000000000000000e+00 0.0000000000000000e+00 1.6310221769629483e+00 8.7430200126188958e-06
4.4110464267434858e-04 -1.0199999999999767e-03 0.0000000000000000e+00 0.0000000000000000e+00 1.6310216346579527e+00 9.0962425088248389e-06
4.4975375331502207e-04 -1.0399999999999761e-03 0.0000000000000000e+00 0.0000000000000000e+00 1.6310210923544408e+00 9.4564597764677822e-06
4.5840286395569557e-04 -1.0599999999999748e-03 0.0000000000000000e+00 0.0000000000000000e+00 1.6310205500549517e+00 9.8236718258999609e-06
4.6705197459636906e-04 -1.0799999999999738e-03 0.0000000000000000e+00 0.0000000000000000e+00 1.6310200077570733e+00 1.0197878667473637e-05
4.7570108523704255e-04 -1.0999999999999725e-03 0.0000000000000000e+00 0.0000000000000000e+00 1.6310194654631240e+00 1.0579080311541034e-05
4.8435019587771605e-04 -1.1199999999999708e-03 0.0000000000000000e+00 0.0000000000000000e+00 1.6310189231710626e+00 1.0967276768454397e-05
4.9299930651838949e-04 -1.1399999999999698e-03 0.0000000000000000e+00 0.0000000000000000e+00 1.6310183808827072e+00 1.1362468048565978e-05
5.0164841715906287e-04 -1.1599999999999686e-03 0.0000000000000000e+00 0.0000000000000000e+00 1.6310178385961076e+00 1.1764654162228006e-05
5.1029752779973626e-04 -1.1799999999999662e-03 0.0000000000000000e+00 0.0000000000000000e+00 1.6310172963134493e+00 1.2173835119792703e-05
5.1894663844040964e-04 -1.1999999999999632e-03 0.0000000000000000e+00 0.0000000000000000e+00 1.6310167540325293e+00 1.2590010931612318e-05
5.2759574908108303e-04 -1.2199999999999607e-03 0.0000000000000000e+00 0.0000000000000000e+00 1.6310162117554874e+00 1.3013181608039112e-05
5.3624485972175642e-04 -1.2399999999999571e-03 0.0000000000000000e+00 0.0000000000000000e+00 1.6310156694801510e+00 1.3443347159425295e-05
5.4489397036242980e-04 -1.2599999999999536e-03 0.0000000000000000e+00 0.0000000000000000e+00 1.6310151272087408e+00 1.3880507596123129e-05
5.5354308100310319e-04 -1.2799999999999507e-03 0.0000000000000000e+00 0.0000000000000000e+00 1.6310145849390512e+00 1.4324662928484863e-05
5.6219219164377657e-04 -1.2999999999999468e-03 0.0000000000000000e+00 0.0000000000000000e+00 1.6310140426731368e+00 1.4775813166862710e-05
5.7084130228444996e-04 -1.3199999999999421e-03 0.0000000000000000e+00 0.0000000000000000e+00 1.6310135004093034e+00 1.5233958321608908e-05
5.7949041292512334e-04 -1.3399999999999378e-03 0.0000000000000000e+00 0.0000000000000000e+00 1.6310129581487738e+00 1.5699098403075727e-05
5.8813952356579673e-04 -1.3599999999999340e-03 0.0000000000000000e+00 0.0000000000000000e+00 1.6310124158910262e+00 1.6171233421615405e-05
5.9678863420647012e-04 -1.3799999999999303e-03 0.0000000000000000e+00 0.0000000000000000e+00 1.6310118736356423e+00 1.6650363387580177e-05
6.0543774484714350e-04 -1.3999999999999271e-03 0.0000000000000000e+00 0.0000000000000000e+00 1.6310113313837633e+00 1.7136488311322292e-05
6.1408685548781689e-04 -1.4199999999999224e-03 0.0000000000000000e+00 0.0000000000000000e+00 1.6310107891337851e+00 1.7629608203193941e-05
6.2273596612849027e-04 -1.4399999999999186e-03 0.0000000000000000e+00 0.0000000000000000e+00 1.6310102468875229e+00 1.8129723073547417e-05
6.3138507676916366e-04 -1.4599999999999149e-03 0.0000000000000000e+00 0.0000000000000000e+00 1.6310097046434684e+00 1.8636832932734953e-05
6.4003418740983704e-04 -1.4799999999999113e-03 0.0000000000000000e+00 0.0000000000000000e+00 1.6310091624024654e+00 1.9150937791108784e-05
6.4868329805051043e-04 -1.4999999999999053e-03 0.0000000000000000e+00 0.0000000000000000e+00 1.6310086201645655e+00 1.9672037659021088e-05
6.5733240869118382e-04 -1.5199999999998980e-03 0.0000000000000000e+00 0.0000000000000000e+00 1.6310080779286784e+00 2.0200132546824133e-05
6.6598151933185720e-04 -1.5399999999998900e-03 0.0000000000000000e+00 0.0000000000000000e+00 1.6310075356965044e+00 2.0735222464870172e-05
6.7463062997253059e-04 -1.5599999999998818e-03 0.0000000000000000e+00 0.0000000000000000e+00 1.6310069934665388e+00 2.1277307423511459e-05
6.8327974061320397e-04 -1.5799999999998740e-03 0.0000000000000000e+00 0.0000000000000000e+00 1.6310064512394455e+00 2.1826387433100241e-05
6.9192885125387736e-04 -1.5999999999998650e-03 0.0000000000000000e+00 0.0000000000000000e+00 1.6310059090156541e+00 2.2382462503988731e-05
7.0057796189455074e-04 -1.6199999999998555e-03 0.0000000000000000e+00 0.0000000000000000e+00 1.6310053667938931e+00 2.2945532646529169e-05
7.0922707253522413e-04 -1.6399999999998467e-03 0.0000000000000000e+00 0.0000000000000000e+00 1.6310048245755944e+00 2.3515597871073837e-05
7.1787618317589751e-04 -1.6599999999998393e-03 0.0000000000000000e+00 0.0000000000000000e+00 1.6310042823600364e+00 2.4092658187975001e-05
7.2652529381657090e-04 -1.6799999999998335e-03 0.0000000000000000e+00 0.0000000000000000e+00 1.6310037401467088e+00 2.4676713607584888e-05
7.3517440445724429e-04 -1.6999999999998295e-03 0.0000000000000000e+00 0.0000000000000000e+00 1.6310031979369144e+00 2.5267764140255754e-05
7.4382351509791767e-04 -1.7199999999998269e-03 0.0000000000000000e+00 0.0000000000000000e+00 1.6310026557295907e+00 2.5865809796339835e-05
7.5247262573859106e-04 -1.7399999999998259e-03 0.0000000000000000e+00 0.0000000000000000e+00 1.6310021135248953e+00 2.6470850586189376e-05
7.6112173637926444e-04 -1.7599999999998264e-03 0.0000000000000000e+00 0.0000000000000000e+00 1.6310015713235593e+00 2.7082886520156610e-05
7.6977084701993783e-04 -1.7799999999998258e-03 0.0000000000000000e+00 0.0000000000000000e+00 1.6310010291245929e+00 2.7701917608593714e-05
7.7841995766061121e-04 -1.7999999999998256e-03 0.0000000000000000e+00 0.0000000000000000e+00 1.6310004869283869e+00 2.8327943861852969e-05
7.8706906830128460e-04 -1.8199999999998248e-03 0.0000000000000000e+00 0.0000000000000000e+00 1.6309999447354595e+00 2.8960965290286580e-05
7.9571817894195799e-04 -1.8399999999998220e-03 0.0000000000000000e+00 0.0000000000000000e+00 1.6309994025448149e+00 2.9600981904246755e-05
8.0436728958263137e-04 -1.8599999999998188e-03 0.0000000000000000e+00 0.0000000000000000e+00 1.6309988603570862e+00 3.0247993714085766e-05
8.1301640022330476e-04 -1.8799999999998169e-03 0.0000000000000000e+00 0.0000000000000000e+00 1.6309983181725960e+00 3.0902000730155922e-05
8.2166551086397814e-04 -1.8999999999998131e-03 0.0000000000000000e+00 0.0000000000000000e+00 1.6309977759903962e+00 3.1563002962809349e-05
8.3031462150465153e-04 -1.9199999999998101e-03 0.0000000000000000e+00 0.0000000000000000e+00 1.6309972338111460e+00 3.2231000422398387e-05
8.3896373214532491e-04 -1.9399999999998065e-03 0.0000000000000000e+00 0.0000000000000000e+00 1.6309966916350644e+00 3.2905993119275223e-05
8.4761284278599830e-04 -1.9599999999998030e-03 0.0000000000000000e+00 0.0000000000000000e+00 1.6309961494613823e+00 3.3587981063792110e-05
8.5626195342667169e-04 -1.9799999999997988e-03 0.0000000000000000e+00 0.0000000000000000e+00 1.6309956072904130e+00 3.4276964266301269e-05
8.6491106406734507e-04 -1.9999999999997949e-03 0.0000000000000000e+00 0.0000000000000000e+00 1.6309950651228067e+00 3.4972942737154986e-05
