3.2712408094613084e-06 -2.0000000000000005e-05 0.0000000000000000e+00 0.0000000000000000e+00 1.9273817950879333e+00 2.1847609843394731e-09
6.5424816189226167e-06 -3.9999999999999996e-05 0.0000000000000000e+00 0.0000000000000000e+00 1.9273817698224043e+00 8.7390440597478418e-09
9.8137224283839255e-06 -5.9999999999999995e-05 0.0000000000000000e+00 0.0000000000000000e+00 1.9273817445478323e+00 1.9662849409810045e-08
1.3084963237845235e-05 -7.9999999999999993e-05 0.0000000000000000e+00 0.0000000000000000e+00 1.9273817192605274e+00 3.4956177218111003e-08
1.6356204047306545e-05 -1.0000000000000000e-04 0.0000000000000000e+00 0.0000000000000000e+00 1.9273816939949147e+00 5.4619027668235680e-08
1.9627444856767854e-05 -1.1999999999999999e-04 0.0000000000000000e+00 0.0000000000000000e+00 1.9273816687121277e+00 7.8651400943768969e-08
2.2898685666229164e-05 -1.3999999999999999e-04 0.0000000000000000e+00 0.0000000000000000e+00 1.9273816434403186e+00 1.0705329722829582e-07
2.6169926475690474e-05 -1.6000000000000001e-04 0.0000000000000000e+00 0.0000000000000000e+00 1.9273816181583332e+00 1.3982471670540123e-07
2.9441167285151783e-05 -1.8000000000000007e-04 0.0000000000000000e+00 0.0000000000000000e+00 1.9273815928813312e+00 1.7696565955867011e-07
3.2712408094613096e-05 -2.0000000000000012e-04 0.0000000000000000e+00 0.0000000000000000e+00 1.9273815676045662e+00 2.1847612597168741e-07
3.5983648904074406e-05 -2.2000000000000017e-04 0.0000000000000000e+00 0.0000000000000000e+00 1.9273815423264391e+00 2.6435611612803799e-07
3.9254889713535716e-05 -2.4000000000000020e-04 0.0000000000000000e+00 0.0000000000000000e+00 1.9273815170522310e+00 3.1460563021130678e-07
4.2526130522997025e-05 -2.6000000000000030e-04 0.0000000000000000e+00 0.0000000000000000e+00 1.9273814917735475e+00 3.6922466840507901e-07
4.5797371332458335e-05 -2.8000000000000041e-04 0.0000000000000000e+00 0.0000000000000000e+00 1.9273814664961726e+00 4.2821323089293929e-07
4.9068612141919644e-05 -3.0000000000000052e-04 0.0000000000000000e+00 0.0000000000000000e+00 1.9273814412187655e+00 4.9157131785847267e-07
5.2339852951380954e-05 -3.2000000000000057e-04 0.0000000000000000e+00 0.0000000000000000e+00 1.9273814159430540e+00 5.5929892948526392e-07
5.5611093760842264e-05 -3.4000000000000062e-04 0.0000000000000000e+00 0.0000000000000000e+00 1.9273813906628925e+00 6.3139606595689812e-07
5.8882334570303573e-05 -3.6000000000000073e-04 0.0000000000000000e+00 0.0000000000000000e+00 1.9273813653862939e+00 7.0786272745696023e-07
6.2153575379764883e-05 -3.8000000000000078e-04 0.0000000000000000e+00 0.0000000000000000e+00 1.9273813401099149e+00 7.8869891416903521e-07
6.5424816189226193e-05 -4.0000000000000089e-04 0.0000000000000000e+00 0.0000000000000000e+00 1.9273813148330272e+00 8.7390462627670794e-07
6.8696056998687502e-05 -4.2000000000000105e-04 0.0000000000000000e+00 0.0000000000000000e+00 1.9273812895562399e+00 9.6347986396356359e-07
7.1967297808148812e-05 -4.4000000000000126e-04 0.0000000000000000e+00 0.0000000000000000e+00 1.9273812642789454e+00 1.0574246274131870e-06
7.5238538617610122e-05 -4.6000000000000148e-04 0.0000000000000000e+00 0.0000000000000000e+00 1.9273812390016660e+00 1.1557389168091633e-06
7.8509779427071431e-05 -4.8000000000000169e-04 0.0000000000000000e+00 0.0000000000000000e+00 1.9273812137244364e+00 1.2584227323350767e-06
8.1781020236532741e-05 -5.0000000000000196e-04 0.0000000000000000e+00 0.0000000000000000e+00 1.9273811884471461e+00 1.3654760741745133e-06
8.5052261045994050e-05 -5.2000000000000223e-04 0.0000000000000000e+00 0.0000000000000000e+00 1.9273811631699225e+00 1.4768989425110573e-06
8.8323501855455360e-05 -5.4000000000000239e-04 0.0000000000000000e+00 0.0000000000000000e+00 1.9273811378921970e+00 1.5926913375282926e-06
9.1594742664916670e-05 -5.6000000000000266e-04 0.0000000000000000e+00 0.0000000000000000e+00 1.9273811126142415e+00 1.7128532594098057e-06
9.4865983474377979e-05 -5.8000000000000293e-04 0.0000000000000000e+00 0.0000000000000000e+00 1.9273810873370136e+00 1.8373847083391816e-06
9.8137224283839289e-05 -6.0000000000000320e-04 0.0000000000000000e+00 0.0000000000000000e+00 1.9273810620608249e+00 1.9662856845000047e-06
1.0140846509330060e-04 -6.2000000000000347e-04 0.0000000000000000e+00 0.0000000000000000e+00 1.9273810367844491e+00 2.0995561880758595e-06
1.0467970590276191e-04 -6.4000000000000374e-04 0.0000000000000000e+00 0.0000000000000000e+00 1.9273810115067835e+00 2.2371962192503312e-06
1.0795094671222322e-04 -6.6000000000000412e-04 0.0000000000000000e+00 0.0000000000000000e+00 1.9273809862291769e+00 2.3792057782070056e-06
1.1122218752168453e-04 -6.8000000000000460e-04 0.0000000000000000e+00 0.0000000000000000e+00 1.9273809609528145e+00 2.5255848651294678e-06
1.1449342833114584e-04 -7.0000000000000520e-04 0.0000000000000000e+00 0.0000000000000000e+00 1.9273809356765401e+00 2.6763334802013029e-06
1.1776466914060715e-04 -7.2000000000000579e-04 0.0000000000000000e+00 0.0000000000000000e+00 1.9273809103991906e+00 2.8314516236060947e-06
1.2103590995006846e-04 -7.4000000000000639e-04 0.0000000000000000e+00 0.0000000000000000e+00 1.9273808851216274e+00 2.9909392955274287e-06
1.2430715075952977e-04 -7.6000000000000709e-04 0.0000000000000000e+00 0.0000000000000000e+00 1.9273808598458262e+00 3.1547964961488900e-06
1.2757839156899109e-04 -7.8000000000000768e-04 0.0000000000000000e+00 0.0000000000000000e+00 1.9273808345683490e+00 3.3230232256540624e-06
1.3084963237845241e-04 -8.0000000000000828e-04 0.0000000000000000e+00 0.0000000000000000e+00 1.9273808092910907e+00 3.4956194842265305e-06
1.3412087318791374e-04 -8.2000000000000887e-04 0.0000000000000000e+00 0.0000000000000000e+00 1.9273807840153643e+00 3.6725852720498811e-06
1.3739211399737506e-04 -8.4000000000000947e-04 0.0000000000000000e+00 0.0000000000000000e+00 1.9273807587377865e+00 3.8539205893076980e-06
1.4066335480683638e-04 -8.6000000000001017e-04 0.0000000000000000e+00 0.0000000000000000e+00 1.9273807334612707e+00 4.0396254361835671e-06
1.4393459561629771e-04 -8.8000000000001109e-04 0.0000000000000000e+00 0.0000000000000000e+00 1.9273807081848320e+00 4.2296998128610751e-06
1.4720583642575903e-04 -9.0000000000001190e-04 0.0000000000000000e+00 0.0000000000000000e+00 1.9273806829076108e+00 4.4241437195238031e-06
1.5047707723522035e-04 -9.2000000000001271e-04 0.0000000000000000e+00 0.0000000000000000e+00 1.9273806576319557e+00 4.6229571563553367e-06
1.5374831804468167e-04 -9.4000000000001363e-04 0.0000000000000000e+00 0.0000000000000000e+00 1.9273806323543818e+00 4.8261401235392637e-06
1.5701955885414300e-04 -9.6000000000001455e-04 0.0000000000000000e+00 0.0000000000000000e+00 1.9273806070787156e+00 5.0336926212591667e-06
1.6029079966360432e-04 -9.8000000000001536e-04 0.0000000000000000e+00 0.0000000000000000e+00 1.9273805818013205e+00 5.2456146496986297e-06
1.6356204047306564e-04 -1.0000000000000161e-03 0.0000000000000000e+00 0.0000000000000000e+00 1.9273805565255580e+00 5.4619062090412371e-06
1.6683328128252697e-04 -1.0200000000000170e-03 0.0000000000000000e+00 0.0000000000000000e+00 1.9273805312485872e+00 5.6825672994705790e-06
1.7010452209198829e-04 -1.0400000000000181e-03 0.0000000000000000e+00 0.0000000000000000e+00 1.9273805059726223e+00 5.9075979211702371e-06
1.7337576290144961e-04 -1.0600000000000190e-03 0.0000000000000000e+00 0.0000000000000000e+00 1.9273804806957933e+00 6.1369980743237956e-06
1.7664700371091094e-04 -1.0800000000000197e-03 0.0000000000000000e+00 0.0000000000000000e+00 1.9273804554194858e+00 6.3707677591148387e-06
1.7991824452037226e-04 -1.1000000000000204e-03 0.0000000000000000e+00 0.0000000000000000e+00 1.9273804301428790e+00 6.6089069757269490e-06
1.8318948532983358e-04 -1.1200000000000212e-03 0.0000000000000000e+00 0.0000000000000000e+00 1.9273804048669689e+00 6.8514157243437167e-06
1.8646072613929491e-04 -1.1400000000000219e-03 0.0000000000000000e+00 0.0000000000000000e+00 1.9273803795902893e+00 7.0982940051487250e-06
1.8973196694875623e-04 -1.1600000000000226e-03 0.0000000000000000e+00 0.0000000000000000e+00 1.9273803543142582e+00 7.3495418183255584e-06
1.9300320775821755e-04 -1.1800000000000230e-03 0.0000000000000000e+00 0.0000000000000000e+00 1.9273803290375109e+00 7.6051591640577991e-06
1.9627444856767888e-04 -1.2000000000000250e-03 0.0000000000000000e+00 0.0000000000000000e+00 1.9273803037619404e+00 7.8651460425290562e-06
1.9954568937714020e-04 -1.2200000000000273e-03 0.0000000000000000e+00 0.0000000000000000e+00 1.9273802784850254e+00 8.1295024539228959e-06
2.0281693018660152e-04 -1.2400000000000295e-03 0.0000000000000000e+00 0.0000000000000000e+00 1.9273802532094531e+00 8.3982283984229009e-06
2.0608817099606285e-04 -1.2600000000000317e-03 0.0000000000000000e+00 0.0000000000000000e+00 1.9273802279326375e+00 8.6713238762126553e-06
2.0935941180552417e-04 -1.2800000000000339e-03 0.0000000000000000e+00 0.0000000000000000e+00 1.9273802026570952e+00 8.9487888874757486e-06
2.1263065261498549e-04 -1.3000000000000359e-03 0.0000000000000000e+00 0.0000000000000000e+00 1.9273801773804853e+00 9.2306234323957597e-06
2.1590189342444682e-04 -1.3200000000000382e-03 0.0000000000000000e+00 0.0000000000000000e+00 1.9273801521045513e+00 9.5168275111562764e-06
2.1917313423390814e-04 -1.3400000000000402e-03 0.0000000000000000e+00 0.0000000000000000e+00 1.9273801268288520e+00 9.8074011239408811e-06
2.2244437504336946e-04 -1.3600000000000422e-03 0.0000000000000000e+00 0.0000000000000000e+00 1.9273801015523344e+00 1.0102344270933161e-05
2.2571561585283078e-04 -1.3800000000000440e-03 0.0000000000000000e+00 0.0000000000000000e+00 1.9273800762768381e+00 1.0401656952316700e-05
2.2898685666229211e-04 -1.4000000000000460e-03 0.0000000000000000e+00 0.0000000000000000e+00 1.9273800510004377e+00 1.0705339168275088e-05
2.3225809747175343e-04 -1.4200000000000477e-03 0.0000000000000000e+00 0.0000000000000000e+00 1.9273800257247462e+00 1.1013390918991899e-05
2.3552933828121475e-04 -1.4400000000000495e-03 0.0000000000000000e+00 0.0000000000000000e+00 1.9273800004488841e+00 1.1325812204650728e-05
2.3880057909067608e-04 -1.4600000000000511e-03 0.0000000000000000e+00 0.0000000000000000e+00 1.9273799751726177e+00 1.1642603025435150e-05
2.4207181990013740e-04 -1.4800000000000527e-03 0.0000000000000000e+00 0.0000000000000000e+00 1.9273799498973574e+00 1.1963763381528763e-05
2.4534306070959872e-04 -1.5000000000000540e-03 0.0000000000000000e+00 0.0000000000000000e+00 1.9273799246210659e+00 1.2289293273115139e-05
2.4861430151906002e-04 -1.5200000000000556e-03 0.0000000000000000e+00 0.0000000000000000e+00 1.9273798993455189e+00 1.2619192700377870e-05
2.5188554232852132e-04 -1.5400000000000574e-03 0.0000000000000000e+00 0.0000000000000000e+00 1.9273798740699855e+00 1.2953461663500547e-05
2.5515678313798261e-04 -1.5600000000000590e-03 0.0000000000000000e+00 0.0000000000000000e+00 1.9273798487936722e+00 1.3292100162666746e-05
2.5842802394744391e-04 -1.5800000000000607e-03 0.0000000000000000e+00 0.0000000000000000e+00 1.9273798235184001e+00 1.3635108198060057e-05
2.6169926475690520e-04 -1.6000000000000625e-03 0.0000000000000000e+00 0.0000000000000000e+00 1.9273797982426142e+00 1.3982485769864061e-05
2.6497050556636650e-04 -1.6200000000000645e-03 0.0000000000000000e+00 0.0000000000000000e+00 1.9273797729666140e+00 1.4334232878262351e-05
2.6824174637582780e-04 -1.6400000000000663e-03 0.0000000000000000e+00 0.0000000000000000e+00 1.9273797476914603e+00 1.4690349523438499e-05
2.7151298718528909e-04 -1.6600000000000679e-03 0.0000000000000000e+00 0.0000000000000000e+00 1.9273797224156712e+00 1.5050835705576094e-05
2.7478422799475039e-04 -1.6800000000000695e-03 0.0000000000000000e+00 0.0000000000000000e+00 1.9273796971399531e+00 1.5415691424858720e-05
2.7805546880421168e-04 -1.7000000000000708e-03 0.0000000000000000e+00 0.0000000000000000e+00 1.9273796718648055e+00 1.5784916681469965e-05
2.8132670961367298e-04 -1.7200000000000719e-03 0.0000000000000000e+00 0.0000000000000000e+00 1.9273796465889270e+00 1.6158511475593409e-05
2.8459795042313428e-04 -1.7400000000000731e-03 0.0000000000000000e+00 0.0000000000000000e+00 1.9273796213133851e+00 1.6536475807412641e-05
2.8786919123259557e-04 -1.7600000000000740e-03 0.0000000000000000e+00 0.0000000000000000e+00 1.9273795960383204e+00 1.6918809677111242e-05
2.9114043204205687e-04 -1.7800000000000751e-03 0.0000000000000000e+00 0.0000000000000000e+00 1.9273795707624148e+00 1.7305513084872808e-05
2.9441167285151817e-04 -1.8000000000000767e-03 0.0000000000000000e+00 0.0000000000000000e+00 1.9273795454870342e+00 1.7696586030880922e-05
2.9768291366097946e-04 -1.8200000000000781e-03 0.0000000000000000e+00 0.0000000000000000e+00 1.9273795202120636e+00 1.8092028515319164e-05
3.0095415447044076e-04 -1.8400000000000792e-03 0.0000000000000000e+00 0.0000000000000000e+00 1.9273794949363776e+00 1.8491840538371113e-05
3.0422539527990205e-04 -1.8600000000000803e-03 0.0000000000000000e+00 0.0000000000000000e+00 1.9273794696610436e+00 1.8896022100220363e-05
3.0749663608936335e-04 -1.8800000000000817e-03 0.0000000000000000e+00 0.0000000000000000e+00 1.9273794443861152e+00 1.9304573201050498e-05
3.1076787689882465e-04 -1.9000000000000828e-03 0.0000000000000000e+00 0.0000000000000000e+00 1.9273794191106661e+00 1.9717493841045098e-05
3.1403911770828594e-04 -1.9200000000000837e-03 0.0000000000000000e+00 0.0000000000000000e+00 1.9273793938351602e+00 2.0134784020387743e-05
3.1731035851774724e-04 -1.9400000000000851e-03 0.0000000000000000e+00 0.0000000000000000e+00 1.9273793685603704e+00 2.0556443739262041e-05
3.2058159932720853e-04 -1.9600000000000871e-03 0.0000000000000000e+00 0.0000000000000000e+00 1.9273793432850184e+00 2.0982472997851569e-05
3.2385284013666983e-04 -1.9800000000000893e-03 0.0000000000000000e+00 0.0000000000000000e+00 1.9273793180096128e+00 2.1412871796339920e-05
3.2712408094613113e-04 -2.0000000000000915e-03 0.0000000000000000e+00 0.0000000000000000e+00 1.9273792927346896e+00 2.1847640134910658e-05
