6.2118807088509078e-06 -2.0000000000000005e-05 0.0000000000000000e+00 0.0000000000000000e+00 1.7713090151847093e+00 2.7534196655355344e-09
1.2423761417701816e-05 -4.0000000000000003e-05 0.0000000000000000e+00 0.0000000000000000e+00 1.7713087449616258e+00 1.1013680878042033e-08
1.8635642126552723e-05 -5.9999999999999995e-05 0.0000000000000000e+00 0.0000000000000000e+00 1.7713084747359782e+00 2.4780786961369345e-08
2.4847522835403628e-05 -7.9999999999999979e-05 0.0000000000000000e+00 0.0000000000000000e+00 1.7713082045132378e+00 4.4054741239367315e-08
3.1059403544254533e-05 -9.9999999999999991e-05 0.0000000000000000e+00 0.0000000000000000e+00 1.7713079342821856e+00 6.8835547035885828e-08
3.7271284253105438e-05 -1.2000000000000000e-04 0.0000000000000000e+00 0.0000000000000000e+00 1.7713076640517096e+00 9.9123207674774706e-08
4.3483164961956344e-05 -1.3999999999999999e-04 0.0000000000000000e+00 0.0000000000000000e+00 1.7713073938203194e+00 1.3491772647988379e-07
4.9695045670807249e-05 -1.5999999999999996e-04 0.0000000000000000e+00 0.0000000000000000e+00 1.7713071235879230e+00 1.7621910677506290e-07
5.5906926379658154e-05 -1.7999999999999988e-04 0.0000000000000000e+00 0.0000000000000000e+00 1.7713068533596530e+00 2.2302735188416177e-07
6.2118807088509066e-05 -1.9999999999999977e-04 0.0000000000000000e+00 0.0000000000000000e+00 1.7713065831333143e+00 2.7534246513103041e-07
6.8330687797359978e-05 -2.1999999999999960e-04 0.0000000000000000e+00 0.0000000000000000e+00 1.7713063129068913e+00 3.3316444983951833e-07
7.4542568506210890e-05 -2.3999999999999952e-04 0.0000000000000000e+00 0.0000000000000000e+00 1.7713060426832061e+00 3.9649330933347598e-07
8.0754449215061802e-05 -2.5999999999999938e-04 0.0000000000000000e+00 0.0000000000000000e+00 1.7713057724615386e+00 4.6532904693675272e-07
8.6966329923912714e-05 -2.7999999999999927e-04 0.0000000000000000e+00 0.0000000000000000e+00 1.7713055022361239e+00 5.3967166597319863e-07
9.3178210632763626e-05 -2.9999999999999916e-04 0.0000000000000000e+00 0.0000000000000000e+00 1.7713052320172784e+00 6.1952116976666359e-07
9.9390091341614538e-05 -3.1999999999999894e-04 0.0000000000000000e+00 0.0000000000000000e+00 1.7713049617948593e+00 7.0487756164099688e-07
1.0560197205046545e-04 -3.3999999999999867e-04 0.0000000000000000e+00 0.0000000000000000e+00 1.7713046915760111e+00 7.9574084492004856e-07
1.1181385275931636e-04 -3.5999999999999829e-04 0.0000000000000000e+00 0.0000000000000000e+00 1.7713044213593241e+00 8.9211102292766822e-07
1.1802573346816727e-04 -3.7999999999999785e-04 0.0000000000000000e+00 0.0000000000000000e+00 1.7713041511424694e+00 9.9398809898770580e-07
1.2423761417701819e-04 -3.9999999999999731e-04 0.0000000000000000e+00 0.0000000000000000e+00 1.7713038809254595e+00 1.1013720764240110e-06
1.3044949488586908e-04 -4.1999999999999660e-04 0.0000000000000000e+00 0.0000000000000000e+00 1.7713036107100384e+00 1.2142629585604331e-06
1.3666137559471998e-04 -4.3999999999999606e-04 0.0000000000000000e+00 0.0000000000000000e+00 1.7713033404964000e+00 1.3326607487208236e-06
1.4287325630357088e-04 -4.5999999999999568e-04 0.0000000000000000e+00 0.0000000000000000e+00 1.7713030702839070e+00 1.4565654502290326e-06
1.4908513701242178e-04 -4.7999999999999519e-04 0.0000000000000000e+00 0.0000000000000000e+00 1.7713028000726729e+00 1.5859770664089087e-06
1.5529701772127268e-04 -4.9999999999999470e-04 0.0000000000000000e+00 0.0000000000000000e+00 1.7713025298626504e+00 1.7208956005843020e-06
1.6150889843012358e-04 -5.1999999999999421e-04 0.0000000000000000e+00 0.0000000000000000e+00 1.7713022596537582e+00 1.8613210560790625e-06
1.6772077913897448e-04 -5.3999999999999372e-04 0.0000000000000000e+00 0.0000000000000000e+00 1.7713019894464570e+00 2.0072534362170398e-06
1.7393265984782537e-04 -5.5999999999999323e-04 0.0000000000000000e+00 0.0000000000000000e+00 1.7713017192402347e+00 2.1586927443220844e-06
1.8014454055667627e-04 -5.7999999999999274e-04 0.0000000000000000e+00 0.0000000000000000e+00 1.7713014490346290e+00 2.3156389837180450e-06
1.8635642126552717e-04 -5.9999999999999203e-04 0.0000000000000000e+00 0.0000000000000000e+00 1.7713011788296957e+00 2.4780921577287713e-06
1.9256830197437807e-04 -6.1999999999999122e-04 0.0000000000000000e+00 0.0000000000000000e+00 1.7713009086256251e+00 2.6460522696781121e-06
1.9878018268322897e-04 -6.3999999999999062e-04 0.0000000000000000e+00 0.0000000000000000e+00 1.7713006384232486e+00 2.8195193228899210e-06
2.0499206339207987e-04 -6.5999999999999013e-04 0.0000000000000000e+00 0.0000000000000000e+00 1.7713003682231419e+00 2.9984933206880475e-06
2.1120394410093076e-04 -6.7999999999998964e-04 0.0000000000000000e+00 0.0000000000000000e+00 1.7713000980232356e+00 3.1829742663963397e-06
2.1741582480978166e-04 -6.9999999999998937e-04 0.0000000000000000e+00 0.0000000000000000e+00 1.7712998278235699e+00 3.3729621633386495e-06
2.2362770551863256e-04 -7.1999999999998931e-04 0.0000000000000000e+00 0.0000000000000000e+00 1.7712995576258643e+00 3.5684570148388268e-06
2.2983958622748346e-04 -7.3999999999998915e-04 0.0000000000000000e+00 0.0000000000000000e+00 1.7712992874302489e+00 3.7694588242207196e-06
2.3605146693633436e-04 -7.5999999999998866e-04 0.0000000000000000e+00 0.0000000000000000e+00 1.7712990172342453e+00 3.9759675948081725e-06
2.4226334764518526e-04 -7.7999999999998849e-04 0.0000000000000000e+00 0.0000000000000000e+00 1.7712987470395376e+00 4.1879833299250467e-06
2.4847522835403616e-04 -7.9999999999998822e-04 0.0000000000000000e+00 0.0000000000000000e+00 1.7712984768473541e+00 4.4055060328951845e-06
2.5468710906288705e-04 -8.1999999999998762e-04 0.0000000000000000e+00 0.0000000000000000e+00 1.7712982066546747e+00 4.6285357070424320e-06
2.6089898977173795e-04 -8.3999999999998692e-04 0.0000000000000000e+00 0.0000000000000000e+00 1.7712979364637043e+00 4.8570723556906455e-06
2.6711087048058885e-04 -8.5999999999998610e-04 0.0000000000000000e+00 0.0000000000000000e+00 1.7712976662746214e+00 5.0911159821636713e-06
2.7332275118943975e-04 -8.7999999999998507e-04 0.0000000000000000e+00 0.0000000000000000e+00 1.7712973960851748e+00 5.3306665897853582e-06
2.7953463189829065e-04 -8.9999999999998382e-04 0.0000000000000000e+00 0.0000000000000000e+00 1.7712971258985715e+00 5.5757241818795575e-06
2.8574651260714155e-04 -9.1999999999998279e-04 0.0000000000000000e+00 0.0000000000000000e+00 1.7712968557117461e+00 5.8262887617701230e-06
2.9195839331599244e-04 -9.3999999999998208e-04 0.0000000000000000e+00 0.0000000000000000e+00 1.7712965855265341e+00 6.0823603327809060e-06
2.9817027402484334e-04 -9.5999999999998116e-04 0.0000000000000000e+00 0.0000000000000000e+00 1.7712963153427930e+00 6.3439388982357502e-06
3.0438215473369424e-04 -9.7999999999998002e-04 0.0000000000000000e+00 0.0000000000000000e+00 1.7712960451592608e+00 6.6110244614585053e-06
3.1059403544254514e-04 -9.9999999999997877e-04 0.0000000000000000e+00 0.0000000000000000e+00 1.7712957749782434e+00 6.8836170257730216e-06
3.1680591615139604e-04 -1.0199999999999771e-03 0.0000000000000000e+00 0.0000000000000000e+00 1.7712955047968213e+00 7.1617165945031454e-06
3.2301779686024694e-04 -1.0399999999999754e-03 0.0000000000000000e+00 0.0000000000000000e+00 1.7712952346181126e+00 7.4453231709727331e-06
3.2922967756909784e-04 -1.0599999999999739e-03 0.0000000000000000e+00 0.0000000000000000e+00 1.7712949644389790e+00 7.7344367585056344e-06
3.3544155827794873e-04 -1.0799999999999725e-03 0.0000000000000000e+00 0.0000000000000000e+00 1.7712946942624970e+00 8.0290573604256987e-06
3.4165343898679963e-04 -1.0999999999999706e-03 0.0000000000000000e+00 0.0000000000000000e+00 1.7712944240856621e+00 8.3291849800567706e-06
3.4786531969565053e-04 -1.1199999999999687e-03 0.0000000000000000e+00 0.0000000000000000e+00 1.7712941539114240e+00 8.6348196207227041e-06
3.5407720040450143e-04 -1.1399999999999668e-03 0.0000000000000000e+00 0.0000000000000000e+00 1.7712938837368977e+00 8.9459612857473461e-06
3.6028908111335233e-04 -1.1599999999999647e-03 0.0000000000000000e+00 0.0000000000000000e+00 1.7712936135648987e+00 9.2626099784545505e-06
3.6650096182220323e-04 -1.1799999999999630e-03 0.0000000000000000e+00 0.0000000000000000e+00 1.7712933433926537e+00 9.5847657021681729e-06
3.7271284253105413e-04 -1.1999999999999615e-03 0.0000000000000000e+00 0.0000000000000000e+00 1.7712930732228962e+00 9.9124284602120586e-06
3.7892472323990502e-04 -1.2199999999999598e-03 0.0000000000000000e+00 0.0000000000000000e+00 1.7712928030529684e+00 1.0245598255910053e-05
3.8513660394875592e-04 -1.2399999999999579e-03 0.0000000000000000e+00 0.0000000000000000e+00 1.7712925328854026e+00 1.0584275092586001e-05
3.9134848465760682e-04 -1.2599999999999563e-03 0.0000000000000000e+00 0.0000000000000000e+00 1.7712922627179708e+00 1.0928458973563770e-05
3.9756036536645772e-04 -1.2799999999999546e-03 0.0000000000000000e+00 0.0000000000000000e+00 1.7712919925523658e+00 1.1278149902167196e-05
4.0377224607530862e-04 -1.2999999999999525e-03 0.0000000000000000e+00 0.0000000000000000e+00 1.7712917223876616e+00 1.1633347881720127e-05
4.0998412678415952e-04 -1.3199999999999508e-03 0.0000000000000000e+00 0.0000000000000000e+00 1.7712914522238101e+00 1.1994052915546423e-05
4.1619600749301041e-04 -1.3399999999999495e-03 0.0000000000000000e+00 0.0000000000000000e+00 1.7712911820618222e+00 1.2360265006969941e-05
4.2240788820186131e-04 -1.3599999999999478e-03 0.0000000000000000e+00 0.0000000000000000e+00 1.7712909118998985e+00 1.2731984159314509e-05
4.2861976891071221e-04 -1.3799999999999468e-03 0.0000000000000000e+00 0.0000000000000000e+00 1.7712906417402672e+00 1.3109210375904002e-05
4.3483164961956311e-04 -1.3999999999999458e-03 0.0000000000000000e+00 0.0000000000000000e+00 1.7712903715808066e+00 1.3491943660062252e-05
4.4104353032841401e-04 -1.4199999999999443e-03 0.0000000000000000e+00 0.0000000000000000e+00 1.7712901014230640e+00 1.3880184015113103e-05
4.4725541103726491e-04 -1.4399999999999433e-03 0.0000000000000000e+00 0.0000000000000000e+00 1.7712898312664767e+00 1.4273931444380425e-05
4.5346729174611581e-04 -1.4599999999999420e-03 0.0000000000000000e+00 0.0000000000000000e+00 1.7712895611103969e+00 1.4673185951188051e-05
4.5967917245496670e-04 -1.4799999999999401e-03 0.0000000000000000e+00 0.0000000000000000e+00 1.7712892909564093e+00 1.5077947538859825e-05
4.6589105316381760e-04 -1.4999999999999382e-03 0.0000000000000000e+00 0.0000000000000000e+00 1.7712890208026255e+00 1.5488216210719607e-05
4.7210293387266850e-04 -1.5199999999999368e-03 0.0000000000000000e+00 0.0000000000000000e+00 1.7712887506505737e+00 1.5903991970091260e-05
4.7831481458151940e-04 -1.5399999999999357e-03 0.0000000000000000e+00 0.0000000000000000e+00 1.7712884804997175e+00 1.6325274820298629e-05
4.8452669529037030e-04 -1.5599999999999343e-03 0.0000000000000000e+00 0.0000000000000000e+00 1.7712882103492669e+00 1.6752064764665546e-05
4.9073857599922120e-04 -1.5799999999999335e-03 0.0000000000000000e+00 0.0000000000000000e+00 1.7712879402008865e+00 1.7184361806515890e-05
4.9695045670807209e-04 -1.5999999999999331e-03 0.0000000000000000e+00 0.0000000000000000e+00 1.7712876700530487e+00 1.7622165949173492e-05
5.0316233741692299e-04 -1.6199999999999325e-03 0.0000000000000000e+00 0.0000000000000000e+00 1.7712873999063012e+00 1.8065477195962210e-05
5.0937421812577389e-04 -1.6399999999999321e-03 0.0000000000000000e+00 0.0000000000000000e+00 1.7712871297613140e+00 1.8514295550205887e-05
5.1558609883462479e-04 -1.6599999999999319e-03 0.0000000000000000e+00 0.0000000000000000e+00 1.7712868596166520e+00 1.8968621015228376e-05
5.2179797954347569e-04 -1.6799999999999322e-03 0.0000000000000000e+00 0.0000000000000000e+00 1.7712865894736201e+00 1.9428453594353536e-05
5.2800986025232659e-04 -1.6999999999999331e-03 0.0000000000000000e+00 0.0000000000000000e+00 1.7712863193319264e+00 1.9893793290905216e-05
5.3422174096117749e-04 -1.7199999999999343e-03 0.0000000000000000e+00 0.0000000000000000e+00 1.7712860491906128e+00 2.0364640108207261e-05
5.4043362167002838e-04 -1.7399999999999350e-03 0.0000000000000000e+00 0.0000000000000000e+00 1.7712857790510961e+00 2.0840994049583506e-05
5.4664550237887928e-04 -1.7599999999999354e-03 0.0000000000000000e+00 0.0000000000000000e+00 1.7712855089127471e+00 2.1322855118357800e-05
5.5285738308773018e-04 -1.7799999999999353e-03 0.0000000000000000e+00 0.0000000000000000e+00 1.7712852387748304e+00 2.1810223317853992e-05
5.5906926379658108e-04 -1.7999999999999349e-03 0.0000000000000000e+00 0.0000000000000000e+00 1.7712849686387819e+00 2.2303098651395937e-05
5.6528114450543198e-04 -1.8199999999999343e-03 0.0000000000000000e+00 0.0000000000000000e+00 1.7712846985037838e+00 2.2801481122307488e-05
5.7149302521428288e-04 -1.8399999999999333e-03 0.0000000000000000e+00 0.0000000000000000e+00 1.7712844283693123e+00 2.3305370733912477e-05
5.7770490592313377e-04 -1.8599999999999331e-03 0.0000000000000000e+00 0.0000000000000000e+00 1.7712841582366419e+00 2.3814767489534795e-05
5.8391678663198467e-04 -1.8799999999999336e-03 0.0000000000000000e+00 0.0000000000000000e+00 1.7712838881050634e+00 2.4329671392498292e-05
5.9012866734083557e-04 -1.8999999999999341e-03 0.0000000000000000e+00 0.0000000000000000e+00 1.7712836179740095e+00 2.4850082446126790e-05
5.9634054804968647e-04 -1.9199999999999346e-03 0.0000000000000000e+00 0.0000000000000000e+00 1.7712833478447247e+00 2.5376000653744154e-05
6.0255242875853737e-04 -1.9399999999999346e-03 0.0000000000000000e+00 0.0000000000000000e+00 1.7712830777165760e+00 2.5907426018674203e-05
6.0876430946738827e-04 -1.9599999999999349e-03 0.0000000000000000e+00 0.0000000000000000e+00 1.7712828075889802e+00 2.6444358544240822e-05
6.1497619017623917e-04 -1.9799999999999358e-03 0.0000000000000000e+00 0.0000000000000000e+00 1.7712825374629710e+00 2.6986798233767865e-05
6.2118807088509006e-04 -1.9999999999999376e-03 0.0000000000000000e+00 0.0000000000000000e+00 1.7712822673383004e+00 2.7534745090579185e-05
