6.2118807088509078e-06 -1.9999999999999998e-05 0.0000000000000000e+00 0.0000000000000000e+00 1.7713090948700199e+00 2.7534195021839368e-09
1.2423761417701816e-05 -4.0000000000000003e-05 0.0000000000000000e+00 0.0000000000000000e+00 1.7713089043316754e+00 1.1013679571229271e-08
1.8635642126552723e-05 -6.0000000000000002e-05 0.0000000000000000e+00 0.0000000000000000e+00 1.7713087137901942e+00 2.4780782550876273e-08
2.4847522835403628e-05 -8.0000000000000020e-05 0.0000000000000000e+00 0.0000000000000000e+00 1.7713085232510473e+00 4.4054730784865255e-08
3.1059403544254533e-05 -1.0000000000000007e-04 0.0000000000000000e+00 0.0000000000000000e+00 1.7713083327030175e+00 6.8835526616936523e-08
3.7271284253105438e-05 -1.2000000000000017e-04 0.0000000000000000e+00 0.0000000000000000e+00 1.7713081421549903e+00 9.9123172390830394e-08
4.3483164961956344e-05 -1.4000000000000023e-04 0.0000000000000000e+00 0.0000000000000000e+00 1.7713079516054779e+00 1.3491767045028707e-07
4.9695045670807249e-05 -1.6000000000000026e-04 0.0000000000000000e+00 0.0000000000000000e+00 1.7713077610543864e+00 1.7621902313904673e-07
5.5906926379658154e-05 -1.8000000000000028e-04 0.0000000000000000e+00 0.0000000000000000e+00 1.7713075705068495e+00 2.2302723280084982e-07
6.2118807088509066e-05 -2.0000000000000033e-04 0.0000000000000000e+00 0.0000000000000000e+00 1.7713073799606720e+00 2.7534230177943661e-07
6.8330687797359978e-05 -2.2000000000000039e-04 0.0000000000000000e+00 0.0000000000000000e+00 1.7713071894138372e+00 3.3316423241854725e-07
7.4542568506210890e-05 -2.4000000000000044e-04 0.0000000000000000e+00 0.0000000000000000e+00 1.7713069988691683e+00 3.9649302706192218e-07
8.0754449215061802e-05 -2.6000000000000041e-04 0.0000000000000000e+00 0.0000000000000000e+00 1.7713068083259451e+00 4.6532868805330135e-07
8.6966329923912714e-05 -2.8000000000000046e-04 0.0000000000000000e+00 0.0000000000000000e+00 1.7713066177784025e+00 5.3967121773642567e-07
9.3178210632763626e-05 -3.0000000000000041e-04 0.0000000000000000e+00 0.0000000000000000e+00 1.7713064272368571e+00 6.1952061845503435e-07
9.9390091341614538e-05 -3.2000000000000035e-04 0.0000000000000000e+00 0.0000000000000000e+00 1.7713062366911656e+00 7.0487689255286862e-07
1.0560197205046545e-04 -3.4000000000000035e-04 0.0000000000000000e+00 0.0000000000000000e+00 1.7713060461484738e+00 7.9574004237366842e-07
1.1181385275931636e-04 -3.6000000000000019e-04 0.0000000000000000e+00 0.0000000000000000e+00 1.7713058556073709e+00 8.9211007026117351e-07
1.1802573346816727e-04 -3.7999999999999991e-04 0.0000000000000000e+00 0.0000000000000000e+00 1.7713056650655270e+00 9.9398697855912403e-07
1.2423761417701819e-04 -3.9999999999999964e-04 0.0000000000000000e+00 0.0000000000000000e+00 1.7713054745229562e+00 1.1013707696112608e-06
1.3044949488586908e-04 -4.1999999999999948e-04 0.0000000000000000e+00 0.0000000000000000e+00 1.7713052839814025e+00 1.2142614457613248e-06
1.3666137559471998e-04 -4.3999999999999920e-04 0.0000000000000000e+00 0.0000000000000000e+00 1.7713050934410604e+00 1.3326590093530552e-06
1.4287325630357088e-04 -4.5999999999999877e-04 0.0000000000000000e+00 0.0000000000000000e+00 1.7713049029012911e+00 1.4565634627301915e-06
1.4908513701242178e-04 -4.7999999999999844e-04 0.0000000000000000e+00 0.0000000000000000e+00 1.7713047123622081e+00 1.5859748082364760e-06
1.5529701772127268e-04 -4.9999999999999817e-04 0.0000000000000000e+00 0.0000000000000000e+00 1.7713045218237646e+00 1.7208930482156485e-06
1.6150889843012358e-04 -5.1999999999999811e-04 0.0000000000000000e+00 0.0000000000000000e+00 1.7713043312858798e+00 1.8613181850114503e-06
1.6772077913897448e-04 -5.3999999999999816e-04 0.0000000000000000e+00 0.0000000000000000e+00 1.7713041407490142e+00 2.0072502209676213e-06
1.7393265984782537e-04 -5.5999999999999832e-04 0.0000000000000000e+00 0.0000000000000000e+00 1.7713039502126553e+00 2.1586891584279020e-06
1.8014454055667627e-04 -5.7999999999999859e-04 0.0000000000000000e+00 0.0000000000000000e+00 1.7713037596763417e+00 2.3156349997360322e-06
1.8635642126552717e-04 -5.9999999999999908e-04 0.0000000000000000e+00 0.0000000000000000e+00 1.7713035691401284e+00 2.4780877472357536e-06
1.9256830197437807e-04 -6.1999999999999967e-04 0.0000000000000000e+00 0.0000000000000000e+00 1.7713033786042052e+00 2.6460474032708056e-06
1.9878018268322897e-04 -6.4000000000000016e-04 0.0000000000000000e+00 0.0000000000000000e+00 1.7713031880694046e+00 2.8195139701849271e-06
2.0499206339207987e-04 -6.6000000000000054e-04 0.0000000000000000e+00 0.0000000000000000e+00 1.7713029975363017e+00 2.9984874503218575e-06
2.1120394410093076e-04 -6.8000000000000102e-04 0.0000000000000000e+00 0.0000000000000000e+00 1.7713028070028276e+00 3.1829678460253393e-06
2.1741582480978166e-04 -7.0000000000000151e-04 0.0000000000000000e+00 0.0000000000000000e+00 1.7713026164690227e+00 3.3729551596391124e-06
2.2362770551863256e-04 -7.2000000000000189e-04 0.0000000000000000e+00 0.0000000000000000e+00 1.7713024259366050e+00 3.5684493935069157e-06
2.2983958622748346e-04 -7.4000000000000227e-04 0.0000000000000000e+00 0.0000000000000000e+00 1.7713022354057060e+00 3.7694505499724897e-06
2.3605146693633436e-04 -7.6000000000000254e-04 0.0000000000000000e+00 0.0000000000000000e+00 1.7713020448738481e+00 3.9759586313795750e-06
2.4226334764518526e-04 -7.8000000000000259e-04 0.0000000000000000e+00 0.0000000000000000e+00 1.7713018543427124e+00 4.1879736400719093e-06
2.4847522835403616e-04 -8.0000000000000297e-04 0.0000000000000000e+00 0.0000000000000000e+00 1.7713016638135302e+00 4.4054955783932404e-06
2.5468710906288705e-04 -8.2000000000000367e-04 0.0000000000000000e+00 0.0000000000000000e+00 1.7713014732832806e+00 4.6285244486873058e-06
2.6089898977173795e-04 -8.4000000000000426e-04 0.0000000000000000e+00 0.0000000000000000e+00 1.7713012827541665e+00 4.8570602532978449e-06
2.6711087048058885e-04 -8.6000000000000507e-04 0.0000000000000000e+00 0.0000000000000000e+00 1.7713010922263699e+00 5.0911029945685987e-06
2.7332275118943975e-04 -8.8000000000000556e-04 0.0000000000000000e+00 0.0000000000000000e+00 1.7713009016976371e+00 5.3306526748433006e-06
2.7953463189829065e-04 -9.0000000000000583e-04 0.0000000000000000e+00 0.0000000000000000e+00 1.7713007111711760e+00 5.5757092964656967e-06
2.8574651260714155e-04 -9.2000000000000599e-04 0.0000000000000000e+00 0.0000000000000000e+00 1.7713005206439216e+00 5.8262728617795220e-06
2.9195839331599244e-04 -9.4000000000000615e-04 0.0000000000000000e+00 0.0000000000000000e+00 1.7713003301177077e+00 6.0823433731285236e-06
2.9817027402484334e-04 -9.6000000000000620e-04 0.0000000000000000e+00 0.0000000000000000e+00 1.7713001395923944e+00 6.3439208328564381e-06
3.0438215473369424e-04 -9.8000000000000626e-04 0.0000000000000000e+00 0.0000000000000000e+00 1.7712999490667174e+00 6.6110052433070058e-06
3.1059403544254514e-04 -1.0000000000000063e-03 0.0000000000000000e+00 0.0000000000000000e+00 1.7712997585429839e+00 6.8835966068239702e-06
3.1680591615139604e-04 -1.0200000000000061e-03 0.0000000000000000e+00 0.0000000000000000e+00 1.7712995680182737e+00 7.1616949257510663e-06
3.2301779686024694e-04 -1.0400000000000062e-03 0.0000000000000000e+00 0.0000000000000000e+00 1.7712993774957055e+00 7.4453002024320412e-06
3.2922967756909784e-04 -1.0600000000000060e-03 0.0000000000000000e+00 0.0000000000000000e+00 1.7712991869721411e+00 7.7344124392106265e-06
3.3544155827794873e-04 -1.0800000000000063e-03 0.0000000000000000e+00 0.0000000000000000e+00 1.7712989964506558e+00 8.0290316384305760e-06
3.4165343898679963e-04 -1.1000000000000068e-03 0.0000000000000000e+00 0.0000000000000000e+00 1.7712988059282466e+00 8.3291578024356246e-06
3.4786531969565053e-04 -1.1200000000000071e-03 0.0000000000000000e+00 0.0000000000000000e+00 1.7712986154078625e+00 8.6347909335695059e-06
3.5407720040450143e-04 -1.1400000000000075e-03 0.0000000000000000e+00 0.0000000000000000e+00 1.7712984248866188e+00 8.9459310341759668e-06
3.6028908111335233e-04 -1.1600000000000082e-03 0.0000000000000000e+00 0.0000000000000000e+00 1.7712982343673300e+00 9.2625781065987507e-06
3.6650096182220323e-04 -1.1800000000000085e-03 0.0000000000000000e+00 0.0000000000000000e+00 1.7712980438472246e+00 9.5847321531815843e-06
3.7271284253105413e-04 -1.2000000000000088e-03 0.0000000000000000e+00 0.0000000000000000e+00 1.7712978533290351e+00 9.9123931762682163e-06
3.7892472323990502e-04 -1.2200000000000091e-03 0.0000000000000000e+00 0.0000000000000000e+00 1.7712976628101031e+00 1.0245561178202383e-05
3.8513660394875592e-04 -1.2400000000000089e-03 0.0000000000000000e+00 0.0000000000000000e+00 1.7712974722929622e+00 1.0584236161327824e-05
3.9134848465760682e-04 -1.2600000000000087e-03 0.0000000000000000e+00 0.0000000000000000e+00 1.7712972817753834e+00 1.0928418127988285e-05
3.9756036536645772e-04 -1.2800000000000090e-03 0.0000000000000000e+00 0.0000000000000000e+00 1.7712970912590607e+00 1.1278107080527509e-05
4.0377224607530862e-04 -1.3000000000000097e-03 0.0000000000000000e+00 0.0000000000000000e+00 1.7712969007430655e+00 1.1633303021289239e-05
4.0998412678415952e-04 -1.3200000000000102e-03 0.0000000000000000e+00 0.0000000000000000e+00 1.7712967102273538e+00 1.1994005952617208e-05
4.1619600749301041e-04 -1.3400000000000109e-03 0.0000000000000000e+00 0.0000000000000000e+00 1.7712965197129327e+00 1.2360215876855158e-05
4.2240788820186131e-04 -1.3600000000000116e-03 0.0000000000000000e+00 0.0000000000000000e+00 1.7712963291980048e+00 1.2731932796346831e-05
4.2861976891071221e-04 -1.3800000000000123e-03 0.0000000000000000e+00 0.0000000000000000e+00 1.7712961386847983e+00 1.3109156713435963e-05
4.3483164961956311e-04 -1.4000000000000128e-03 0.0000000000000000e+00 0.0000000000000000e+00 1.7712959481711896e+00 1.3491887630466291e-05
4.4104353032841401e-04 -1.4200000000000130e-03 0.0000000000000000e+00 0.0000000000000000e+00 1.7712957576587296e+00 1.3880125549781557e-05
4.4725541103726491e-04 -1.4400000000000135e-03 0.0000000000000000e+00 0.0000000000000000e+00 1.7712955671468513e+00 1.4273870473725507e-05
4.5346729174611581e-04 -1.4600000000000145e-03 0.0000000000000000e+00 0.0000000000000000e+00 1.7712953766349109e+00 1.4673122404641886e-05
4.5967917245496670e-04 -1.4800000000000154e-03 0.0000000000000000e+00 0.0000000000000000e+00 1.7712951861244910e+00 1.5077881344874430e-05
4.6589105316381760e-04 -1.5000000000000165e-03 0.0000000000000000e+00 0.0000000000000000e+00 1.7712949956137030e+00 1.5488147296766877e-05
4.7210293387266850e-04 -1.5200000000000179e-03 0.0000000000000000e+00 0.0000000000000000e+00 1.7712948051040762e+00 1.5903920262662976e-05
4.7831481458151940e-04 -1.5400000000000199e-03 0.0000000000000000e+00 0.0000000000000000e+00 1.7712946145950728e+00 1.6325200244906462e-05
4.8452669529037030e-04 -1.5600000000000223e-03 0.0000000000000000e+00 0.0000000000000000e+00 1.7712944240859043e+00 1.6751987245841090e-05
4.9073857599922120e-04 -1.5800000000000254e-03 0.0000000000000000e+00 0.0000000000000000e+00 1.7712942335782351e+00 1.7184281267810593e-05
4.9695045670807209e-04 -1.6000000000000280e-03 0.0000000000000000e+00 0.0000000000000000e+00 1.7712940430705357e+00 1.7622082313158692e-05
5.0316233741692299e-04 -1.6200000000000311e-03 0.0000000000000000e+00 0.0000000000000000e+00 1.7712938525633575e+00 1.8065390384229142e-05
5.0937421812577389e-04 -1.6400000000000347e-03 0.0000000000000000e+00 0.0000000000000000e+00 1.7712936620573669e+00 1.8514205483365687e-05
5.1558609883462479e-04 -1.6600000000000377e-03 0.0000000000000000e+00 0.0000000000000000e+00 1.7712934715511306e+00 1.8968527612912052e-05
5.2179797954347569e-04 -1.6800000000000411e-03 0.0000000000000000e+00 0.0000000000000000e+00 1.7712932810459538e+00 1.9428356775211985e-05
5.2800986025232659e-04 -1.7000000000000437e-03 0.0000000000000000e+00 0.0000000000000000e+00 1.7712930905415427e+00 1.9893692972609207e-05
5.3422174096117749e-04 -1.7200000000000470e-03 0.0000000000000000e+00 0.0000000000000000e+00 1.7712929000369408e+00 2.0364536207447493e-05
5.4043362167002838e-04 -1.7400000000000497e-03 0.0000000000000000e+00 0.0000000000000000e+00 1.7712927095335655e+00 2.0840886482070554e-05
5.4664550237887928e-04 -1.7600000000000528e-03 0.0000000000000000e+00 0.0000000000000000e+00 1.7712925190307853e+00 2.1322743798822149e-05
5.5285738308773018e-04 -1.7800000000000565e-03 0.0000000000000000e+00 0.0000000000000000e+00 1.7712923285278672e+00 2.1810108160046027e-05
5.5906926379658108e-04 -1.8000000000000602e-03 0.0000000000000000e+00 0.0000000000000000e+00 1.7712921380262467e+00 2.2302979568085911e-05
5.6528114450543198e-04 -1.8200000000000638e-03 0.0000000000000000e+00 0.0000000000000000e+00 1.7712919475251039e+00 2.2801358025285539e-05
5.7149302521428288e-04 -1.8400000000000675e-03 0.0000000000000000e+00 0.0000000000000000e+00 1.7712917570239175e+00 2.3305243533988661e-05
5.7770490592313377e-04 -1.8600000000000714e-03 0.0000000000000000e+00 0.0000000000000000e+00 1.7712915665239617e+00 2.3814636096539017e-05
5.8391678663198467e-04 -1.8800000000000748e-03 0.0000000000000000e+00 0.0000000000000000e+00 1.7712913760245252e+00 2.4329535715280327e-05
5.9012866734083557e-04 -1.9000000000000781e-03 0.0000000000000000e+00 0.0000000000000000e+00 1.7712911855250428e+00 2.4849942392556348e-05
5.9634054804968647e-04 -1.9200000000000811e-03 0.0000000000000000e+00 0.0000000000000000e+00 1.7712909950267592e+00 2.5375856130710806e-05
6.0255242875853737e-04 -1.9400000000000849e-03 0.0000000000000000e+00 0.0000000000000000e+00 1.7712908045290396e+00 2.5907276932087479e-05
6.0876430946738827e-04 -1.9600000000000884e-03 0.0000000000000000e+00 0.0000000000000000e+00 1.7712906140313018e+00 2.6444204799030070e-05
6.1497619017623917e-04 -1.9800000000000911e-03 0.0000000000000000e+00 0.0000000000000000e+00 1.7712904235345808e+00 2.6986639733882312e-05
6.2118807088509006e-04 -2.0000000000000933e-03 0.0000000000000000e+00 0.0000000000000000e+00 1.7712902330386264e+00 2.7534581738987952e-05
