3.2712408094613084e-06 -2.0000000000000002e-05 0.0000000000000000e+00 0.0000000000000000e+00 1.9273817417473542e+00 2.1847610489053598e-09
6.5424816189226167e-06 -4.0000000000000010e-05 0.0000000000000000e+00 0.0000000000000000e+00 1.9273816631414897e+00 8.7390445762749486e-09
9.8137224283839255e-06 -6.0000000000000035e-05 0.0000000000000000e+00 0.0000000000000000e+00 1.9273815845268258e+00 1.9662851153089030e-08
1.3084963237845235e-05 -8.0000000000000061e-05 0.0000000000000000e+00 0.0000000000000000e+00 1.9273815058996733e+00 3.4956181350327871e-08
1.6356204047306545e-05 -1.0000000000000010e-04 0.0000000000000000e+00 0.0000000000000000e+00 1.9273814272944561e+00 5.4619035738971729e-08
1.9627444856767854e-05 -1.2000000000000013e-04 0.0000000000000000e+00 0.0000000000000000e+00 1.9273813486723075e+00 7.8651414890000838e-08
2.2898685666229164e-05 -1.4000000000000015e-04 0.0000000000000000e+00 0.0000000000000000e+00 1.9273812700613802e+00 1.0705331937439549e-07
2.6169926475690474e-05 -1.6000000000000020e-04 0.0000000000000000e+00 0.0000000000000000e+00 1.9273811914405212e+00 1.3982474976313596e-07
2.9441167285151783e-05 -1.8000000000000028e-04 0.0000000000000000e+00 0.0000000000000000e+00 1.9273811128248881e+00 1.7696570662720256e-07
3.2712408094613096e-05 -2.0000000000000036e-04 0.0000000000000000e+00 0.0000000000000000e+00 1.9273810342097359e+00 2.1847619053757545e-07
3.5983648904074406e-05 -2.2000000000000041e-04 0.0000000000000000e+00 0.0000000000000000e+00 1.9273809555934653e+00 2.6435620206523488e-07
3.9254889713535716e-05 -2.4000000000000041e-04 0.0000000000000000e+00 0.0000000000000000e+00 1.9273808769813572e+00 3.1460574178116099e-07
4.2526130522997025e-05 -2.6000000000000041e-04 0.0000000000000000e+00 0.0000000000000000e+00 1.9273807983650166e+00 3.6922481025633414e-07
4.5797371332458335e-05 -2.8000000000000035e-04 0.0000000000000000e+00 0.0000000000000000e+00 1.9273807197502293e+00 4.2821340806173443e-07
4.9068612141919644e-05 -3.0000000000000030e-04 0.0000000000000000e+00 0.0000000000000000e+00 1.9273806411356516e+00 4.9157153576834238e-07
5.2339852951380954e-05 -3.2000000000000019e-04 0.0000000000000000e+00 0.0000000000000000e+00 1.9273805625230143e+00 5.5929919394713786e-07
5.5611093760842264e-05 -3.4000000000000013e-04 0.0000000000000000e+00 0.0000000000000000e+00 1.9273804839061699e+00 6.3139638316910156e-07
5.8882334570303573e-05 -3.6000000000000008e-04 0.0000000000000000e+00 0.0000000000000000e+00 1.9273804052931323e+00 7.0786310400521372e-07
6.2153575379764883e-05 -3.8000000000000002e-04 0.0000000000000000e+00 0.0000000000000000e+00 1.9273803266805574e+00 7.8869935702645449e-07
6.5424816189226193e-05 -4.0000000000000002e-04 0.0000000000000000e+00 0.0000000000000000e+00 1.9273802480677176e+00 8.7390514280380401e-07
6.8696056998687502e-05 -4.2000000000000002e-04 0.0000000000000000e+00 0.0000000000000000e+00 1.9273801694552215e+00 9.6348046190824307e-07
7.1967297808148812e-05 -4.4000000000000002e-04 0.0000000000000000e+00 0.0000000000000000e+00 1.9273800908424619e+00 1.0574253149107514e-06
7.5238538617610122e-05 -4.6000000000000001e-04 0.0000000000000000e+00 0.0000000000000000e+00 1.9273800122299605e+00 1.1557397023823092e-06
7.8509779427071431e-05 -4.8000000000000007e-04 0.0000000000000000e+00 0.0000000000000000e+00 1.9273799336177522e+00 1.2584236248938974e-06
8.1781020236532741e-05 -5.0000000000000012e-04 0.0000000000000000e+00 0.0000000000000000e+00 1.9273798550057273e+00 1.3654770830164956e-06
8.5052261045994050e-05 -5.2000000000000017e-04 0.0000000000000000e+00 0.0000000000000000e+00 1.9273797763940121e+00 1.4769000773210843e-06
8.8323501855455360e-05 -5.4000000000000012e-04 0.0000000000000000e+00 0.0000000000000000e+00 1.9273796977820383e+00 1.5926926083786435e-06
9.1594742664916670e-05 -5.6000000000000006e-04 0.0000000000000000e+00 0.0000000000000000e+00 1.9273796191700787e+00 1.7128546767601528e-06
9.4865983474377979e-05 -5.8000000000000000e-04 0.0000000000000000e+00 0.0000000000000000e+00 1.9273795405590894e+00 1.8373862830365938e-06
9.8137224283839289e-05 -5.9999999999999984e-04 0.0000000000000000e+00 0.0000000000000000e+00 1.9273794619493838e+00 1.9662874277789454e-06
1.0140846509330060e-04 -6.1999999999999967e-04 0.0000000000000000e+00 0.0000000000000000e+00 1.9273793833397337e+00 2.0995581115581887e-06
1.0467970590276191e-04 -6.3999999999999951e-04 0.0000000000000000e+00 0.0000000000000000e+00 1.9273793047290366e+00 2.2371983349453041e-06
1.0795094671222322e-04 -6.5999999999999924e-04 0.0000000000000000e+00 0.0000000000000000e+00 1.9273792261186429e+00 2.3792080985112707e-06
1.1122218752168453e-04 -6.7999999999999886e-04 0.0000000000000000e+00 0.0000000000000000e+00 1.9273791475097370e+00 2.5255874028270682e-06
1.1449342833114584e-04 -6.9999999999999848e-04 0.0000000000000000e+00 0.0000000000000000e+00 1.9273790689011621e+00 2.6763362484636788e-06
1.1776466914060715e-04 -7.1999999999999799e-04 0.0000000000000000e+00 0.0000000000000000e+00 1.9273789902917551e+00 2.8314546359920820e-06
1.2103590995006846e-04 -7.3999999999999739e-04 0.0000000000000000e+00 0.0000000000000000e+00 1.9273789116823790e+00 2.9909425659832568e-06
1.2430715075952977e-04 -7.5999999999999679e-04 0.0000000000000000e+00 0.0000000000000000e+00 1.9273788330750077e+00 3.1548000390081846e-06
1.2757839156899109e-04 -7.7999999999999608e-04 0.0000000000000000e+00 0.0000000000000000e+00 1.9273787544662027e+00 3.3230270556378461e-06
1.3084963237845241e-04 -7.9999999999999548e-04 0.0000000000000000e+00 0.0000000000000000e+00 1.9273786758578617e+00 3.4956236164432212e-06
1.3412087318791374e-04 -8.1999999999999489e-04 0.0000000000000000e+00 0.0000000000000000e+00 1.9273785972512951e+00 3.6725897219952909e-06
1.3739211399737506e-04 -8.3999999999999440e-04 0.0000000000000000e+00 0.0000000000000000e+00 1.9273785186431207e+00 3.8539253728650347e-06
1.4066335480683638e-04 -8.5999999999999391e-04 0.0000000000000000e+00 0.0000000000000000e+00 1.9273784400362526e+00 4.0396305696234345e-06
1.4393459561629771e-04 -8.7999999999999342e-04 0.0000000000000000e+00 0.0000000000000000e+00 1.9273783614297033e+00 4.2297053128414698e-06
1.4720583642575903e-04 -8.9999999999999304e-04 0.0000000000000000e+00 0.0000000000000000e+00 1.9273782828226160e+00 4.4241496030901194e-06
1.5047707723522035e-04 -9.1999999999999266e-04 0.0000000000000000e+00 0.0000000000000000e+00 1.9273782042173384e+00 4.6229634409403649e-06
1.5374831804468167e-04 -9.3999999999999227e-04 0.0000000000000000e+00 0.0000000000000000e+00 1.9273781256103846e+00 4.8261468269631871e-06
1.5701955885414300e-04 -9.5999999999999189e-04 0.0000000000000000e+00 0.0000000000000000e+00 1.9273780470055824e+00 5.0336997617295631e-06
1.6029079966360432e-04 -9.7999999999999151e-04 0.0000000000000000e+00 0.0000000000000000e+00 1.9273779683992944e+00 5.2456222458104770e-06
1.6356204047306564e-04 -9.9999999999999113e-04 0.0000000000000000e+00 0.0000000000000000e+00 1.9273778897948828e+00 5.4619142797769071e-06
1.6683328128252697e-04 -1.0199999999999907e-03 0.0000000000000000e+00 0.0000000000000000e+00 1.9273778111895055e+00 5.6825758641998347e-06
1.7010452209198829e-04 -1.0399999999999902e-03 0.0000000000000000e+00 0.0000000000000000e+00 1.9273777325853783e+00 5.9076069996502363e-06
1.7337576290144961e-04 -1.0599999999999898e-03 0.0000000000000000e+00 0.0000000000000000e+00 1.9273776539806289e+00 6.1370076866990969e-06
1.7664700371091094e-04 -1.0799999999999892e-03 0.0000000000000000e+00 0.0000000000000000e+00 1.9273775753766467e+00 6.3707779259173921e-06
1.7991824452037226e-04 -1.0999999999999884e-03 0.0000000000000000e+00 0.0000000000000000e+00 1.9273774967726065e+00 6.6089177178761041e-06
1.8318948532983358e-04 -1.1199999999999873e-03 0.0000000000000000e+00 0.0000000000000000e+00 1.9273774181695082e+00 6.8514270631462104e-06
1.8646072613929491e-04 -1.1399999999999861e-03 0.0000000000000000e+00 0.0000000000000000e+00 1.9273773395658818e+00 7.0983059622986906e-06
1.8973196694875623e-04 -1.1599999999999848e-03 0.0000000000000000e+00 0.0000000000000000e+00 1.9273772609631490e+00 7.3495544159045315e-06
1.9300320775821755e-04 -1.1799999999999838e-03 0.0000000000000000e+00 0.0000000000000000e+00 1.9273771823599417e+00 7.6051724245347111e-06
1.9627444856767888e-04 -1.1999999999999843e-03 0.0000000000000000e+00 0.0000000000000000e+00 1.9273771037581560e+00 7.8651599887602313e-06
1.9954568937714020e-04 -1.2199999999999850e-03 0.0000000000000000e+00 0.0000000000000000e+00 1.9273770251552682e+00 8.1295171091520525e-06
2.0281693018660152e-04 -1.2399999999999859e-03 0.0000000000000000e+00 0.0000000000000000e+00 1.9273769465539665e+00 8.3982437862811571e-06
2.0608817099606285e-04 -1.2599999999999866e-03 0.0000000000000000e+00 0.0000000000000000e+00 1.9273768679516661e+00 8.6713400207185196e-06
2.0935941180552417e-04 -1.2799999999999871e-03 0.0000000000000000e+00 0.0000000000000000e+00 1.9273767893508811e+00 8.9488058130351201e-06
2.1263065261498549e-04 -1.2999999999999874e-03 0.0000000000000000e+00 0.0000000000000000e+00 1.9273767107492723e+00 9.2306411638019366e-06
2.1590189342444682e-04 -1.3199999999999878e-03 0.0000000000000000e+00 0.0000000000000000e+00 1.9273766321485819e+00 9.5168460735899574e-06
2.1917313423390814e-04 -1.3399999999999883e-03 0.0000000000000000e+00 0.0000000000000000e+00 1.9273765535483711e+00 9.8074205429701590e-06
2.2244437504336946e-04 -1.3599999999999886e-03 0.0000000000000000e+00 0.0000000000000000e+00 1.9273764749475839e+00 1.0102364572513518e-05
2.2571561585283078e-04 -1.3799999999999887e-03 0.0000000000000000e+00 0.0000000000000000e+00 1.9273763963480619e+00 1.0401678162791020e-05
2.2898685666229211e-04 -1.3999999999999889e-03 0.0000000000000000e+00 0.0000000000000000e+00 1.9273763177478793e+00 1.0705361314373643e-05
2.3225809747175343e-04 -1.4199999999999894e-03 0.0000000000000000e+00 0.0000000000000000e+00 1.9273762391486484e+00 1.1013414027832371e-05
2.3552933828121475e-04 -1.4399999999999897e-03 0.0000000000000000e+00 0.0000000000000000e+00 1.9273761605494915e+00 1.1325836303738181e-05
2.3880057909067608e-04 -1.4599999999999902e-03 0.0000000000000000e+00 0.0000000000000000e+00 1.9273760819501711e+00 1.1642628142662057e-05
2.4207181990013740e-04 -1.4799999999999909e-03 0.0000000000000000e+00 0.0000000000000000e+00 1.9273760033521021e+00 1.1963789545174978e-05
2.4534306070959872e-04 -1.4999999999999918e-03 0.0000000000000000e+00 0.0000000000000000e+00 1.9273759247532452e+00 1.2289320511847928e-05
2.4861430151906002e-04 -1.5199999999999929e-03 0.0000000000000000e+00 0.0000000000000000e+00 1.9273758461553752e+00 1.2619221043251881e-05
2.5188554232852132e-04 -1.5399999999999941e-03 0.0000000000000000e+00 0.0000000000000000e+00 1.9273757675577625e+00 1.2953491139957821e-05
2.5515678313798261e-04 -1.5599999999999952e-03 0.0000000000000000e+00 0.0000000000000000e+00 1.9273756889596134e+00 1.3292130802536726e-05
2.5842802394744391e-04 -1.5799999999999963e-03 0.0000000000000000e+00 0.0000000000000000e+00 1.9273756103627484e+00 1.3635140031559574e-05
2.6169926475690520e-04 -1.5999999999999975e-03 0.0000000000000000e+00 0.0000000000000000e+00 1.9273755317656134e+00 1.3982518827597347e-05
2.6497050556636650e-04 -1.6199999999999986e-03 0.0000000000000000e+00 0.0000000000000000e+00 1.9273754531685068e+00 1.4334267191221024e-05
2.6824174637582780e-04 -1.6400000000000000e-03 0.0000000000000000e+00 0.0000000000000000e+00 1.9273753745724898e+00 1.4690385123001593e-05
2.7151298718528909e-04 -1.6600000000000009e-03 0.0000000000000000e+00 0.0000000000000000e+00 1.9273752959760819e+00 1.5050872623510019e-05
2.7478422799475039e-04 -1.6800000000000018e-03 0.0000000000000000e+00 0.0000000000000000e+00 1.9273752173799870e+00 1.5415729693317292e-05
2.7805546880421168e-04 -1.7000000000000029e-03 0.0000000000000000e+00 0.0000000000000000e+00 1.9273751387847060e+00 1.5784956332994393e-05
2.8132670961367298e-04 -1.7200000000000041e-03 0.0000000000000000e+00 0.0000000000000000e+00 1.9273750601889386e+00 1.6158552543112301e-05
2.8459795042313428e-04 -1.7400000000000054e-03 0.0000000000000000e+00 0.0000000000000000e+00 1.9273749815937489e+00 1.6536518324241999e-05
2.8786919123259557e-04 -1.7600000000000072e-03 0.0000000000000000e+00 0.0000000000000000e+00 1.9273749029992810e+00 1.6918853676954471e-05
2.9114043204205687e-04 -1.7800000000000088e-03 0.0000000000000000e+00 0.0000000000000000e+00 1.9273748244042166e+00 1.7305558601820688e-05
2.9441167285151817e-04 -1.8000000000000099e-03 0.0000000000000000e+00 0.0000000000000000e+00 1.9273747458099184e+00 1.7696633099411625e-05
2.9768291366097946e-04 -1.8200000000000111e-03 0.0000000000000000e+00 0.0000000000000000e+00 1.9273746672162742e+00 1.8092077170298267e-05
3.0095415447044076e-04 -1.8400000000000124e-03 0.0000000000000000e+00 0.0000000000000000e+00 1.9273745886221589e+00 1.8491890815051603e-05
3.0422539527990205e-04 -1.8600000000000140e-03 0.0000000000000000e+00 0.0000000000000000e+00 1.9273745100286370e+00 1.8896074034242614e-05
3.0749663608936335e-04 -1.8800000000000156e-03 0.0000000000000000e+00 0.0000000000000000e+00 1.9273744314357648e+00 1.9304626828442267e-05
3.1076787689882465e-04 -1.9000000000000173e-03 0.0000000000000000e+00 0.0000000000000000e+00 1.9273743528426159e+00 1.9717549198221559e-05
3.1403911770828594e-04 -1.9200000000000191e-03 0.0000000000000000e+00 0.0000000000000000e+00 1.9273742742496520e+00 2.0134841144151460e-05
3.1731035851774724e-04 -1.9400000000000209e-03 0.0000000000000000e+00 0.0000000000000000e+00 1.9273741956576484e+00 2.0556502666802948e-05
3.2058159932720853e-04 -1.9600000000000225e-03 0.0000000000000000e+00 0.0000000000000000e+00 1.9273741170653267e+00 2.0982533766747005e-05
3.2385284013666983e-04 -1.9800000000000243e-03 0.0000000000000000e+00 0.0000000000000000e+00 1.9273740384731923e+00 2.1412934444554616e-05
3.2712408094613113e-04 -2.0000000000000256e-03 0.0000000000000000e+00 0.0000000000000000e+00 1.9273739598817843e+00 2.1847704700796746e-05
