3.2712408094613084e-06 -1.9999999999999998e-05 0.0000000000000000e+00 0.0000000000000000e+00 1.9273817861978280e+00 2.1847609951004526e-09
6.5424816189226167e-06 -3.9999999999999996e-05 0.0000000000000000e+00 0.0000000000000000e+00 1.9273817520422172e+00 8.7390441458356913e-09
9.8137224283839255e-06 -6.0000000000000002e-05 0.0000000000000000e+00 0.0000000000000000e+00 1.9273817178775865e+00 1.9662849700356540e-08
1.3084963237845235e-05 -8.0000000000000007e-05 0.0000000000000000e+00 0.0000000000000000e+00 1.9273816837002464e+00 3.4956177906813819e-08
1.6356204047306545e-05 -1.0000000000000002e-04 0.0000000000000000e+00 0.0000000000000000e+00 1.9273816495446217e+00 5.4619029013358365e-08
1.9627444856767854e-05 -1.2000000000000003e-04 0.0000000000000000e+00 0.0000000000000000e+00 1.9273816153718448e+00 7.8651403268140972e-08
2.2898685666229164e-05 -1.4000000000000004e-04 0.0000000000000000e+00 0.0000000000000000e+00 1.9273815812100699e+00 1.0705330091931248e-07
2.6169926475690474e-05 -1.6000000000000004e-04 0.0000000000000000e+00 0.0000000000000000e+00 1.9273815470381424e+00 1.3982472221502367e-07
2.9441167285151783e-05 -1.8000000000000004e-04 0.0000000000000000e+00 0.0000000000000000e+00 1.9273815128712208e+00 1.7696566740342539e-07
3.2712408094613096e-05 -2.0000000000000001e-04 0.0000000000000000e+00 0.0000000000000000e+00 1.9273814787045596e+00 2.1847613673266841e-07
3.5983648904074406e-05 -2.1999999999999998e-04 0.0000000000000000e+00 0.0000000000000000e+00 1.9273814445365596e+00 2.6435613045090360e-07
3.9254889713535716e-05 -2.3999999999999998e-04 0.0000000000000000e+00 0.0000000000000000e+00 1.9273814103725015e+00 3.1460564880628190e-07
4.2526130522997025e-05 -2.5999999999999998e-04 0.0000000000000000e+00 0.0000000000000000e+00 1.9273813762039915e+00 3.6922469204695384e-07
4.5797371332458335e-05 -2.7999999999999998e-04 0.0000000000000000e+00 0.0000000000000000e+00 1.9273813420368135e+00 4.2821326042107057e-07
4.9068612141919644e-05 -3.0000000000000003e-04 0.0000000000000000e+00 0.0000000000000000e+00 1.9273813078696262e+00 4.9157135417678281e-07
5.2339852951380954e-05 -3.2000000000000003e-04 0.0000000000000000e+00 0.0000000000000000e+00 1.9273812737041582e+00 5.5929897356224127e-07
5.5611093760842264e-05 -3.4000000000000008e-04 0.0000000000000000e+00 0.0000000000000000e+00 1.9273812395342631e+00 6.3139611882559698e-07
5.8882334570303573e-05 -3.6000000000000013e-04 0.0000000000000000e+00 0.0000000000000000e+00 1.9273812053679542e+00 7.0786279021500062e-07
6.2153575379764883e-05 -3.8000000000000013e-04 0.0000000000000000e+00 0.0000000000000000e+00 1.9273811712018882e+00 7.8869898797860278e-07
6.5424816189226193e-05 -4.0000000000000018e-04 0.0000000000000000e+00 0.0000000000000000e+00 1.9273811370353362e+00 8.7390471236455488e-07
6.8696056998687502e-05 -4.2000000000000023e-04 0.0000000000000000e+00 0.0000000000000000e+00 1.9273811028689081e+00 9.6347996362100710e-07
7.1967297808148812e-05 -4.4000000000000023e-04 0.0000000000000000e+00 0.0000000000000000e+00 1.9273810687019963e+00 1.0574247419961104e-06
7.5238538617610122e-05 -4.6000000000000028e-04 0.0000000000000000e+00 0.0000000000000000e+00 1.9273810345351226e+00 1.1557390477380161e-06
7.8509779427071431e-05 -4.8000000000000034e-04 0.0000000000000000e+00 0.0000000000000000e+00 1.9273810003683218e+00 1.2584228810948747e-06
8.1781020236532741e-05 -5.0000000000000034e-04 0.0000000000000000e+00 0.0000000000000000e+00 1.9273809662014838e+00 1.3654762423148367e-06
8.5052261045994050e-05 -5.2000000000000017e-04 0.0000000000000000e+00 0.0000000000000000e+00 1.9273809320347355e+00 1.4768991316460521e-06
8.8323501855455360e-05 -5.3999999999999990e-04 0.0000000000000000e+00 0.0000000000000000e+00 1.9273808978675087e+00 1.5926915493366723e-06
9.1594742664916670e-05 -5.5999999999999963e-04 0.0000000000000000e+00 0.0000000000000000e+00 1.9273808637000753e+00 1.7128534956348479e-06
9.4865983474377979e-05 -5.7999999999999946e-04 0.0000000000000000e+00 0.0000000000000000e+00 1.9273808295333921e+00 1.8373849707887318e-06
9.8137224283839289e-05 -5.9999999999999941e-04 0.0000000000000000e+00 0.0000000000000000e+00 1.9273807953677724e+00 1.9662859750464739e-06
1.0140846509330060e-04 -6.1999999999999935e-04 0.0000000000000000e+00 0.0000000000000000e+00 1.9273807612019878e+00 2.0995565086562244e-06
1.0467970590276191e-04 -6.3999999999999929e-04 0.0000000000000000e+00 0.0000000000000000e+00 1.9273807270349363e+00 2.2371965718661343e-06
1.0795094671222322e-04 -6.5999999999999935e-04 0.0000000000000000e+00 0.0000000000000000e+00 1.9273806928679678e+00 2.3792061649243551e-06
1.1122218752168453e-04 -6.7999999999999929e-04 0.0000000000000000e+00 0.0000000000000000e+00 1.9273806587022670e+00 2.5255852880790366e-06
1.1449342833114584e-04 -6.9999999999999923e-04 0.0000000000000000e+00 0.0000000000000000e+00 1.9273806245366769e+00 2.6763339415783290e-06
1.1776466914060715e-04 -7.1999999999999918e-04 0.0000000000000000e+00 0.0000000000000000e+00 1.9273805903700343e+00 2.8314521256703853e-06
1.2103590995006846e-04 -7.3999999999999923e-04 0.0000000000000000e+00 0.0000000000000000e+00 1.9273805562032025e+00 2.9909398406033552e-06
1.2430715075952977e-04 -7.5999999999999917e-04 0.0000000000000000e+00 0.0000000000000000e+00 1.9273805220381559e+00 3.1547970866253882e-06
1.2757839156899109e-04 -7.7999999999999901e-04 0.0000000000000000e+00 0.0000000000000000e+00 1.9273804878714551e+00 3.3230238639846360e-06
1.3084963237845241e-04 -7.9999999999999885e-04 0.0000000000000000e+00 0.0000000000000000e+00 1.9273804537049974e+00 3.4956201729292493e-06
1.3412087318791374e-04 -8.1999999999999857e-04 0.0000000000000000e+00 0.0000000000000000e+00 1.9273804195400950e+00 3.6725860137073794e-06
1.3739211399737506e-04 -8.3999999999999819e-04 0.0000000000000000e+00 0.0000000000000000e+00 1.9273803853733642e+00 3.8539213865671757e-06
1.4066335480683638e-04 -8.5999999999999770e-04 0.0000000000000000e+00 0.0000000000000000e+00 1.9273803512077183e+00 4.0396262917567884e-06
1.4393459561629771e-04 -8.7999999999999721e-04 0.0000000000000000e+00 0.0000000000000000e+00 1.9273803170421726e+00 4.2297007295243709e-06
1.4720583642575903e-04 -8.9999999999999672e-04 0.0000000000000000e+00 0.0000000000000000e+00 1.9273802828758682e+00 4.4241447001180727e-06
1.5047707723522035e-04 -9.1999999999999634e-04 0.0000000000000000e+00 0.0000000000000000e+00 1.9273802487111529e+00 4.6229582037860471e-06
1.5374831804468167e-04 -9.3999999999999585e-04 0.0000000000000000e+00 0.0000000000000000e+00 1.9273802145445418e+00 4.8261412407764403e-06
1.5701955885414300e-04 -9.5999999999999536e-04 0.0000000000000000e+00 0.0000000000000000e+00 1.9273801803798616e+00 5.0336938113374082e-06
1.6029079966360432e-04 -9.7999999999999455e-04 0.0000000000000000e+00 0.0000000000000000e+00 1.9273801462134761e+00 5.2456159157170943e-06
1.6356204047306564e-04 -9.9999999999999373e-04 0.0000000000000000e+00 0.0000000000000000e+00 1.9273801120487464e+00 5.4619075541636538e-06
1.6683328128252697e-04 -1.0199999999999929e-03 0.0000000000000000e+00 0.0000000000000000e+00 1.9273800778828314e+00 5.6825687269252394e-06
1.7010452209198829e-04 -1.0399999999999919e-03 0.0000000000000000e+00 0.0000000000000000e+00 1.9273800437179460e+00 5.9075994342499970e-06
1.7337576290144961e-04 -1.0599999999999909e-03 0.0000000000000000e+00 0.0000000000000000e+00 1.9273800095522184e+00 6.1369996763860801e-06
1.7664700371091094e-04 -1.0799999999999900e-03 0.0000000000000000e+00 0.0000000000000000e+00 1.9273799753870366e+00 6.3707694535816458e-06
1.7991824452037226e-04 -1.0999999999999892e-03 0.0000000000000000e+00 0.0000000000000000e+00 1.9273799412215784e+00 6.6089087660848365e-06
1.8318948532983358e-04 -1.1199999999999882e-03 0.0000000000000000e+00 0.0000000000000000e+00 1.9273799070568409e+00 6.8514176141438041e-06
1.8646072613929491e-04 -1.1399999999999872e-03 0.0000000000000000e+00 0.0000000000000000e+00 1.9273798728913560e+00 7.0982959980067013e-06
1.8973196694875623e-04 -1.1599999999999863e-03 0.0000000000000000e+00 0.0000000000000000e+00 1.9273798387265433e+00 7.3495439179216808e-06
1.9300320775821755e-04 -1.1799999999999853e-03 0.0000000000000000e+00 0.0000000000000000e+00 1.9273798045610373e+00 7.6051613741368885e-06
1.9627444856767888e-04 -1.1999999999999856e-03 0.0000000000000000e+00 0.0000000000000000e+00 1.9273797703967315e+00 7.8651483669004966e-06
1.9954568937714020e-04 -1.2199999999999861e-03 0.0000000000000000e+00 0.0000000000000000e+00 1.9273797362311045e+00 8.1295048964606384e-06
2.0281693018660152e-04 -1.2399999999999866e-03 0.0000000000000000e+00 0.0000000000000000e+00 1.9273797020668437e+00 8.3982309630654673e-06
2.0608817099606285e-04 -1.2599999999999873e-03 0.0000000000000000e+00 0.0000000000000000e+00 1.9273796679013619e+00 8.6713265669631335e-06
2.0935941180552417e-04 -1.2799999999999880e-03 0.0000000000000000e+00 0.0000000000000000e+00 1.9273796337371782e+00 8.9487917084017856e-06
2.1263065261498549e-04 -1.2999999999999887e-03 0.0000000000000000e+00 0.0000000000000000e+00 1.9273795995719485e+00 9.2306263876295736e-06
2.1590189342444682e-04 -1.3199999999999896e-03 0.0000000000000000e+00 0.0000000000000000e+00 1.9273795654074184e+00 9.5168306048946512e-06
2.1917313423390814e-04 -1.3399999999999905e-03 0.0000000000000000e+00 0.0000000000000000e+00 1.9273795312431465e+00 9.8074043604451701e-06
2.2244437504336946e-04 -1.3599999999999914e-03 0.0000000000000000e+00 0.0000000000000000e+00 1.9273794970780795e+00 1.0102347654529279e-05
2.2571561585283078e-04 -1.3799999999999923e-03 0.0000000000000000e+00 0.0000000000000000e+00 1.9273794629140570e+00 1.0401660487395124e-05
2.2898685666229211e-04 -1.3999999999999935e-03 0.0000000000000000e+00 0.0000000000000000e+00 1.9273794287491537e+00 1.0705342859290865e-05
2.3225809747175343e-04 -1.4199999999999944e-03 0.0000000000000000e+00 0.0000000000000000e+00 1.9273793945849822e+00 1.1013394770464647e-05
2.3552933828121475e-04 -1.4399999999999955e-03 0.0000000000000000e+00 0.0000000000000000e+00 1.9273793604206633e+00 1.1325816221164624e-05
2.3880057909067608e-04 -1.4599999999999969e-03 0.0000000000000000e+00 0.0000000000000000e+00 1.9273793262559633e+00 1.1642607211638946e-05
2.4207181990013740e-04 -1.4799999999999982e-03 0.0000000000000000e+00 0.0000000000000000e+00 1.9273792920922932e+00 1.1963767742135762e-05
2.4534306070959872e-04 -1.4999999999999998e-03 0.0000000000000000e+00 0.0000000000000000e+00 1.9273792579276148e+00 1.2289297812903231e-05
2.4861430151906002e-04 -1.5200000000000014e-03 0.0000000000000000e+00 0.0000000000000000e+00 1.9273792237637035e+00 1.2619197424189490e-05
2.5188554232852132e-04 -1.5400000000000030e-03 0.0000000000000000e+00 0.0000000000000000e+00 1.9273791895998296e+00 1.2953466576242702e-05
2.5515678313798261e-04 -1.5600000000000043e-03 0.0000000000000000e+00 0.0000000000000000e+00 1.9273791554351989e+00 1.3292105269311003e-05
2.5842802394744391e-04 -1.5800000000000059e-03 0.0000000000000000e+00 0.0000000000000000e+00 1.9273791212716327e+00 1.3635113503642560e-05
2.6169926475690520e-04 -1.6000000000000074e-03 0.0000000000000000e+00 0.0000000000000000e+00 1.9273790871075758e+00 1.3982491279485515e-05
2.6497050556636650e-04 -1.6200000000000088e-03 0.0000000000000000e+00 0.0000000000000000e+00 1.9273790529433279e+00 1.4334238597088019e-05
2.6824174637582780e-04 -1.6400000000000099e-03 0.0000000000000000e+00 0.0000000000000000e+00 1.9273790187799495e+00 1.4690355456698216e-05
2.7151298718528909e-04 -1.6600000000000113e-03 0.0000000000000000e+00 0.0000000000000000e+00 1.9273789846159586e+00 1.5050841858564271e-05
2.7478422799475039e-04 -1.6800000000000129e-03 0.0000000000000000e+00 0.0000000000000000e+00 1.9273789504520631e+00 1.5415697802934329e-05
2.7805546880421168e-04 -1.7000000000000144e-03 0.0000000000000000e+00 0.0000000000000000e+00 1.9273789162887598e+00 1.5784923290056548e-05
2.8132670961367298e-04 -1.7200000000000158e-03 0.0000000000000000e+00 0.0000000000000000e+00 1.9273788821247506e+00 1.6158518320179061e-05
2.8459795042313428e-04 -1.7400000000000169e-03 0.0000000000000000e+00 0.0000000000000000e+00 1.9273788479610996e+00 1.6536482893550029e-05
2.8786919123259557e-04 -1.7600000000000181e-03 0.0000000000000000e+00 0.0000000000000000e+00 1.9273788137979493e+00 1.6918817010417602e-05
2.9114043204205687e-04 -1.7800000000000190e-03 0.0000000000000000e+00 0.0000000000000000e+00 1.9273787796339825e+00 1.7305520671029923e-05
2.9441167285151817e-04 -1.8000000000000199e-03 0.0000000000000000e+00 0.0000000000000000e+00 1.9273787454705624e+00 1.7696593875635156e-05
2.9768291366097946e-04 -1.8200000000000208e-03 0.0000000000000000e+00 0.0000000000000000e+00 1.9273787113075760e+00 1.8092036624481448e-05
3.0095415447044076e-04 -1.8400000000000217e-03 0.0000000000000000e+00 0.0000000000000000e+00 1.9273786771438979e+00 1.8491848917816946e-05
3.0422539527990205e-04 -1.8600000000000224e-03 0.0000000000000000e+00 0.0000000000000000e+00 1.9273786429805944e+00 1.8896030755889799e-05
3.0749663608936335e-04 -1.8800000000000229e-03 0.0000000000000000e+00 0.0000000000000000e+00 1.9273786088177198e+00 1.9304582138948164e-05
3.1076787689882465e-04 -1.9000000000000230e-03 0.0000000000000000e+00 0.0000000000000000e+00 1.9273785746543481e+00 1.9717503067240176e-05
3.1403911770828594e-04 -1.9200000000000230e-03 0.0000000000000000e+00 0.0000000000000000e+00 1.9273785404909425e+00 2.0134793541014001e-05
3.1731035851774724e-04 -1.9400000000000227e-03 0.0000000000000000e+00 0.0000000000000000e+00 1.9273785063282771e+00 2.0556453560517782e-05
3.2058159932720853e-04 -1.9600000000000229e-03 0.0000000000000000e+00 0.0000000000000000e+00 1.9273784721650715e+00 2.0982483125999686e-05
3.2385284013666983e-04 -1.9800000000000230e-03 0.0000000000000000e+00 0.0000000000000000e+00 1.9273784380018359e+00 2.1412882237707854e-05
3.2712408094613113e-04 -2.0000000000000230e-03 0.0000000000000000e+00 0.0000000000000000e+00 1.9273784038391053e+00 2.1847650895890432e-05
