3.2712408094613084e-06 -1.9999999999999998e-05 0.0000000000000000e+00 0.0000000000000000e+00 1.9273817328572700e+00 2.1847610596663401e-09
6.5424816189226167e-06 -4.0000000000000003e-05 0.0000000000000000e+00 0.0000000000000000e+00 1.9273816453613861e+00 8.7390446623627948e-09
9.8137224283839255e-06 -6.0000000000000022e-05 0.0000000000000000e+00 0.0000000000000000e+00 1.9273815578567681e+00 1.9662851443635519e-08
1.3084963237845235e-05 -8.0000000000000047e-05 0.0000000000000000e+00 0.0000000000000000e+00 1.9273814703397254e+00 3.4956182039030653e-08
1.6356204047306545e-05 -1.0000000000000009e-04 0.0000000000000000e+00 0.0000000000000000e+00 1.9273813828446833e+00 5.4619037084094360e-08
1.9627444856767854e-05 -1.2000000000000013e-04 0.0000000000000000e+00 0.0000000000000000e+00 1.9273812953327751e+00 7.8651417214372787e-08
2.2898685666229164e-05 -1.4000000000000012e-04 0.0000000000000000e+00 0.0000000000000000e+00 1.9273812078321531e+00 1.0705332306541202e-07
2.6169926475690474e-05 -1.6000000000000009e-04 0.0000000000000000e+00 0.0000000000000000e+00 1.9273811203216638e+00 1.3982475527275817e-07
2.9441167285151783e-05 -1.8000000000000004e-04 0.0000000000000000e+00 0.0000000000000000e+00 1.9273810328164658e+00 1.7696571447195738e-07
3.2712408094613096e-05 -1.9999999999999996e-04 0.0000000000000000e+00 0.0000000000000000e+00 1.9273809453118131e+00 2.1847620129855579e-07
3.5983648904074406e-05 -2.1999999999999985e-04 0.0000000000000000e+00 0.0000000000000000e+00 1.9273808578061071e+00 2.6435621638809954e-07
3.9254889713535716e-05 -2.3999999999999974e-04 0.0000000000000000e+00 0.0000000000000000e+00 1.9273807703046286e+00 3.1460576037613478e-07
4.2526130522997025e-05 -2.5999999999999960e-04 0.0000000000000000e+00 0.0000000000000000e+00 1.9273806827989821e+00 3.6922483389820764e-07
4.5797371332458335e-05 -2.7999999999999949e-04 0.0000000000000000e+00 0.0000000000000000e+00 1.9273805952949541e+00 4.2821343758986445e-07
4.9068612141919644e-05 -2.9999999999999943e-04 0.0000000000000000e+00 0.0000000000000000e+00 1.9273805077912007e+00 4.9157157208665135e-07
5.2339852951380954e-05 -3.1999999999999938e-04 0.0000000000000000e+00 0.0000000000000000e+00 1.9273804202894524e+00 5.5929923802411437e-07
5.5611093760842264e-05 -3.3999999999999937e-04 0.0000000000000000e+00 0.0000000000000000e+00 1.9273803327835621e+00 6.3139643603779968e-07
5.8882334570303573e-05 -3.5999999999999932e-04 0.0000000000000000e+00 0.0000000000000000e+00 1.9273802452815432e+00 7.0786316676325348e-07
6.2153575379764883e-05 -3.7999999999999921e-04 0.0000000000000000e+00 0.0000000000000000e+00 1.9273801577800522e+00 7.8869943083602153e-07
6.5424816189226193e-05 -3.9999999999999910e-04 0.0000000000000000e+00 0.0000000000000000e+00 1.9273800702783606e+00 8.7390522889165022e-07
6.8696056998687502e-05 -4.1999999999999899e-04 0.0000000000000000e+00 0.0000000000000000e+00 1.9273799827770781e+00 9.6348056156568573e-07
7.1967297808148812e-05 -4.3999999999999882e-04 0.0000000000000000e+00 0.0000000000000000e+00 1.9273798952755967e+00 1.0574254294936739e-06
7.5238538617610122e-05 -4.5999999999999871e-04 0.0000000000000000e+00 0.0000000000000000e+00 1.9273798077744386e+00 1.1557398333111616e-06
7.8509779427071431e-05 -4.7999999999999855e-04 0.0000000000000000e+00 0.0000000000000000e+00 1.9273797202736385e+00 1.2584237736536941e-06
8.1781020236532741e-05 -4.9999999999999838e-04 0.0000000000000000e+00 0.0000000000000000e+00 1.9273796327730865e+00 1.3654772511568185e-06
8.5052261045994050e-05 -5.1999999999999822e-04 0.0000000000000000e+00 0.0000000000000000e+00 1.9273795452729090e+00 1.4769002664560799e-06
8.8323501855455360e-05 -5.3999999999999806e-04 0.0000000000000000e+00 0.0000000000000000e+00 1.9273794577725378e+00 1.5926928201870251e-06
9.1594742664916670e-05 -5.5999999999999789e-04 0.0000000000000000e+00 0.0000000000000000e+00 1.9273793702722462e+00 1.7128549129852002e-06
9.4865983474377979e-05 -5.7999999999999773e-04 0.0000000000000000e+00 0.0000000000000000e+00 1.9273792827729892e+00 1.8373865454861514e-06
9.8137224283839289e-05 -5.9999999999999745e-04 0.0000000000000000e+00 0.0000000000000000e+00 1.9273791952750807e+00 1.9662877183254240e-06
1.0140846509330060e-04 -6.1999999999999718e-04 0.0000000000000000e+00 0.0000000000000000e+00 1.9273791077772928e+00 2.0995584321385646e-06
1.0467970590276191e-04 -6.3999999999999691e-04 0.0000000000000000e+00 0.0000000000000000e+00 1.9273790202785228e+00 2.2371986875611195e-06
1.0795094671222322e-04 -6.5999999999999674e-04 0.0000000000000000e+00 0.0000000000000000e+00 1.9273789327801203e+00 2.3792084852286360e-06
1.1122218752168453e-04 -6.7999999999999658e-04 0.0000000000000000e+00 0.0000000000000000e+00 1.9273788452832721e+00 2.5255878257766591e-06
1.1449342833114584e-04 -6.9999999999999642e-04 0.0000000000000000e+00 0.0000000000000000e+00 1.9273787577868180e+00 2.6763367098407354e-06
1.1776466914060715e-04 -7.1999999999999614e-04 0.0000000000000000e+00 0.0000000000000000e+00 1.9273786702895979e+00 2.8314551380564094e-06
1.2103590995006846e-04 -7.3999999999999576e-04 0.0000000000000000e+00 0.0000000000000000e+00 1.9273785827924730e+00 2.9909431110592269e-06
1.2430715075952977e-04 -7.5999999999999549e-04 0.0000000000000000e+00 0.0000000000000000e+00 1.9273784952974176e+00 3.1548006294847378e-06
1.2757839156899109e-04 -7.7999999999999532e-04 0.0000000000000000e+00 0.0000000000000000e+00 1.9273784078009939e+00 3.3230276939684858e-06
1.3084963237845241e-04 -7.9999999999999505e-04 0.0000000000000000e+00 0.0000000000000000e+00 1.9273783203050985e+00 3.4956243051460175e-06
1.3412087318791374e-04 -8.1999999999999467e-04 0.0000000000000000e+00 0.0000000000000000e+00 1.9273782328110427e+00 3.6725904636528778e-06
1.3739211399737506e-04 -8.3999999999999429e-04 0.0000000000000000e+00 0.0000000000000000e+00 1.9273781453154437e+00 3.8539261701246133e-06
1.4066335480683638e-04 -8.5999999999999380e-04 0.0000000000000000e+00 0.0000000000000000e+00 1.9273780578212163e+00 4.0396314251967694e-06
1.4393459561629771e-04 -8.7999999999999320e-04 0.0000000000000000e+00 0.0000000000000000e+00 1.9273779703273723e+00 4.2297062295048934e-06
1.4720583642575903e-04 -8.9999999999999249e-04 0.0000000000000000e+00 0.0000000000000000e+00 1.9273778828330552e+00 4.4241505836845304e-06
1.5047707723522035e-04 -9.1999999999999168e-04 0.0000000000000000e+00 0.0000000000000000e+00 1.9273777953406124e+00 4.6229644883712261e-06
1.5374831804468167e-04 -9.3999999999999108e-04 0.0000000000000000e+00 0.0000000000000000e+00 1.9273777078465584e+00 4.8261479442005314e-06
1.5701955885414300e-04 -9.5999999999999059e-04 0.0000000000000000e+00 0.0000000000000000e+00 1.9273776203547206e+00 5.0337009518079893e-06
1.6029079966360432e-04 -9.7999999999999021e-04 0.0000000000000000e+00 0.0000000000000000e+00 1.9273775328614620e+00 5.2456235118291475e-06
1.6356204047306564e-04 -9.9999999999999005e-04 0.0000000000000000e+00 0.0000000000000000e+00 1.9273774453701447e+00 5.4619156248995525e-06
1.6683328128252697e-04 -1.0199999999999901e-03 0.0000000000000000e+00 0.0000000000000000e+00 1.9273773578779270e+00 5.6825772916547509e-06
1.7010452209198829e-04 -1.0399999999999899e-03 0.0000000000000000e+00 0.0000000000000000e+00 1.9273772703870240e+00 5.9076085127302851e-06
1.7337576290144961e-04 -1.0599999999999900e-03 0.0000000000000000e+00 0.0000000000000000e+00 1.9273771828955633e+00 6.1370092887617042e-06
1.7664700371091094e-04 -1.0799999999999900e-03 0.0000000000000000e+00 0.0000000000000000e+00 1.9273770954049345e+00 6.3707796203845549e-06
1.7991824452037226e-04 -1.0999999999999901e-03 0.0000000000000000e+00 0.0000000000000000e+00 1.9273770079143131e+00 6.6089195082343804e-06
1.8318948532983358e-04 -1.1199999999999901e-03 0.0000000000000000e+00 0.0000000000000000e+00 1.9273769204246980e+00 6.8514289529467280e-06
1.8646072613929491e-04 -1.1399999999999900e-03 0.0000000000000000e+00 0.0000000000000000e+00 1.9273768329346197e+00 7.0983079551571395e-06
1.8973196694875623e-04 -1.1599999999999898e-03 0.0000000000000000e+00 0.0000000000000000e+00 1.9273767454455002e+00 7.3495565155011672e-06
1.9300320775821755e-04 -1.1799999999999899e-03 0.0000000000000000e+00 0.0000000000000000e+00 1.9273766579559708e+00 7.6051746346143578e-06
1.9627444856767888e-04 -1.1999999999999917e-03 0.0000000000000000e+00 0.0000000000000000e+00 1.9273765704679271e+00 7.8651623131322766e-06
1.9954568937714020e-04 -1.2199999999999932e-03 0.0000000000000000e+00 0.0000000000000000e+00 1.9273764829788473e+00 8.1295195516904455e-06
2.0281693018660152e-04 -1.2399999999999950e-03 0.0000000000000000e+00 0.0000000000000000e+00 1.9273763954914178e+00 8.3982463509244180e-06
2.0608817099606285e-04 -1.2599999999999970e-03 0.0000000000000000e+00 0.0000000000000000e+00 1.9273763080030539e+00 8.6713427114697398e-06
2.0935941180552417e-04 -1.2799999999999990e-03 0.0000000000000000e+00 0.0000000000000000e+00 1.9273762205162712e+00 8.9488086339619517e-06
2.1263065261498549e-04 -1.3000000000000008e-03 0.0000000000000000e+00 0.0000000000000000e+00 1.9273761330287293e+00 9.2306441190365993e-06
2.1590189342444682e-04 -1.3200000000000026e-03 0.0000000000000000e+00 0.0000000000000000e+00 1.9273760455421709e+00 9.5168491673292318e-06
2.1917313423390814e-04 -1.3400000000000044e-03 0.0000000000000000e+00 0.0000000000000000e+00 1.9273759580561558e+00 9.8074237794753950e-06
2.2244437504336946e-04 -1.3600000000000064e-03 0.0000000000000000e+00 0.0000000000000000e+00 1.9273758705696298e+00 1.0102367956110636e-05
2.2571561585283078e-04 -1.3800000000000086e-03 0.0000000000000000e+00 0.0000000000000000e+00 1.9273757830844340e+00 1.0401681697870505e-05
2.2898685666229211e-04 -1.4000000000000110e-03 0.0000000000000000e+00 0.0000000000000000e+00 1.9273756955986425e+00 1.0705365005390547e-05
2.3225809747175343e-04 -1.4200000000000135e-03 0.0000000000000000e+00 0.0000000000000000e+00 1.9273756081138671e+00 1.1013417879306302e-05
2.3552933828121475e-04 -1.4400000000000159e-03 0.0000000000000000e+00 0.0000000000000000e+00 1.9273755206292302e+00 1.1325840320253319e-05
2.3880057909067608e-04 -1.4600000000000184e-03 0.0000000000000000e+00 0.0000000000000000e+00 1.9273754331444961e+00 1.1642632328867142e-05
2.4207181990013740e-04 -1.4800000000000206e-03 0.0000000000000000e+00 0.0000000000000000e+00 1.9273753456610772e+00 1.1963793905783315e-05
2.4534306070959872e-04 -1.5000000000000226e-03 0.0000000000000000e+00 0.0000000000000000e+00 1.9273752581769350e+00 1.2289325051637388e-05
2.4861430151906002e-04 -1.5200000000000248e-03 0.0000000000000000e+00 0.0000000000000000e+00 1.9273751706938445e+00 1.2619225767064907e-05
2.5188554232852132e-04 -1.5400000000000268e-03 0.0000000000000000e+00 0.0000000000000000e+00 1.9273750832110768e+00 1.2953496052701417e-05
2.5515678313798261e-04 -1.5600000000000288e-03 0.0000000000000000e+00 0.0000000000000000e+00 1.9273749957278363e+00 1.3292135909182465e-05
2.5842802394744391e-04 -1.5800000000000310e-03 0.0000000000000000e+00 0.0000000000000000e+00 1.9273749082459453e+00 1.3635145337143596e-05
2.6169926475690520e-04 -1.6000000000000335e-03 0.0000000000000000e+00 0.0000000000000000e+00 1.9273748207638499e+00 1.3982524337220367e-05
2.6497050556636650e-04 -1.6200000000000361e-03 0.0000000000000000e+00 0.0000000000000000e+00 1.9273747332818469e+00 1.4334272910048315e-05
2.6824174637582780e-04 -1.6400000000000390e-03 0.0000000000000000e+00 0.0000000000000000e+00 1.9273746458009986e+00 1.4690391056262991e-05
2.7151298718528909e-04 -1.6600000000000421e-03 0.0000000000000000e+00 0.0000000000000000e+00 1.9273745583198238e+00 1.5050878776499939e-05
2.7478422799475039e-04 -1.6800000000000454e-03 0.0000000000000000e+00 0.0000000000000000e+00 1.9273744708390268e+00 1.5415736071394707e-05
2.7805546880421168e-04 -1.7000000000000487e-03 0.0000000000000000e+00 0.0000000000000000e+00 1.9273743833591093e+00 1.5784962941582836e-05
2.8132670961367298e-04 -1.7200000000000520e-03 0.0000000000000000e+00 0.0000000000000000e+00 1.9273742958787696e+00 1.6158559387699874e-05
2.8459795042313428e-04 -1.7400000000000551e-03 0.0000000000000000e+00 0.0000000000000000e+00 1.9273742083990730e+00 1.6536525410381363e-05
2.8786919123259557e-04 -1.7600000000000582e-03 0.0000000000000000e+00 0.0000000000000000e+00 1.9273741209201622e+00 1.6918861010262849e-05
2.9114043204205687e-04 -1.7800000000000610e-03 0.0000000000000000e+00 0.0000000000000000e+00 1.9273740334407197e+00 1.7305566187979880e-05
2.9441167285151817e-04 -1.8000000000000641e-03 0.0000000000000000e+00 0.0000000000000000e+00 1.9273739459621080e+00 1.7696640944168004e-05
2.9768291366097946e-04 -1.8200000000000677e-03 0.0000000000000000e+00 0.0000000000000000e+00 1.9273738584842157e+00 1.8092085279462778e-05
3.0095415447044076e-04 -1.8400000000000716e-03 0.0000000000000000e+00 0.0000000000000000e+00 1.9273737710059167e+00 1.8491899194499743e-05
3.0422539527990205e-04 -1.8600000000000756e-03 0.0000000000000000e+00 0.0000000000000000e+00 1.9273736835282762e+00 1.8896082689914442e-05
3.0749663608936335e-04 -1.8800000000000793e-03 0.0000000000000000e+00 0.0000000000000000e+00 1.9273735960513501e+00 1.9304635766342411e-05
3.1076787689882465e-04 -1.9000000000000833e-03 0.0000000000000000e+00 0.0000000000000000e+00 1.9273735085742119e+00 1.9717558424419208e-05
3.1403911770828594e-04 -1.9200000000000872e-03 0.0000000000000000e+00 0.0000000000000000e+00 1.9273734210973237e+00 2.0134850664780374e-05
3.1731035851774724e-04 -1.9400000000000914e-03 0.0000000000000000e+00 0.0000000000000000e+00 1.9273733336214605e+00 2.0556512488061460e-05
3.2058159932720853e-04 -1.9600000000000953e-03 0.0000000000000000e+00 0.0000000000000000e+00 1.9273732461453434e+00 2.0982543894898005e-05
3.2385284013666983e-04 -1.9800000000000989e-03 0.0000000000000000e+00 0.0000000000000000e+00 1.9273731586694793e+00 2.1412944885925549e-05
3.2712408094613113e-04 -2.0000000000001024e-03 0.0000000000000000e+00 0.0000000000000000e+00 1.9273730711944064e+00 2.1847715461779647e-05
