6.2118807088509078e-06 -2.0000000000000002e-05 0.0000000000000000e+00 0.0000000000000000e+00 1.7713092542409381e+00 2.7534191754807474e-09
1.2423761417701816e-05 -4.0000000000000010e-05 0.0000000000000000e+00 0.0000000000000000e+00 1.7713092230729621e+00 1.1013676957603753e-08
1.8635642126552723e-05 -6.0000000000000015e-05 0.0000000000000000e+00 0.0000000000000000e+00 1.7713091919012980e+00 2.4780773729890143e-08
2.4847522835403628e-05 -8.0000000000000020e-05 0.0000000000000000e+00 0.0000000000000000e+00 1.7713091607314169e+00 4.4054709875861061e-08
3.1059403544254533e-05 -9.9999999999999991e-05 0.0000000000000000e+00 0.0000000000000000e+00 1.7713091295521033e+00 6.8835485779037609e-08
3.7271284253105438e-05 -1.1999999999999996e-04 0.0000000000000000e+00 0.0000000000000000e+00 1.7713090983722408e+00 9.9123101822940937e-08
4.3483164961956344e-05 -1.3999999999999996e-04 0.0000000000000000e+00 0.0000000000000000e+00 1.7713090671903429e+00 1.3491755839109221e-07
4.9695045670807249e-05 -1.5999999999999993e-04 0.0000000000000000e+00 0.0000000000000000e+00 1.7713090360063137e+00 1.7621885586701250e-07
5.5906926379658154e-05 -1.7999999999999988e-04 0.0000000000000000e+00 0.0000000000000000e+00 1.7713090048252906e+00 2.2302699463422294e-07
6.2118807088509066e-05 -1.9999999999999987e-04 0.0000000000000000e+00 0.0000000000000000e+00 1.7713089736450747e+00 2.7534197507624487e-07
6.8330687797359978e-05 -2.1999999999999993e-04 0.0000000000000000e+00 0.0000000000000000e+00 1.7713089424636512e+00 3.3316379757659942e-07
7.4542568506210890e-05 -2.4000000000000001e-04 0.0000000000000000e+00 0.0000000000000000e+00 1.7713089112838416e+00 3.9649246251880758e-07
8.0754449215061802e-05 -2.6000000000000003e-04 0.0000000000000000e+00 0.0000000000000000e+00 1.7713088801049293e+00 4.6532797028639046e-07
8.6966329923912714e-05 -2.8000000000000014e-04 0.0000000000000000e+00 0.0000000000000000e+00 1.7713088489211453e+00 5.3967032126286960e-07
9.3178210632763626e-05 -3.0000000000000014e-04 0.0000000000000000e+00 0.0000000000000000e+00 1.7713088177428087e+00 6.1951951583176530e-07
9.9390091341614538e-05 -3.2000000000000003e-04 0.0000000000000000e+00 0.0000000000000000e+00 1.7713087865597739e+00 7.0487555437659875e-07
1.0560197205046545e-04 -3.4000000000000002e-04 0.0000000000000000e+00 0.0000000000000000e+00 1.7713087553791900e+00 7.9573843728089206e-07
1.1181385275931636e-04 -3.5999999999999991e-04 0.0000000000000000e+00 0.0000000000000000e+00 1.7713087241996432e+00 8.9210816492816512e-07
1.1802573346816727e-04 -3.7999999999999991e-04 0.0000000000000000e+00 0.0000000000000000e+00 1.7713086930188047e+00 9.9398473770194016e-07
1.2423761417701819e-04 -4.0000000000000007e-04 0.0000000000000000e+00 0.0000000000000000e+00 1.7713086618366882e+00 1.1013681559857390e-06
1.3044949488586908e-04 -4.2000000000000013e-04 0.0000000000000000e+00 0.0000000000000000e+00 1.7713086306550394e+00 1.2142584201630808e-06
1.3666137559471998e-04 -4.4000000000000029e-04 0.0000000000000000e+00 0.0000000000000000e+00 1.7713085994740512e+00 1.3326555306174885e-06
1.4287325630357088e-04 -4.6000000000000061e-04 0.0000000000000000e+00 0.0000000000000000e+00 1.7713085682930851e+00 1.4565594877324839e-06
1.4908513701242178e-04 -4.8000000000000093e-04 0.0000000000000000e+00 0.0000000000000000e+00 1.7713085371122548e+00 1.5859702918915857e-06
1.5529701772127268e-04 -5.0000000000000153e-04 0.0000000000000000e+00 0.0000000000000000e+00 1.7713085059315126e+00 1.7208879434783186e-06
1.6150889843012358e-04 -5.2000000000000201e-04 0.0000000000000000e+00 0.0000000000000000e+00 1.7713084747507790e+00 1.8613124428762002e-06
1.6772077913897448e-04 -5.4000000000000272e-04 0.0000000000000000e+00 0.0000000000000000e+00 1.7713084435705133e+00 2.0072437904687542e-06
1.7393265984782537e-04 -5.6000000000000331e-04 0.0000000000000000e+00 0.0000000000000000e+00 1.7713084123902050e+00 2.1586819866394996e-06
1.8014454055667627e-04 -5.8000000000000369e-04 0.0000000000000000e+00 0.0000000000000000e+00 1.7713083812093919e+00 2.3156270317719568e-06
1.8635642126552717e-04 -6.0000000000000385e-04 0.0000000000000000e+00 0.0000000000000000e+00 1.7713083500281277e+00 2.4780789262496465e-06
1.9256830197437807e-04 -6.2000000000000423e-04 0.0000000000000000e+00 0.0000000000000000e+00 1.7713083188466028e+00 2.6460376704560936e-06
1.9878018268322897e-04 -6.4000000000000461e-04 0.0000000000000000e+00 0.0000000000000000e+00 1.7713082876656490e+00 2.8195032647748164e-06
2.0499206339207987e-04 -6.6000000000000498e-04 0.0000000000000000e+00 0.0000000000000000e+00 1.7713082564858424e+00 2.9984757095893376e-06
2.1120394410093076e-04 -6.8000000000000525e-04 0.0000000000000000e+00 0.0000000000000000e+00 1.7713082253051169e+00 3.1829550052831767e-06
2.1741582480978166e-04 -7.0000000000000552e-04 0.0000000000000000e+00 0.0000000000000000e+00 1.7713081941235076e+00 3.3729411522398553e-06
2.2362770551863256e-04 -7.2000000000000568e-04 0.0000000000000000e+00 0.0000000000000000e+00 1.7713081629427341e+00 3.5684341508428939e-06
2.2983958622748346e-04 -7.4000000000000606e-04 0.0000000000000000e+00 0.0000000000000000e+00 1.7713081317629307e+00 3.7694340014758172e-06
2.3605146693633436e-04 -7.6000000000000611e-04 0.0000000000000000e+00 0.0000000000000000e+00 1.7713081005816176e+00 3.9759407045221405e-06
2.4226334764518526e-04 -7.8000000000000617e-04 0.0000000000000000e+00 0.0000000000000000e+00 1.7713080694004748e+00 4.1879542603653881e-06
2.4847522835403616e-04 -8.0000000000000589e-04 0.0000000000000000e+00 0.0000000000000000e+00 1.7713080382207362e+00 4.4054746693890769e-06
2.5468710906288705e-04 -8.2000000000000562e-04 0.0000000000000000e+00 0.0000000000000000e+00 1.7713080070393803e+00 4.6285019319767333e-06
2.6089898977173795e-04 -8.4000000000000567e-04 0.0000000000000000e+00 0.0000000000000000e+00 1.7713079758586072e+00 4.8570360485118804e-06
2.6711087048058885e-04 -8.6000000000000605e-04 0.0000000000000000e+00 0.0000000000000000e+00 1.7713079446786040e+00 5.0910770193780401e-06
2.7332275118943975e-04 -8.8000000000000632e-04 0.0000000000000000e+00 0.0000000000000000e+00 1.7713079134971121e+00 5.3306248449587297e-06
2.7953463189829065e-04 -9.0000000000000626e-04 0.0000000000000000e+00 0.0000000000000000e+00 1.7713078823173414e+00 5.5756795256374651e-06
2.8574651260714155e-04 -9.2000000000000621e-04 0.0000000000000000e+00 0.0000000000000000e+00 1.7713078511362284e+00 5.8262410617977729e-06
2.9195839331599244e-04 -9.4000000000000615e-04 0.0000000000000000e+00 0.0000000000000000e+00 1.7713078199556027e+00 6.0823094538231742e-06
2.9817027402484334e-04 -9.6000000000000566e-04 0.0000000000000000e+00 0.0000000000000000e+00 1.7713077887753306e+00 6.3438847020971853e-06
3.0438215473369424e-04 -9.8000000000000496e-04 0.0000000000000000e+00 0.0000000000000000e+00 1.7713077575941412e+00 6.6109668070033291e-06
3.1059403544254514e-04 -1.0000000000000044e-03 0.0000000000000000e+00 0.0000000000000000e+00 1.7713077264143475e+00 6.8835557689251303e-06
3.1680591615139604e-04 -1.0200000000000035e-03 0.0000000000000000e+00 0.0000000000000000e+00 1.7713076952330247e+00 7.1616515882461068e-06
3.2301779686024694e-04 -1.0400000000000025e-03 0.0000000000000000e+00 0.0000000000000000e+00 1.7713076640532943e+00 7.4452542653497790e-06
3.2922967756909784e-04 -1.0600000000000017e-03 0.0000000000000000e+00 0.0000000000000000e+00 1.7713076328720172e+00 7.7343638006196724e-06
3.3544155827794873e-04 -1.0800000000000011e-03 0.0000000000000000e+00 0.0000000000000000e+00 1.7713076016922689e+00 8.0289801944393124e-06
3.4165343898679963e-04 -1.1000000000000005e-03 0.0000000000000000e+00 0.0000000000000000e+00 1.7713075705110464e+00 8.3291034471922129e-06
3.4786531969565053e-04 -1.1200000000000001e-03 0.0000000000000000e+00 0.0000000000000000e+00 1.7713075393312976e+00 8.6347335592619000e-06
3.5407720040450143e-04 -1.1399999999999997e-03 0.0000000000000000e+00 0.0000000000000000e+00 1.7713075081501399e+00 8.9458705310318901e-06
3.6028908111335233e-04 -1.1599999999999994e-03 0.0000000000000000e+00 0.0000000000000000e+00 1.7713074769703865e+00 9.2625143628857094e-06
3.6650096182220323e-04 -1.1799999999999990e-03 0.0000000000000000e+00 0.0000000000000000e+00 1.7713074457892657e+00 9.5846650552068741e-06
3.7271284253105413e-04 -1.1999999999999984e-03 0.0000000000000000e+00 0.0000000000000000e+00 1.7713074146095107e+00 9.9123226083789005e-06
3.7892472323990502e-04 -1.2199999999999973e-03 0.0000000000000000e+00 0.0000000000000000e+00 1.7713073834284623e+00 1.0245487022785311e-05
3.8513660394875592e-04 -1.2399999999999959e-03 0.0000000000000000e+00 0.0000000000000000e+00 1.7713073522486560e+00 1.0584158298809627e-05
3.9134848465760682e-04 -1.2599999999999942e-03 0.0000000000000000e+00 0.0000000000000000e+00 1.7713073210678587e+00 1.0928336436835369e-05
3.9756036536645772e-04 -1.2799999999999923e-03 0.0000000000000000e+00 0.0000000000000000e+00 1.7713072898877709e+00 1.1278021437246058e-05
4.0377224607530862e-04 -1.2999999999999900e-03 0.0000000000000000e+00 0.0000000000000000e+00 1.7713072587074565e+00 1.1633213300425213e-05
4.0998412678415952e-04 -1.3199999999999874e-03 0.0000000000000000e+00 0.0000000000000000e+00 1.7713072275268786e+00 1.1993912026756358e-05
4.1619600749301041e-04 -1.3399999999999849e-03 0.0000000000000000e+00 0.0000000000000000e+00 1.7713071963470386e+00 1.2360117616623016e-05
4.2240788820186131e-04 -1.3599999999999821e-03 0.0000000000000000e+00 0.0000000000000000e+00 1.7713071651661432e+00 1.2731830070408710e-05
4.2861976891071221e-04 -1.3799999999999789e-03 0.0000000000000000e+00 0.0000000000000000e+00 1.7713071339864184e+00 1.3109049388496954e-05
4.3483164961956311e-04 -1.3999999999999757e-03 0.0000000000000000e+00 0.0000000000000000e+00 1.7713071028057394e+00 1.3491775571271271e-05
4.4104353032841401e-04 -1.4199999999999725e-03 0.0000000000000000e+00 0.0000000000000000e+00 1.7713070716256614e+00 1.3880008619115188e-05
4.4725541103726491e-04 -1.4399999999999691e-03 0.0000000000000000e+00 0.0000000000000000e+00 1.7713070404456124e+00 1.4273748532412224e-05
4.5346729174611581e-04 -1.4599999999999657e-03 0.0000000000000000e+00 0.0000000000000000e+00 1.7713070092649532e+00 1.4672995311545900e-05
4.5967917245496670e-04 -1.4799999999999622e-03 0.0000000000000000e+00 0.0000000000000000e+00 1.7713069780852631e+00 1.5077748956899739e-05
4.6589105316381760e-04 -1.4999999999999588e-03 0.0000000000000000e+00 0.0000000000000000e+00 1.7713069469046534e+00 1.5488009468857256e-05
4.7210293387266850e-04 -1.5199999999999561e-03 0.0000000000000000e+00 0.0000000000000000e+00 1.7713069157246575e+00 1.5903776847801995e-05
4.7831481458151940e-04 -1.5399999999999537e-03 0.0000000000000000e+00 0.0000000000000000e+00 1.7713068845447320e+00 1.6325051094117473e-05
4.8452669529037030e-04 -1.5599999999999512e-03 0.0000000000000000e+00 0.0000000000000000e+00 1.7713068533640930e+00 1.6751832208187189e-05
4.9073857599922120e-04 -1.5799999999999484e-03 0.0000000000000000e+00 0.0000000000000000e+00 1.7713068221844031e+00 1.7184120190394668e-05
4.9695045670807209e-04 -1.5999999999999461e-03 0.0000000000000000e+00 0.0000000000000000e+00 1.7713067910041298e+00 1.7621915041123445e-05
5.0316233741692299e-04 -1.6199999999999444e-03 0.0000000000000000e+00 0.0000000000000000e+00 1.7713067598238317e+00 1.8065216760757053e-05
5.0937421812577389e-04 -1.6399999999999425e-03 0.0000000000000000e+00 0.0000000000000000e+00 1.7713067286441684e+00 1.8514025349678983e-05
5.1558609883462479e-04 -1.6599999999999404e-03 0.0000000000000000e+00 0.0000000000000000e+00 1.7713066974637088e+00 1.8968340808272762e-05
5.2179797954347569e-04 -1.6799999999999381e-03 0.0000000000000000e+00 0.0000000000000000e+00 1.7713066662837607e+00 1.9428163136921911e-05
5.2800986025232659e-04 -1.6999999999999357e-03 0.0000000000000000e+00 0.0000000000000000e+00 1.7713066351040263e+00 1.9893492336009954e-05
5.3422174096117749e-04 -1.7199999999999334e-03 0.0000000000000000e+00 0.0000000000000000e+00 1.7713066039235508e+00 2.0364328405920419e-05
5.4043362167002838e-04 -1.7399999999999315e-03 0.0000000000000000e+00 0.0000000000000000e+00 1.7713065727437536e+00 2.0840671347036828e-05
5.4664550237887928e-04 -1.7599999999999302e-03 0.0000000000000000e+00 0.0000000000000000e+00 1.7713065415639992e+00 2.1322521159742711e-05
5.5285738308773018e-04 -1.7799999999999296e-03 0.0000000000000000e+00 0.0000000000000000e+00 1.7713065103835568e+00 2.1809877844421592e-05
5.5906926379658108e-04 -1.7999999999999286e-03 0.0000000000000000e+00 0.0000000000000000e+00 1.7713064792038642e+00 2.2302741401456959e-05
5.6528114450543198e-04 -1.8199999999999282e-03 0.0000000000000000e+00 0.0000000000000000e+00 1.7713064480240956e+00 2.2801111831232369e-05
5.7149302521428288e-04 -1.8399999999999276e-03 0.0000000000000000e+00 0.0000000000000000e+00 1.7713064168437356e+00 2.3304989134131317e-05
5.7770490592313377e-04 -1.8599999999999272e-03 0.0000000000000000e+00 0.0000000000000000e+00 1.7713063856640567e+00 2.3814373310537335e-05
5.8391678663198467e-04 -1.8799999999999262e-03 0.0000000000000000e+00 0.0000000000000000e+00 1.7713063544843446e+00 2.4329264360833920e-05
5.9012866734083557e-04 -1.8999999999999258e-03 0.0000000000000000e+00 0.0000000000000000e+00 1.7713063233040374e+00 2.4849662285404631e-05
5.9634054804968647e-04 -1.9199999999999261e-03 0.0000000000000000e+00 0.0000000000000000e+00 1.7713062921243807e+00 2.5375567084632989e-05
6.0255242875853737e-04 -1.9399999999999262e-03 0.0000000000000000e+00 0.0000000000000000e+00 1.7713062609447354e+00 2.5906978758902497e-05
6.0876430946738827e-04 -1.9599999999999266e-03 0.0000000000000000e+00 0.0000000000000000e+00 1.7713062297645219e+00 2.6443897308596679e-05
6.1497619017623917e-04 -1.9799999999999267e-03 0.0000000000000000e+00 0.0000000000000000e+00 1.7713061985847778e+00 2.6986322734099050e-05
6.2118807088509006e-04 -1.9999999999999263e-03 0.0000000000000000e+00 0.0000000000000000e+00 1.7713061674052473e+00 2.7534255035793114e-05
