6.2118807088509078e-06 -2.0000000000000002e-05 0.0000000000000000e+00 0.0000000000000000e+00 1.7713089354994975e+00 2.7534198288871286e-09
1.2423761417701816e-05 -4.0000000000000017e-05 0.0000000000000000e+00 0.0000000000000000e+00 1.7713085855919719e+00 1.1013682184854803e-08
1.8635642126552723e-05 -6.0000000000000015e-05 0.0000000000000000e+00 0.0000000000000000e+00 1.7713082356826531e+00 2.4780791371862431e-08
2.4847522835403628e-05 -8.0000000000000020e-05 0.0000000000000000e+00 0.0000000000000000e+00 1.7713078857770115e+00 4.4054751693869449e-08
3.1059403544254533e-05 -1.0000000000000000e-04 0.0000000000000000e+00 0.0000000000000000e+00 1.7713075358638279e+00 6.8835567454835252e-08
3.7271284253105438e-05 -1.2000000000000000e-04 0.0000000000000000e+00 0.0000000000000000e+00 1.7713071859519911e+00 9.9123242958719282e-08
4.3483164961956344e-05 -1.3999999999999999e-04 0.0000000000000000e+00 0.0000000000000000e+00 1.7713068360400093e+00 1.3491778250948097e-07
4.9695045670807249e-05 -1.6000000000000001e-04 0.0000000000000000e+00 0.0000000000000000e+00 1.7713064861277927e+00 1.7621919041107981e-07
5.5906926379658154e-05 -1.7999999999999998e-04 0.0000000000000000e+00 0.0000000000000000e+00 1.7713061362204710e+00 2.2302747096747498e-07
6.2118807088509066e-05 -1.9999999999999993e-04 0.0000000000000000e+00 0.0000000000000000e+00 1.7713057863158519e+00 2.7534262848262607e-07
6.8330687797359978e-05 -2.1999999999999982e-04 0.0000000000000000e+00 0.0000000000000000e+00 1.7713054364119183e+00 3.3316466726049227e-07
7.4542568506210890e-05 -2.3999999999999971e-04 0.0000000000000000e+00 0.0000000000000000e+00 1.7713050865114930e+00 3.9649359160503317e-07
8.0754449215061802e-05 -2.5999999999999971e-04 0.0000000000000000e+00 0.0000000000000000e+00 1.7713047366138539e+00 4.6532940582020859e-07
8.6966329923912714e-05 -2.7999999999999981e-04 0.0000000000000000e+00 0.0000000000000000e+00 1.7713043867132385e+00 5.3967211420997804e-07
9.3178210632763626e-05 -3.0000000000000003e-04 0.0000000000000000e+00 0.0000000000000000e+00 1.7713040368199617e+00 6.1952172107830086e-07
9.9390091341614538e-05 -3.2000000000000030e-04 0.0000000000000000e+00 0.0000000000000000e+00 1.7713036869238821e+00 7.0487823072913669e-07
1.0560197205046545e-04 -3.4000000000000046e-04 0.0000000000000000e+00 0.0000000000000000e+00 1.7713033370321418e+00 7.9574164746644394e-07
1.1181385275931636e-04 -3.6000000000000078e-04 0.0000000000000000e+00 0.0000000000000000e+00 1.7713029871433339e+00 8.9211197559418327e-07
1.1802573346816727e-04 -3.8000000000000111e-04 0.0000000000000000e+00 0.0000000000000000e+00 1.7713026372551282e+00 9.9398921941631383e-07
1.2423761417701819e-04 -4.0000000000000159e-04 0.0000000000000000e+00 0.0000000000000000e+00 1.7713022873675361e+00 1.1013733832367951e-06
1.3044949488586908e-04 -4.2000000000000219e-04 0.0000000000000000e+00 0.0000000000000000e+00 1.7713019374823025e+00 1.2142644713595870e-06
1.3666137559471998e-04 -4.4000000000000267e-04 0.0000000000000000e+00 0.0000000000000000e+00 1.7713015875996228e+00 1.3326624880886473e-06
1.4287325630357088e-04 -4.6000000000000321e-04 0.0000000000000000e+00 0.0000000000000000e+00 1.7713012377188571e+00 1.4565674377279372e-06
1.4908513701242178e-04 -4.8000000000000370e-04 0.0000000000000000e+00 0.0000000000000000e+00 1.7713008878401202e+00 1.5859793245814145e-06
1.5529701772127268e-04 -5.0000000000000402e-04 0.0000000000000000e+00 0.0000000000000000e+00 1.7713005379633644e+00 1.7208981529530380e-06
1.6150889843012358e-04 -5.2000000000000429e-04 0.0000000000000000e+00 0.0000000000000000e+00 1.7713001880885091e+00 1.8613239271467687e-06
1.6772077913897448e-04 -5.4000000000000445e-04 0.0000000000000000e+00 0.0000000000000000e+00 1.7712998382160143e+00 2.0072566514665642e-06
1.7393265984782537e-04 -5.6000000000000450e-04 0.0000000000000000e+00 0.0000000000000000e+00 1.7712994883453677e+00 2.1586963302163849e-06
1.8014454055667627e-04 -5.8000000000000467e-04 0.0000000000000000e+00 0.0000000000000000e+00 1.7712991384761070e+00 2.3156429677001913e-06
1.8635642126552717e-04 -6.0000000000000504e-04 0.0000000000000000e+00 0.0000000000000000e+00 1.7712987886082885e+00 2.4780965682219437e-06
1.9256830197437807e-04 -6.2000000000000520e-04 0.0000000000000000e+00 0.0000000000000000e+00 1.7712984387421027e+00 2.6460571360855989e-06
1.9878018268322897e-04 -6.4000000000000536e-04 0.0000000000000000e+00 0.0000000000000000e+00 1.7712980888783807e+00 2.8195246755951166e-06
2.0499206339207987e-04 -6.6000000000000553e-04 0.0000000000000000e+00 0.0000000000000000e+00 1.7712977390176980e+00 2.9984991910544578e-06
2.1120394410093076e-04 -6.8000000000000590e-04 0.0000000000000000e+00 0.0000000000000000e+00 1.7712973891579840e+00 3.1829806867675824e-06
2.1741582480978166e-04 -7.0000000000000628e-04 0.0000000000000000e+00 0.0000000000000000e+00 1.7712970392992806e+00 3.3729691670384487e-06
2.2362770551863256e-04 -7.2000000000000688e-04 0.0000000000000000e+00 0.0000000000000000e+00 1.7712966894433078e+00 3.5684646361710192e-06
2.2983958622748346e-04 -7.4000000000000780e-04 0.0000000000000000e+00 0.0000000000000000e+00 1.7712963395901931e+00 3.7694670984692520e-06
2.3605146693633436e-04 -7.6000000000000850e-04 0.0000000000000000e+00 0.0000000000000000e+00 1.7712959897374601e+00 3.9759765582371036e-06
2.4226334764518526e-04 -7.8000000000000920e-04 0.0000000000000000e+00 0.0000000000000000e+00 1.7712956398867934e+00 4.1879930197785357e-06
2.4847522835403616e-04 -8.0000000000000958e-04 0.0000000000000000e+00 0.0000000000000000e+00 1.7712952900394188e+00 4.4055164873975022e-06
2.5468710906288705e-04 -8.2000000000001028e-04 0.0000000000000000e+00 0.0000000000000000e+00 1.7712949401923181e+00 4.6285469653979698e-06
2.6089898977173795e-04 -8.4000000000001077e-04 0.0000000000000000e+00 0.0000000000000000e+00 1.7712945903476962e+00 4.8570844580838942e-06
2.6711087048058885e-04 -8.6000000000001104e-04 0.0000000000000000e+00 0.0000000000000000e+00 1.7712942405057304e+00 5.0911289697592335e-06
2.7332275118943975e-04 -8.8000000000001163e-04 0.0000000000000000e+00 0.0000000000000000e+00 1.7712938906641700e+00 5.3306805047279512e-06
2.7953463189829065e-04 -9.0000000000001223e-04 0.0000000000000000e+00 0.0000000000000000e+00 1.7712935408262229e+00 5.5757390672940062e-06
2.8574651260714155e-04 -9.2000000000001293e-04 0.0000000000000000e+00 0.0000000000000000e+00 1.7712931909888219e+00 5.8263046617613576e-06
2.9195839331599244e-04 -9.4000000000001331e-04 0.0000000000000000e+00 0.0000000000000000e+00 1.7712928411538051e+00 6.0823772924339602e-06
2.9817027402484334e-04 -9.6000000000001369e-04 0.0000000000000000e+00 0.0000000000000000e+00 1.7712924913210264e+00 6.3439569636157773e-06
3.0438215473369424e-04 -9.8000000000001363e-04 0.0000000000000000e+00 0.0000000000000000e+00 1.7712921414892275e+00 6.6110436796107612e-06
3.1059403544254514e-04 -1.0000000000000130e-03 0.0000000000000000e+00 0.0000000000000000e+00 1.7712917916607114e+00 6.8836374447228727e-06
3.1680591615139604e-04 -1.0200000000000124e-03 0.0000000000000000e+00 0.0000000000000000e+00 1.7712914418325598e+00 7.1617382632560750e-06
3.2301779686024694e-04 -1.0400000000000121e-03 0.0000000000000000e+00 0.0000000000000000e+00 1.7712910920078908e+00 7.4453461395143322e-06
3.2922967756909784e-04 -1.0600000000000119e-03 0.0000000000000000e+00 0.0000000000000000e+00 1.7712907421835662e+00 7.7344610778016010e-06
3.3544155827794873e-04 -1.0800000000000115e-03 0.0000000000000000e+00 0.0000000000000000e+00 1.7712903923626622e+00 8.0290830824218395e-06
3.4165343898679963e-04 -1.1000000000000111e-03 0.0000000000000000e+00 0.0000000000000000e+00 1.7712900425421740e+00 8.3292121576790059e-06
3.4786531969565053e-04 -1.1200000000000103e-03 0.0000000000000000e+00 0.0000000000000000e+00 1.7712896927250514e+00 8.6348483078770593e-06
3.5407720040450143e-04 -1.1400000000000097e-03 0.0000000000000000e+00 0.0000000000000000e+00 1.7712893429084098e+00 8.9459915373199587e-06
3.6028908111335233e-04 -1.1600000000000089e-03 0.0000000000000000e+00 0.0000000000000000e+00 1.7712889930950646e+00 9.2626418503116683e-06
3.6650096182220323e-04 -1.1800000000000076e-03 0.0000000000000000e+00 0.0000000000000000e+00 1.7712886432822421e+00 9.5847992511561353e-06
3.7271284253105413e-04 -1.2000000000000062e-03 0.0000000000000000e+00 0.0000000000000000e+00 1.7712882934726761e+00 9.9124637441573255e-06
3.7892472323990502e-04 -1.2200000000000049e-03 0.0000000000000000e+00 0.0000000000000000e+00 1.7712879436637088e+00 1.0245635333619208e-05
3.8513660394875592e-04 -1.2400000000000033e-03 0.0000000000000000e+00 0.0000000000000000e+00 1.7712875938578718e+00 1.0584314023845725e-05
3.9134848465760682e-04 -1.2600000000000016e-03 0.0000000000000000e+00 0.0000000000000000e+00 1.7712872440529386e+00 1.0928499819140846e-05
3.9756036536645772e-04 -1.2799999999999999e-03 0.0000000000000000e+00 0.0000000000000000e+00 1.7712868942505997e+00 1.1278192723808533e-05
4.0377224607530862e-04 -1.2999999999999978e-03 0.0000000000000000e+00 0.0000000000000000e+00 1.7712865444499317e+00 1.1633392742152736e-05
4.0998412678415952e-04 -1.3199999999999961e-03 0.0000000000000000e+00 0.0000000000000000e+00 1.7712861946508835e+00 1.1994099878477429e-05
4.1619600749301041e-04 -1.3399999999999944e-03 0.0000000000000000e+00 0.0000000000000000e+00 1.7712858448544695e+00 1.2360314137086564e-05
4.2240788820186131e-04 -1.3599999999999927e-03 0.0000000000000000e+00 0.0000000000000000e+00 1.7712854950588872e+00 1.2732035522284098e-05
4.2861976891071221e-04 -1.3799999999999908e-03 0.0000000000000000e+00 0.0000000000000000e+00 1.7712851452663660e+00 1.3109264038373992e-05
4.3483164961956311e-04 -1.3999999999999889e-03 0.0000000000000000e+00 0.0000000000000000e+00 1.7712847954747846e+00 1.3491999689660205e-05
4.4104353032841401e-04 -1.4199999999999866e-03 0.0000000000000000e+00 0.0000000000000000e+00 1.7712844456856891e+00 1.3880242480446691e-05
4.4725541103726491e-04 -1.4399999999999843e-03 0.0000000000000000e+00 0.0000000000000000e+00 1.7712840958985190e+00 1.4273992415037417e-05
4.5346729174611581e-04 -1.4599999999999819e-03 0.0000000000000000e+00 0.0000000000000000e+00 1.7712837461126230e+00 1.4673249497736337e-05
4.5967917245496670e-04 -1.4799999999999796e-03 0.0000000000000000e+00 0.0000000000000000e+00 1.7712833963295889e+00 1.5078013732847420e-05
4.6589105316381760e-04 -1.4999999999999777e-03 0.0000000000000000e+00 0.0000000000000000e+00 1.7712830465475280e+00 1.5488285124674625e-05
4.7210293387266850e-04 -1.5199999999999756e-03 0.0000000000000000e+00 0.0000000000000000e+00 1.7712826967679651e+00 1.5904063677521903e-05
4.7831481458151940e-04 -1.5399999999999737e-03 0.0000000000000000e+00 0.0000000000000000e+00 1.7712823469903689e+00 1.6325349395693222e-05
4.8452669529037030e-04 -1.5599999999999718e-03 0.0000000000000000e+00 0.0000000000000000e+00 1.7712819972139444e+00 1.6752142283492536e-05
4.9073857599922120e-04 -1.5799999999999697e-03 0.0000000000000000e+00 0.0000000000000000e+00 1.7712816474403601e+00 1.7184442345223805e-05
4.9695045670807209e-04 -1.5999999999999678e-03 0.0000000000000000e+00 0.0000000000000000e+00 1.7712812976680874e+00 1.7622249585190983e-05
5.0316233741692299e-04 -1.6199999999999654e-03 0.0000000000000000e+00 0.0000000000000000e+00 1.7712809478976719e+00 1.8065564007698035e-05
5.0937421812577389e-04 -1.6399999999999629e-03 0.0000000000000000e+00 0.0000000000000000e+00 1.7712805981297857e+00 1.8514385617048915e-05
5.1558609883462479e-04 -1.6599999999999610e-03 0.0000000000000000e+00 0.0000000000000000e+00 1.7712802483629937e+00 1.8968714417547597e-05
5.2179797954347569e-04 -1.6799999999999595e-03 0.0000000000000000e+00 0.0000000000000000e+00 1.7712798985985985e+00 1.9428550413498045e-05
5.2800986025232659e-04 -1.6999999999999583e-03 0.0000000000000000e+00 0.0000000000000000e+00 1.7712795488363107e+00 1.9893893609204205e-05
5.3422174096117749e-04 -1.7199999999999568e-03 0.0000000000000000e+00 0.0000000000000000e+00 1.7712791990751724e+00 2.0364744008970037e-05
5.4043362167002838e-04 -1.7399999999999549e-03 0.0000000000000000e+00 0.0000000000000000e+00 1.7712788493165970e+00 2.0841101617099486e-05
5.4664550237887928e-04 -1.7599999999999543e-03 0.0000000000000000e+00 0.0000000000000000e+00 1.7712784995599589e+00 2.1322966437896558e-05
5.5285738308773018e-04 -1.7799999999999535e-03 0.0000000000000000e+00 0.0000000000000000e+00 1.7712781498045214e+00 2.1810338475665173e-05
5.5906926379658108e-04 -1.7999999999999531e-03 0.0000000000000000e+00 0.0000000000000000e+00 1.7712778000517200e+00 2.2303217734709304e-05
5.6528114450543198e-04 -1.8199999999999529e-03 0.0000000000000000e+00 0.0000000000000000e+00 1.7712774503007369e+00 2.2801604219332913e-05
5.7149302521428288e-04 -1.8399999999999534e-03 0.0000000000000000e+00 0.0000000000000000e+00 1.7712771005510493e+00 2.3305497933839968e-05
5.7770490592313377e-04 -1.8599999999999548e-03 0.0000000000000000e+00 0.0000000000000000e+00 1.7712767508039298e+00 2.3814898882534425e-05
5.8391678663198467e-04 -1.8799999999999555e-03 0.0000000000000000e+00 0.0000000000000000e+00 1.7712764010586717e+00 2.4329807069720222e-05
5.9012866734083557e-04 -1.8999999999999558e-03 0.0000000000000000e+00 0.0000000000000000e+00 1.7712760513147050e+00 2.4850222499701315e-05
5.9634054804968647e-04 -1.9199999999999567e-03 0.0000000000000000e+00 0.0000000000000000e+00 1.7712757015732756e+00 2.5376145176781684e-05
6.0255242875853737e-04 -1.9399999999999572e-03 0.0000000000000000e+00 0.0000000000000000e+00 1.7712753518337510e+00 2.5907575105265274e-05
6.0876430946738827e-04 -1.9599999999999570e-03 0.0000000000000000e+00 0.0000000000000000e+00 1.7712750020955477e+00 2.6444512289456027e-05
6.1497619017623917e-04 -1.9799999999999571e-03 0.0000000000000000e+00 0.0000000000000000e+00 1.7712746523596972e+00 2.6986956733657933e-05
6.2118807088509006e-04 -1.9999999999999575e-03 0.0000000000000000e+00 0.0000000000000000e+00 1.7712743026259545e+00 2.7534908442174964e-05
