8.6491106406735161e-06 -2.0000000000000019e-05 0.0000000000000000e+00 0.0000000000000000e+00 1.6310489262500074e+00 3.4971229117898823e-09
1.7298221281347032e-05 -4.0000000000000024e-05 0.0000000000000000e+00 0.0000000000000000e+00 1.6310485567491126e+00 1.3988496348801951e-08
2.5947331922020550e-05 -5.9999999999999968e-05 0.0000000000000000e+00 0.0000000000000000e+00 1.6310481872132305e+00 3.1474127363499794e-08
3.4596442562694071e-05 -7.9999999999999885e-05 0.0000000000000000e+00 0.0000000000000000e+00 1.6310478176709182e+00 5.5954023008347037e-08
4.3245553203367592e-05 -9.9999999999999707e-05 0.0000000000000000e+00 0.0000000000000000e+00 1.6310474481333459e+00 8.7428190335807213e-08
5.1894663844041114e-05 -1.1999999999999945e-04 0.0000000000000000e+00 0.0000000000000000e+00 1.6310470786028486e+00 1.2589663639834388e-07
6.0543774484714635e-05 -1.3999999999999928e-04 0.0000000000000000e+00 0.0000000000000000e+00 1.6310467090664118e+00 1.7135936824842100e-07
6.9192885125388156e-05 -1.5999999999999906e-04 0.0000000000000000e+00 0.0000000000000000e+00 1.6310463395378765e+00 2.2381639293850196e-07
7.7841995766061677e-05 -1.7999999999999904e-04 0.0000000000000000e+00 0.0000000000000000e+00 1.6310459700032189e+00 2.8326771752105105e-07
8.6491106406735198e-05 -1.9999999999999909e-04 0.0000000000000000e+00 0.0000000000000000e+00 1.6310456004734903e+00 3.4971334904853155e-07
9.5140217047408719e-05 -2.1999999999999898e-04 0.0000000000000000e+00 0.0000000000000000e+00 1.6310452309449031e+00 4.2315329457340669e-07
1.0378932768808224e-04 -2.3999999999999900e-04 0.0000000000000000e+00 0.0000000000000000e+00 1.6310448614192099e+00 5.0358756114814089e-07
1.1243843832875576e-04 -2.5999999999999906e-04 0.0000000000000000e+00 0.0000000000000000e+00 1.6310444918940787e+00 5.9101615582519727e-07
1.2108754896942928e-04 -2.7999999999999916e-04 0.0000000000000000e+00 0.0000000000000000e+00 1.6310441223668359e+00 6.8543908565704011e-07
1.2973665961010279e-04 -2.9999999999999943e-04 0.0000000000000000e+00 0.0000000000000000e+00 1.6310437528457191e+00 7.8685635769613319e-07
1.3838577025077628e-04 -3.1999999999999943e-04 0.0000000000000000e+00 0.0000000000000000e+00 1.6310433833213724e+00 8.9526797899493826e-07
1.4703488089144978e-04 -3.3999999999999932e-04 0.0000000000000000e+00 0.0000000000000000e+00 1.6310430138010119e+00 1.0106739566059194e-06
1.5568399153212327e-04 -3.5999999999999894e-04 0.0000000000000000e+00 0.0000000000000000e+00 1.6310426442826591e+00 1.1330742975815398e-06
1.6433310217279677e-04 -3.7999999999999818e-04 0.0000000000000000e+00 0.0000000000000000e+00 1.6310422747635038e+00 1.2624690089742615e-06
1.7298221281347026e-04 -3.9999999999999747e-04 0.0000000000000000e+00 0.0000000000000000e+00 1.6310419052454683e+00 1.3988580978365511e-06
1.8163132345414376e-04 -4.1999999999999676e-04 0.0000000000000000e+00 0.0000000000000000e+00 1.6310415357296100e+00 1.5422415712208718e-06
1.9028043409481725e-04 -4.3999999999999617e-04 0.0000000000000000e+00 0.0000000000000000e+00 1.6310411662154252e+00 1.6926194361796882e-06
1.9892954473549074e-04 -4.5999999999999584e-04 0.0000000000000000e+00 0.0000000000000000e+00 1.6310407967025802e+00 1.8499916997654642e-06
2.0757865537616424e-04 -4.7999999999999508e-04 0.0000000000000000e+00 0.0000000000000000e+00 1.6310404271905505e+00 2.0143583690306590e-06
2.1622776601683773e-04 -4.9999999999999426e-04 0.0000000000000000e+00 0.0000000000000000e+00 1.6310400576800748e+00 2.1857194510277399e-06
2.2487687665751123e-04 -5.1999999999999302e-04 0.0000000000000000e+00 0.0000000000000000e+00 1.6310396881704967e+00 2.3640749528091652e-06
2.3352598729818472e-04 -5.3999999999999155e-04 0.0000000000000000e+00 0.0000000000000000e+00 1.6310393186625611e+00 2.5494248814274023e-06
2.4217509793885821e-04 -5.5999999999998965e-04 0.0000000000000000e+00 0.0000000000000000e+00 1.6310389491560098e+00 2.7417692439349110e-06
2.5082420857953171e-04 -5.7999999999998829e-04 0.0000000000000000e+00 0.0000000000000000e+00 1.6310385796512501e+00 2.9411080473841639e-06
2.5947331922020520e-04 -5.9999999999998629e-04 0.0000000000000000e+00 0.0000000000000000e+00 1.6310382101477343e+00 3.1474412988276145e-06
2.6812242986087870e-04 -6.1999999999998363e-04 0.0000000000000000e+00 0.0000000000000000e+00 1.6310378406449193e+00 3.3607690053177256e-06
2.7677154050155219e-04 -6.3999999999998151e-04 0.0000000000000000e+00 0.0000000000000000e+00 1.6310374711430424e+00 3.5810911739069723e-06
2.8542065114222568e-04 -6.5999999999997940e-04 0.0000000000000000e+00 0.0000000000000000e+00 1.6310371016423675e+00 3.8084078116478115e-06
2.9406976178289918e-04 -6.7999999999997674e-04 0.0000000000000000e+00 0.0000000000000000e+00 1.6310367321439905e+00 4.0427189255927039e-06
3.0271887242357267e-04 -6.9999999999997473e-04 0.0000000000000000e+00 0.0000000000000000e+00 1.6310363626470843e+00 4.2840245227941228e-06
3.1136798306424617e-04 -7.1999999999997327e-04 0.0000000000000000e+00 0.0000000000000000e+00 1.6310359931501546e+00 4.5323246103045345e-06
3.2001709370491966e-04 -7.3999999999997169e-04 0.0000000000000000e+00 0.0000000000000000e+00 1.6310356236549965e+00 4.7876191951763929e-06
3.2866620434559315e-04 -7.5999999999996979e-04 0.0000000000000000e+00 0.0000000000000000e+00 1.6310352541623327e+00 5.0499082844621587e-06
3.3731531498626665e-04 -7.7999999999996844e-04 0.0000000000000000e+00 0.0000000000000000e+00 1.6310348846697860e+00 5.3191918852143077e-06
3.4596442562694014e-04 -7.9999999999996784e-04 0.0000000000000000e+00 0.0000000000000000e+00 1.6310345151781347e+00 5.5954700044853068e-06
3.5461353626761364e-04 -8.1999999999996778e-04 0.0000000000000000e+00 0.0000000000000000e+00 1.6310341456892479e+00 5.8787426493276164e-06
3.6326264690828713e-04 -8.3999999999996762e-04 0.0000000000000000e+00 0.0000000000000000e+00 1.6310337762006026e+00 6.1690098267936915e-06
3.7191175754896062e-04 -8.5999999999996789e-04 0.0000000000000000e+00 0.0000000000000000e+00 1.6310334067131704e+00 6.4662715439360053e-06
3.8056086818963412e-04 -8.7999999999996826e-04 0.0000000000000000e+00 0.0000000000000000e+00 1.6310330372281165e+00 6.7705278078070144e-06
3.8920997883030761e-04 -8.9999999999996951e-04 0.0000000000000000e+00 0.0000000000000000e+00 1.6310326677429581e+00 7.0817786254591956e-06
3.9785908947098111e-04 -9.1999999999996989e-04 0.0000000000000000e+00 0.0000000000000000e+00 1.6310322982603829e+00 7.4000240039449883e-06
4.0650820011165460e-04 -9.3999999999996929e-04 0.0000000000000000e+00 0.0000000000000000e+00 1.6310319287783679e+00 7.7252639503168524e-06
4.1515731075232810e-04 -9.5999999999996945e-04 0.0000000000000000e+00 0.0000000000000000e+00 1.6310315592974667e+00 8.0574984716272758e-06
4.2380642139300159e-04 -9.7999999999996896e-04 0.0000000000000000e+00 0.0000000000000000e+00 1.6310311898188126e+00 8.3967275749287046e-06
4.3245553203367508e-04 -9.9999999999996923e-04 0.0000000000000000e+00 0.0000000000000000e+00 1.6310308203401831e+00 8.7429512672736233e-06
4.4110464267434858e-04 -1.0199999999999699e-03 0.0000000000000000e+00 0.0000000000000000e+00 1.6310304508642774e+00 9.0961695557144859e-06
4.4975375331502207e-04 -1.0399999999999702e-03 0.0000000000000000e+00 0.0000000000000000e+00 1.6310300813883487e+00 9.4563824473037513e-06
4.5840286395569557e-04 -1.0599999999999705e-03 0.0000000000000000e+00 0.0000000000000000e+00 1.6310297119149344e+00 9.8235899490938819e-06
4.6705197459636906e-04 -1.0799999999999705e-03 0.0000000000000000e+00 0.0000000000000000e+00 1.6310293424416253e+00 1.0197792068137340e-05
4.7570108523704255e-04 -1.0999999999999706e-03 0.0000000000000000e+00 0.0000000000000000e+00 1.6310289729707357e+00 1.0578988811486595e-05
4.8435019587771605e-04 -1.1199999999999698e-03 0.0000000000000000e+00 0.0000000000000000e+00 1.6310286035002302e+00 1.0967180186194096e-05
4.9299930651838949e-04 -1.1399999999999689e-03 0.0000000000000000e+00 0.0000000000000000e+00 1.6310282340319207e+00 1.1362366199312316e-05
5.0164841715906287e-04 -1.1599999999999679e-03 0.0000000000000000e+00 0.0000000000000000e+00 1.6310278645638625e+00 1.1764546857893717e-05
5.1029752779973626e-04 -1.1799999999999658e-03 0.0000000000000000e+00 0.0000000000000000e+00 1.6310274950982362e+00 1.2173722168990749e-05
5.1894663844040964e-04 -1.1999999999999626e-03 0.0000000000000000e+00 0.0000000000000000e+00 1.6310271256328437e+00 1.2589892139655873e-05
5.2759574908108303e-04 -1.2199999999999587e-03 0.0000000000000000e+00 0.0000000000000000e+00 1.6310267561698213e+00 1.3013056776941559e-05
5.3624485972175642e-04 -1.2399999999999560e-03 0.0000000000000000e+00 0.0000000000000000e+00 1.6310263867069976e+00 1.3443216087900306e-05
5.4489397036242980e-04 -1.2599999999999539e-03 0.0000000000000000e+00 0.0000000000000000e+00 1.6310260172465936e+00 1.3880370079584568e-05
5.5354308100310319e-04 -1.2799999999999504e-03 0.0000000000000000e+00 0.0000000000000000e+00 1.6310256477864029e+00 1.4324518759046769e-05
5.6219219164377657e-04 -1.2999999999999466e-03 0.0000000000000000e+00 0.0000000000000000e+00 1.6310252783284824e+00 1.4775662133339392e-05
5.7084130228444996e-04 -1.3199999999999417e-03 0.0000000000000000e+00 0.0000000000000000e+00 1.6310249088711339e+00 1.5233800209514887e-05
5.7949041292512334e-04 -1.3399999999999376e-03 0.0000000000000000e+00 0.0000000000000000e+00 1.6310245394155858e+00 1.5698932994625756e-05
5.8813952356579673e-04 -1.3599999999999348e-03 0.0000000000000000e+00 0.0000000000000000e+00 1.6310241699613093e+00 1.6171060495724469e-05
5.9678863420647012e-04 -1.3799999999999321e-03 0.0000000000000000e+00 0.0000000000000000e+00 1.6310238005078939e+00 1.6650182719863469e-05
6.0543774484714350e-04 -1.3999999999999286e-03 0.0000000000000000e+00 0.0000000000000000e+00 1.6310234310564748e+00 1.7136299674095204e-05
6.1408685548781689e-04 -1.4199999999999257e-03 0.0000000000000000e+00 0.0000000000000000e+00 1.6310230616054497e+00 1.7629411365472160e-05
6.2273596612849027e-04 -1.4399999999999235e-03 0.0000000000000000e+00 0.0000000000000000e+00 1.6310226921566360e+00 1.8129517801046810e-05
6.3138507676916366e-04 -1.4599999999999201e-03 0.0000000000000000e+00 0.0000000000000000e+00 1.6310223227085217e+00 1.8636618987871568e-05
6.4003418740983704e-04 -1.4799999999999169e-03 0.0000000000000000e+00 0.0000000000000000e+00 1.6310219532619556e+00 1.9150714932998942e-05
6.4868329805051043e-04 -1.4999999999999096e-03 0.0000000000000000e+00 0.0000000000000000e+00 1.6310215838169839e+00 1.9671805643481281e-05
6.5733240869118382e-04 -1.5199999999999038e-03 0.0000000000000000e+00 0.0000000000000000e+00 1.6310212143725187e+00 2.0199891126371181e-05
6.6598151933185720e-04 -1.5399999999998976e-03 0.0000000000000000e+00 0.0000000000000000e+00 1.6310208449302623e+00 2.0734971388721063e-05
6.7463062997253059e-04 -1.5599999999998920e-03 0.0000000000000000e+00 0.0000000000000000e+00 1.6310204754887057e+00 2.1277046437583420e-05
6.8327974061320397e-04 -1.5799999999998877e-03 0.0000000000000000e+00 0.0000000000000000e+00 1.6310201060485190e+00 2.1826116280010723e-05
6.9192885125387736e-04 -1.5999999999998821e-03 0.0000000000000000e+00 0.0000000000000000e+00 1.6310197366101260e+00 2.2382180923055383e-05
7.0057796189455074e-04 -1.6199999999998754e-03 0.0000000000000000e+00 0.0000000000000000e+00 1.6310193671722573e+00 2.2945240373769857e-05
7.0922707253522413e-04 -1.6399999999998677e-03 0.0000000000000000e+00 0.0000000000000000e+00 1.6310189977363470e+00 2.3515294639206616e-05
7.1787618317589751e-04 -1.6599999999998602e-03 0.0000000000000000e+00 0.0000000000000000e+00 1.6310186283016683e+00 2.4092343726418157e-05
7.2652529381657090e-04 -1.6799999999998537e-03 0.0000000000000000e+00 0.0000000000000000e+00 1.6310182588677167e+00 2.4676387642456958e-05
7.3517440445724429e-04 -1.6999999999998464e-03 0.0000000000000000e+00 0.0000000000000000e+00 1.6310178894357932e+00 2.5267426394375436e-05
7.4382351509791767e-04 -1.7199999999998382e-03 0.0000000000000000e+00 0.0000000000000000e+00 1.6310175200048316e+00 2.5865459989226051e-05
7.5247262573859106e-04 -1.7399999999998315e-03 0.0000000000000000e+00 0.0000000000000000e+00 1.6310171505749962e+00 2.6470488434061347e-05
7.6112173637926444e-04 -1.7599999999998244e-03 0.0000000000000000e+00 0.0000000000000000e+00 1.6310167811470133e+00 2.7082511735933714e-05
7.6977084701993783e-04 -1.7799999999998173e-03 0.0000000000000000e+00 0.0000000000000000e+00 1.6310164117198922e+00 2.7701529901895635e-05
7.7841995766061121e-04 -1.7999999999998100e-03 0.0000000000000000e+00 0.0000000000000000e+00 1.6310160422940301e+00 2.8327542938999567e-05
7.8706906830128460e-04 -1.8199999999998044e-03 0.0000000000000000e+00 0.0000000000000000e+00 1.6310156728699388e+00 2.8960550854298029e-05
7.9571817894195799e-04 -1.8399999999997988e-03 0.0000000000000000e+00 0.0000000000000000e+00 1.6310153034466230e+00 2.9600553654843442e-05
8.0436728958263137e-04 -1.8599999999997930e-03 0.0000000000000000e+00 0.0000000000000000e+00 1.6310149340247220e+00 3.0247551347688259e-05
8.1301640022330476e-04 -1.8799999999997870e-03 0.0000000000000000e+00 0.0000000000000000e+00 1.6310145646045522e+00 3.0901543939884949e-05
8.2166551086397814e-04 -1.8999999999997827e-03 0.0000000000000000e+00 0.0000000000000000e+00 1.6310141951851653e+00 3.1562531438486012e-05
8.3031462150465153e-04 -1.9199999999997802e-03 0.0000000000000000e+00 0.0000000000000000e+00 1.6310138257672266e+00 3.2230513850543937e-05
8.3896373214532491e-04 -1.9399999999997774e-03 0.0000000000000000e+00 0.0000000000000000e+00 1.6310134563509495e+00 3.2905491183111122e-05
8.4761284278599830e-04 -1.9599999999997727e-03 0.0000000000000000e+00 0.0000000000000000e+00 1.6310130869355657e+00 3.3587463443239983e-05
8.5626195342667169e-04 -1.9799999999997671e-03 0.0000000000000000e+00 0.0000000000000000e+00 1.6310127175213920e+00 3.4276430637983005e-05
8.6491106406734507e-04 -1.9999999999997615e-03 0.0000000000000000e+00 0.0000000000000000e+00 1.6310123481090752e+00 3.4972392774392685e-05
