8.5626195342667169e-04 -1.9799999999998309e-03 0.0000000000000000e+00 0.0000000000000000e+00 1.6310412407975277e+00 3.4275541257456125e-05
8.6491106406734507e-04 -1.9999999999998300e-03 0.0000000000000000e+00 0.0000000000000000e+00 1.6310411594369838e+00 3.4971476169792684e-05
8.7572245236818675e-04 -2.0249999999998277e-03 0.0000000000000000e+00 0.0000000000000000e+00 1.6310410577358028e+00 3.5851230683646447e-05
8.9734522896987010e-04 -2.0749999999998222e-03 0.0000000000000000e+00 0.0000000000000000e+00 1.6310408543342938e+00 3.7643525967655922e-05
9.4059078217323682e-04 -2.1749999999998125e-03 0.0000000000000000e+00 0.0000000000000000e+00 1.6310404475317075e+00 4.1359261645803502e-05
1.0270818885799702e-03 -2.3749999999997931e-03 0.0000000000000000e+00 0.0000000000000000e+00 1.6310396339320299e+00 4.9315314121978860e-05
1.2000641013934371e-03 -2.7749999999997547e-03 0.0000000000000000e+00 0.0000000000000000e+00 1.6310380067515309e+00 6.7325748988776473e-05
1.5460285270203708e-03 -3.5749999999996765e-03 0.0000000000000000e+00 0.0000000000000000e+00 1.6310347524667859e+00 1.1173998185956792e-04
2.2379573782742379e-03 -5.1749999999995211e-03 0.0000000000000000e+00 0.0000000000000000e+00 1.6310282442007189e+00 2.3414224798520727e-04
3.6218150807819723e-03 -8.3749999999992095e-03 0.0000000000000000e+00 0.0000000000000000e+00 1.6310152288845732e+00 6.1324476445488057e-04
6.3895304857974414e-03 -1.4774999999998597e-02 0.0000000000000000e+00 0.0000000000000000e+00 1.6309892031114825e+00 1.9086639957251596e-03
1.1924961295828380e-02 -2.7574999999997372e-02 0.0000000000000000e+00 0.0000000000000000e+00 1.6309371709768736e+00 6.6485373432482661e-03
2.2995822915890259e-02 -5.3174999999994969e-02 0.0000000000000000e+00 0.0000000000000000e+00 1.6308331841472015e+00 2.4725848311495248e-02
4.5137546156014015e-02 -1.0437499999999010e-01 0.0000000000000000e+00 0.0000000000000000e+00 1.6306255185941063e+00 9.5282125206956503e-02
8.9420992636261520e-02 -2.0677499999998045e-01 0.0000000000000000e+00 0.0000000000000000e+00 1.6302114067927860e+00 3.7409248176306314e-01
1.7798788559675655e-01 -4.1157499999996155e-01 0.0000000000000000e+00 0.0000000000000000e+00 1.6293879568996981e+00 1.4832338693705336e+00
