8.5626195342667169e-04 -1.9800000000002654e-03 0.0000000000000000e+00 0.0000000000000000e+00 1.6310070137999935e+00 3.4276608514104010e-05
8.6491106406734507e-04 -2.0000000000002663e-03 0.0000000000000000e+00 0.0000000000000000e+00 1.6310065867962704e+00 3.4972576095328712e-05
8.7572245236818675e-04 -2.0250000000002683e-03 0.0000000000000000e+00 0.0000000000000000e+00 1.6310060530434822e+00 3.5852372374128245e-05
8.9734522896987010e-04 -2.0750000000002745e-03 0.0000000000000000e+00 0.0000000000000000e+00 1.6310049855466253e+00 3.7644754333128927e-05
9.4059078217323682e-04 -2.1750000000002869e-03 0.0000000000000000e+00 0.0000000000000000e+00 1.6310028505848522e+00 4.1360676302570163e-05
1.0270818885799702e-03 -2.3750000000003122e-03 0.0000000000000000e+00 0.0000000000000000e+00 1.6309985807927987e+00 4.9317156013882466e-05
1.2000641013934371e-03 -2.7750000000003622e-03 0.0000000000000000e+00 0.0000000000000000e+00 1.6309900417314127e+00 6.7328687059588276e-05
1.5460285270203708e-03 -3.5750000000004645e-03 0.0000000000000000e+00 0.0000000000000000e+00 1.6309729656994703e+00 1.1174626391022178e-04
2.2379573782742379e-03 -5.1750000000006713e-03 0.0000000000000000e+00 0.0000000000000000e+00 1.6309388219900161e+00 2.3416130278354941e-04
3.6218150807819723e-03 -8.3750000000010899e-03 0.0000000000000000e+00 0.0000000000000000e+00 1.6308705679330051e+00 6.1332553029983482e-04
6.3895304857974414e-03 -1.4775000000001917e-02 0.0000000000000000e+00 0.0000000000000000e+00 1.6307341927977039e+00 1.9091074570620225e-03
1.1924961295828380e-02 -2.7575000000003565e-02 0.0000000000000000e+00 0.0000000000000000e+00 1.6304619707212671e+00 6.6514201787136575e-03
2.2995822915890259e-02 -5.3175000000006890e-02 0.0000000000000000e+00 0.0000000000000000e+00 1.6299196098458997e+00 2.4746520944196347e-02
4.5137546156014015e-02 -1.0437500000001364e-01 0.0000000000000000e+00 0.0000000000000000e+00 1.6288429894697141e+00 9.5438462561242346e-02
8.9420992636261520e-02 -2.0677500000002702e-01 0.0000000000000000e+00 0.0000000000000000e+00 1.6267203656921194e+00 3.7530801651855861e-01
1.7798788559675655e-01 -4.1157500000005348e-01 0.0000000000000000e+00 0.0000000000000000e+00 1.6225842408102671e+00 1.4928194903573053e+00
