3.2385284013666983e-04 -1.9800000000000989e-03 0.0000000000000000e+00 0.0000000000000000e+00 1.9273731586694793e+00 2.1412944885925549e-05
3.2712408094613113e-04 -2.0000000000001024e-03 0.0000000000000000e+00 0.0000000000000000e+00 1.9273730711944064e+00 2.1847715461779647e-05
3.3121313195795776e-04 -2.0250000000001066e-03 0.0000000000000000e+00 0.0000000000000000e+00 1.9273729618509405e+00 2.2397323411227821e-05
3.3939123398161103e-04 -2.0750000000001154e-03 0.0000000000000000e+00 0.0000000000000000e+00 1.9273727431653502e+00 2.3517021746942970e-05
3.5574743802891756e-04 -2.1750000000001330e-03 0.0000000000000000e+00 0.0000000000000000e+00 1.9273723057999239e+00 2.5838348200404903e-05
3.8845984612353063e-04 -2.3750000000001686e-03 0.0000000000000000e+00 0.0000000000000000e+00 1.9273714310954169e+00 3.0808720513506701e-05
4.5388466231275677e-04 -2.7750000000002395e-03 0.0000000000000000e+00 0.0000000000000000e+00 1.9273696817864119e+00 4.2060344988833522e-05
5.8473429469120910e-04 -3.5750000000003817e-03 0.0000000000000000e+00 0.0000000000000000e+00 1.9273661835712115e+00 6.9807131131272186e-05
8.4643355944811376e-04 -5.1750000000006660e-03 0.0000000000000000e+00 0.0000000000000000e+00 1.9273591887524670e+00 1.4627499454562622e-04
1.3698320889619230e-03 -8.3750000000012356e-03 0.0000000000000000e+00 0.0000000000000000e+00 1.9273452055509024e+00 3.8310902479093425e-04
2.4166291479895416e-03 -1.4775000000002373e-02 0.0000000000000000e+00 0.0000000000000000e+00 1.9273172648278114e+00 1.1923794101374942e-03
4.5102232660447789e-03 -2.7575000000004648e-02 0.0000000000000000e+00 0.0000000000000000e+00 1.9272614855828012e+00 4.1534023697707484e-03
8.6974115021552535e-03 -5.3175000000009194e-02 0.0000000000000000e+00 0.0000000000000000e+00 1.9271503317728755e+00 1.5445960160928647e-02
1.7071787974376203e-02 -1.0437500000001822e-01 0.0000000000000000e+00 0.0000000000000000e+00 1.9269296102761775e+00 5.9517788159856783e-02
3.3820540918818101e-02 -2.0677500000003629e-01 0.0000000000000000e+00 0.0000000000000000e+00 1.9264942571641552e+00 2.3364561325653749e-01
6.7318046807701898e-02 -4.1157500000007241e-01 0.0000000000000000e+00 0.0000000000000000e+00 1.9256459663979304e+00 9.2613649530419551e-01
