8.5626195342667169e-04 -1.9800000000004679e-03 0.0000000000000000e+00 0.0000000000000000e+00 1.6310184215539560e+00 3.4276252761898687e-05
8.6491106406734507e-04 -2.0000000000004728e-03 0.0000000000000000e+00 0.0000000000000000e+00 1.6310181097393583e+00 3.4972209453494238e-05
8.7572245236818675e-04 -2.0250000000004787e-03 0.0000000000000000e+00 0.0000000000000000e+00 1.6310177199718312e+00 3.5851991810645493e-05
8.9734522896987010e-04 -2.0750000000004901e-03 0.0000000000000000e+00 0.0000000000000000e+00 1.6310169404416872e+00 3.7644344877983004e-05
9.4059078217323682e-04 -2.1750000000005133e-03 0.0000000000000000e+00 0.0000000000000000e+00 1.6310153813980843e+00 4.1360204750327530e-05
1.0270818885799702e-03 -2.3750000000005581e-03 0.0000000000000000e+00 0.0000000000000000e+00 1.6310122633813675e+00 4.9316542049929966e-05
1.2000641013934371e-03 -2.7750000000006472e-03 0.0000000000000000e+00 0.0000000000000000e+00 1.6310060276267149e+00 6.7327707702671911e-05
1.5460285270203708e-03 -3.5750000000008214e-03 0.0000000000000000e+00 0.0000000000000000e+00 1.6309935572330301e+00 1.1174416989337136e-04
2.2379573782742379e-03 -5.1750000000011717e-03 0.0000000000000000e+00 0.0000000000000000e+00 1.6309686209037337e+00 2.3415495118417269e-04
3.6218150807819723e-03 -8.3750000000018740e-03 0.0000000000000000e+00 0.0000000000000000e+00 1.6309187660573385e+00 6.1329860835169917e-04
6.3895304857974414e-03 -1.4775000000003270e-02 0.0000000000000000e+00 0.0000000000000000e+00 1.6308191274295891e+00 1.9089596366169631e-03
1.1924961295828380e-02 -2.7575000000006053e-02 0.0000000000000000e+00 0.0000000000000000e+00 1.6306201329821308e+00 6.6504592335604662e-03
2.2995822915890259e-02 -5.3175000000011623e-02 0.0000000000000000e+00 0.0000000000000000e+00 1.6302232637747829e+00 2.4739630066636466e-02
4.5137546156014015e-02 -1.0437500000002270e-01 0.0000000000000000e+00 0.0000000000000000e+00 1.6294339129758879e+00 9.5386350109840978e-02
8.9420992636261520e-02 -2.0677500000004473e-01 0.0000000000000000e+00 0.0000000000000000e+00 1.6278720517833127e+00 3.7490283826683291e-01
1.7798788559675655e-01 -4.1157500000008895e-01 0.0000000000000000e+00 0.0000000000000000e+00 1.6248102967698070e+00 1.4896242833621354e+00
