3.2385284013666983e-04 -1.9800000000000230e-03 0.0000000000000000e+00 0.0000000000000000e+00 1.9273784380018359e+00 2.1412882237707854e-05
3.2712408094613113e-04 -2.0000000000000230e-03 0.0000000000000000e+00 0.0000000000000000e+00 1.9273784038391053e+00 2.1847650895890432e-05
3.3121313195795776e-04 -2.0250000000000233e-03 0.0000000000000000e+00 0.0000000000000000e+00 1.9273783611356665e+00 2.2397256393726355e-05
3.3939123398161103e-04 -2.0750000000000239e-03 0.0000000000000000e+00 0.0000000000000000e+00 1.9273782757287985e+00 2.3516949641598901e-05
3.5574743802891756e-04 -2.1750000000000250e-03 0.0000000000000000e+00 0.0000000000000000e+00 1.9273781049154752e+00 2.5838265159717573e-05
3.8845984612353063e-04 -2.3750000000000273e-03 0.0000000000000000e+00 0.0000000000000000e+00 1.9273777632938187e+00 3.0808612394015198e-05
4.5388466231275677e-04 -2.7750000000000318e-03 0.0000000000000000e+00 0.0000000000000000e+00 1.9273770800651064e+00 4.2060172523379487e-05
5.8473429469120910e-04 -3.5750000000000404e-03 0.0000000000000000e+00 0.0000000000000000e+00 1.9273757136689798e+00 6.9806762373407122e-05
8.4643355944811376e-04 -5.1750000000000580e-03 0.0000000000000000e+00 0.0000000000000000e+00 1.9273729811232907e+00 1.4627387602444253e-04
1.3698320889619230e-03 -8.3750000000000942e-03 0.0000000000000000e+00 0.0000000000000000e+00 1.9273675170151272e+00 3.8310428381670462e-04
2.4166291479895416e-03 -1.4775000000000170e-02 0.0000000000000000e+00 0.0000000000000000e+00 1.9273565927291625e+00 1.1923533788521590e-03
4.5102232660447789e-03 -2.7575000000000325e-02 0.0000000000000000e+00 0.0000000000000000e+00 1.9273347598473920e+00 4.1532331466481087e-03
8.6974115021552535e-03 -5.3175000000000638e-02 0.0000000000000000e+00 0.0000000000000000e+00 1.9272911565968767e+00 1.5444746672510726e-02
1.7071787974376203e-02 -1.0437500000000127e-01 0.0000000000000000e+00 0.0000000000000000e+00 1.9272041981779262e+00 5.9508611120283286e-02
3.3820540918818101e-02 -2.0677500000000257e-01 0.0000000000000000e+00 0.0000000000000000e+00 1.9270312580529443e+00 2.3357426107973328e-01
6.7318046807701898e-02 -4.1157500000000519e-01 0.0000000000000000e+00 0.0000000000000000e+00 1.9266891620603845e+00 9.2557381709197695e-01
