8.5626195342667169e-04 -1.9800000000000781e-03 0.0000000000000000e+00 0.0000000000000000e+00 1.6310469463871322e+00 3.4275363381357915e-05
8.6491106406734507e-04 -2.0000000000000690e-03 0.0000000000000000e+00 0.0000000000000000e+00 1.6310469226559079e+00 3.4971292848879642e-05
8.7572245236818675e-04 -2.0250000000000589e-03 0.0000000000000000e+00 0.0000000000000000e+00 1.6310468929912942e+00 3.5851040401909011e-05
8.9734522896987010e-04 -2.0750000000000378e-03 0.0000000000000000e+00 0.0000000000000000e+00 1.6310468336626498e+00 3.7643321240086403e-05
9.4059078217323682e-04 -2.1749999999999946e-03 0.0000000000000000e+00 0.0000000000000000e+00 1.6310467150047052e+00 4.1359025869684495e-05
1.0270818885799702e-03 -2.3749999999999102e-03 0.0000000000000000e+00 0.0000000000000000e+00 1.6310464776899631e+00 4.9315007140002400e-05
1.2000641013934371e-03 -2.7749999999997421e-03 0.0000000000000000e+00 0.0000000000000000e+00 1.6310460030619471e+00 6.7325259310311623e-05
1.5460285270203708e-03 -3.5749999999994068e-03 0.0000000000000000e+00 0.0000000000000000e+00 1.6310450538126195e+00 1.1173893485111796e-04
2.2379573782742379e-03 -5.1749999999987318e-03 0.0000000000000000e+00 0.0000000000000000e+00 1.6310431553392459e+00 2.3413907218543584e-04
3.6218150807819723e-03 -8.3749999999973776e-03 0.0000000000000000e+00 0.0000000000000000e+00 1.6310393584963121e+00 6.1323130348052510e-04
6.3895304857974414e-03 -1.4774999999994671e-02 0.0000000000000000e+00 0.0000000000000000e+00 1.6310317652241262e+00 1.9085900855015801e-03
1.1924961295828380e-02 -2.7574999999989250e-02 0.0000000000000000e+00 0.0000000000000000e+00 1.6310165803345453e+00 6.6480568706676815e-03
2.2995822915890259e-02 -5.3174999999978427e-02 0.0000000000000000e+00 0.0000000000000000e+00 1.6309862171698200e+00 2.4722402872699778e-02
4.5137546156014015e-02 -1.0437499999995672e-01 0.0000000000000000e+00 0.0000000000000000e+00 1.6309255172565884e+00 9.5256068981194708e-02
8.9420992636261520e-02 -2.0677499999991195e-01 0.0000000000000000e+00 0.0000000000000000e+00 1.6308042227664026e+00 3.7388989263695327e-01
1.7798788559675655e-01 -4.1157499999982256e-01 0.0000000000000000e+00 0.0000000000000000e+00 1.6305620525109110e+00 1.4816362658719520e+00
