6.1497619017623917e-04 -1.9800000000000911e-03 0.0000000000000000e+00 0.0000000000000000e+00 1.7712904235345808e+00 2.6986639733882312e-05
6.2118807088509006e-04 -2.0000000000000933e-03 0.0000000000000000e+00 0.0000000000000000e+00 1.7712902330386264e+00 2.7534581738987952e-05
6.2895292177115366e-04 -2.0250000000000966e-03 0.0000000000000000e+00 0.0000000000000000e+00 1.7712899949187886e+00 2.8227253566484418e-05
6.4448262354328085e-04 -2.0750000000001032e-03 0.0000000000000000e+00 0.0000000000000000e+00 1.7712895186827420e+00 2.9638411642586957e-05
6.7554202708753524e-04 -2.1750000000001165e-03 0.0000000000000000e+00 0.0000000000000000e+00 1.7712885662203426e+00 3.2563985607403790e-05
7.3766083417604400e-04 -2.3750000000001431e-03 0.0000000000000000e+00 0.0000000000000000e+00 1.7712866613385181e+00 3.8828165812870841e-05
8.6189844835306154e-04 -2.7750000000001957e-03 0.0000000000000000e+00 0.0000000000000000e+00 1.7712828517444157e+00 5.3008663530229423e-05
1.1103736767070966e-03 -3.5750000000003010e-03 0.0000000000000000e+00 0.0000000000000000e+00 1.7712752332343256e+00 8.7978273815372357e-05
1.6073241334151668e-03 -5.1750000000005238e-03 0.0000000000000000e+00 0.0000000000000000e+00 1.7712599989237796e+00 1.8435247878518493e-04
2.6012250468313070e-03 -8.3750000000009702e-03 0.0000000000000000e+00 0.0000000000000000e+00 1.7712295411307739e+00 4.8284502630549644e-04
4.5890268736635872e-03 -1.4775000000001868e-02 0.0000000000000000e+00 0.0000000000000000e+00 1.7711686687592689e+00 1.5028402715295173e-03
8.5646305273281466e-03 -2.7575000000003676e-02 0.0000000000000000e+00 0.0000000000000000e+00 1.7710470960854536e+00 5.2351401615963640e-03
1.6515837834657265e-02 -5.3175000000007307e-02 0.0000000000000000e+00 0.0000000000000000e+00 1.7708046327511149e+00 1.9471127931286962e-02
3.2418252449315503e-02 -1.0437500000001457e-01 0.0000000000000000e+00 0.0000000000000000e+00 1.7703223845858085e+00 7.5045858557549250e-02
6.4223081678631971e-02 -2.0677500000002907e-01 0.0000000000000000e+00 0.0000000000000000e+00 1.7693682146524028e+00 2.9474396518682588e-01
1.2783274013726492e-01 -4.1157500000005826e-01 0.0000000000000000e+00 0.0000000000000000e+00 1.7674982124127654e+00 1.1694357601862104e+00
