6.1497619017623917e-04 -1.9800000000000251e-03 0.0000000000000000e+00 0.0000000000000000e+00 1.7712785947903218e+00 2.6986877483714917e-05
6.2118807088509006e-04 -2.0000000000000252e-03 0.0000000000000000e+00 0.0000000000000000e+00 1.7712782848586610e+00 2.7534826766379077e-05
6.2895292177115366e-04 -2.0250000000000242e-03 0.0000000000000000e+00 0.0000000000000000e+00 1.7712778974454988e+00 2.8227507897737796e-05
6.4448262354328085e-04 -2.0750000000000217e-03 0.0000000000000000e+00 0.0000000000000000e+00 1.7712771226271620e+00 2.9638685282190036e-05
6.7554202708753524e-04 -2.1750000000000176e-03 0.0000000000000000e+00 0.0000000000000000e+00 1.7712755730176242e+00 3.2564300746606670e-05
7.3766083417604400e-04 -2.3750000000000103e-03 0.0000000000000000e+00 0.0000000000000000e+00 1.7712724739112891e+00 3.8828576126071798e-05
8.6189844835306154e-04 -2.7749999999999949e-03 0.0000000000000000e+00 0.0000000000000000e+00 1.7712662761471301e+00 5.3009318036195571e-05
1.1103736767070966e-03 -3.5749999999999649e-03 0.0000000000000000e+00 0.0000000000000000e+00 1.7712538824121555e+00 8.7979673250547209e-05
1.6073241334151668e-03 -5.1749999999998984e-03 0.0000000000000000e+00 0.0000000000000000e+00 1.7712291021076523e+00 1.8435672357030496e-04
2.6012250468313070e-03 -8.3749999999997628e-03 0.0000000000000000e+00 0.0000000000000000e+00 1.7711795701091511e+00 4.8286301829114875e-04
4.5890268736635872e-03 -1.4774999999999495e-02 0.0000000000000000e+00 0.0000000000000000e+00 1.7710806201306963e+00 1.5029390601950289e-03
8.5646305273281466e-03 -2.7574999999998968e-02 0.0000000000000000e+00 0.0000000000000000e+00 1.7708831728673431e+00 5.2357823629465856e-03
1.6515837834657265e-02 -5.3174999999997939e-02 0.0000000000000000e+00 0.0000000000000000e+00 1.7704900623296598e+00 1.9475733116985094e-02
3.2418252449315503e-02 -1.0437499999999592e-01 0.0000000000000000e+00 0.0000000000000000e+00 1.7697107668079322e+00 7.5080685401285263e-02
6.4223081678631971e-02 -2.0677499999999185e-01 0.0000000000000000e+00 0.0000000000000000e+00 1.7681782541848940e+00 2.9501474653143056e-01
1.2783274013726492e-01 -4.1157499999998298e-01 0.0000000000000000e+00 0.0000000000000000e+00 1.7652054227944345e+00 1.1715711226911170e+00
