6.1497619017623917e-04 -1.9799999999999662e-03 0.0000000000000000e+00 0.0000000000000000e+00 1.7712943669336674e+00 2.6986560483934348e-05
6.2118807088509006e-04 -1.9999999999999649e-03 0.0000000000000000e+00 0.0000000000000000e+00 1.7712942162594418e+00 2.7534500063187003e-05
6.2895292177115366e-04 -2.0249999999999626e-03 0.0000000000000000e+00 0.0000000000000000e+00 1.7712940279164684e+00 2.8227168789395810e-05
6.4448262354328085e-04 -2.0749999999999584e-03 0.0000000000000000e+00 0.0000000000000000e+00 1.7712936512331583e+00 2.9638320429381315e-05
6.7554202708753524e-04 -2.1749999999999495e-03 0.0000000000000000e+00 0.0000000000000000e+00 1.7712928978722657e+00 3.2563880560997213e-05
7.3766083417604400e-04 -2.3749999999999327e-03 0.0000000000000000e+00 0.0000000000000000e+00 1.7712913911775889e+00 3.8828029041796035e-05
8.6189844835306154e-04 -2.7749999999998982e-03 0.0000000000000000e+00 0.0000000000000000e+00 1.7712883778943336e+00 5.3008445361560949e-05
1.1103736767070966e-03 -3.5749999999998305e-03 0.0000000000000000e+00 0.0000000000000000e+00 1.7712823517522371e+00 8.7977807336953802e-05
1.6073241334151668e-03 -5.1749999999996972e-03 0.0000000000000000e+00 0.0000000000000000e+00 1.7712703011636612e+00 1.8435106385674229e-04
2.6012250468313070e-03 -8.3749999999994350e-03 0.0000000000000000e+00 0.0000000000000000e+00 1.7712462067647627e+00 4.8283902897673582e-04
4.5890268736635872e-03 -1.4774999999998916e-02 0.0000000000000000e+00 0.0000000000000000e+00 1.7711980450319951e+00 1.5028073419736316e-03
8.5646305273281466e-03 -2.7574999999997886e-02 0.0000000000000000e+00 0.0000000000000000e+00 1.7711018294350893e+00 5.2349260944769991e-03
1.6515837834657265e-02 -5.3174999999995816e-02 0.0000000000000000e+00 0.0000000000000000e+00 1.7709098266093914e+00 1.9469592869377536e-02
3.2418252449315503e-02 -1.0437499999999170e-01 0.0000000000000000e+00 0.0000000000000000e+00 1.7705275097950837e+00 7.5034249609598008e-02
6.4223081678631971e-02 -2.0677499999998353e-01 0.0000000000000000e+00 0.0000000000000000e+00 1.7697694379096414e+00 2.9465370473846941e-01
1.2783274013726492e-01 -4.1157499999996705e-01 0.0000000000000000e+00 0.0000000000000000e+00 1.7682780455229787e+00 1.1687239726839560e+00
