8.5626195342667169e-04 -1.9799999999997671e-03 0.0000000000000000e+00 0.0000000000000000e+00 1.6310127175213920e+00 3.4276430637983005e-05
8.6491106406734507e-04 -1.9999999999997615e-03 0.0000000000000000e+00 0.0000000000000000e+00 1.6310123481090752e+00 3.4972392774392685e-05
8.7572245236818675e-04 -2.0249999999997549e-03 0.0000000000000000e+00 0.0000000000000000e+00 1.6310118863449274e+00 3.5852182092367519e-05
8.9734522896987010e-04 -2.0749999999997424e-03 0.0000000000000000e+00 0.0000000000000000e+00 1.6310109628232987e+00 3.7644549605535461e-05
9.4059078217323682e-04 -2.1749999999997175e-03 0.0000000000000000e+00 0.0000000000000000e+00 1.6310091158037605e+00 4.1360440526425922e-05
1.0270818885799702e-03 -2.3749999999996673e-03 0.0000000000000000e+00 0.0000000000000000e+00 1.6310054218633026e+00 4.9316849031878033e-05
1.2000641013934371e-03 -2.7749999999995656e-03 0.0000000000000000e+00 0.0000000000000000e+00 1.6309980343736552e+00 6.7328197381089842e-05
1.5460285270203708e-03 -3.5749999999993643e-03 0.0000000000000000e+00 0.0000000000000000e+00 1.6309832609596944e+00 1.1174521690172596e-04
2.2379573782742379e-03 -5.1749999999989634e-03 0.0000000000000000e+00 0.0000000000000000e+00 1.6309537203868083e+00 2.3415812698370452e-04
3.6218150807819723e-03 -8.3749999999981548e-03 0.0000000000000000e+00 0.0000000000000000e+00 1.6308946642259772e+00 6.1331206932533657e-04
6.3895304857974414e-03 -1.4774999999996524e-02 0.0000000000000000e+00 0.0000000000000000e+00 1.6307766515397484e+00 1.9090335468381074e-03
1.1924961295828380e-02 -2.7574999999993261e-02 0.0000000000000000e+00 0.0000000000000000e+00 1.6305410222970274e+00 6.6509397061321448e-03
2.2995822915890259e-02 -5.3174999999986740e-02 0.0000000000000000e+00 0.0000000000000000e+00 1.6300713291819484e+00 2.4743075505397914e-02
4.5137546156014015e-02 -1.0437499999997366e-01 0.0000000000000000e+00 0.0000000000000000e+00 1.6291380536419582e+00 9.5412406335469879e-02
8.9420992636261520e-02 -2.0677499999994739e-01 0.0000000000000000e+00 0.0000000000000000e+00 1.6272947760267491e+00 3.7510542739241304e-01
1.7798788559675655e-01 -4.1157499999989461e-01 0.0000000000000000e+00 0.0000000000000000e+00 1.6236925117242680e+00 1.4912218868585976e+00
