6.1497619017623917e-04 -1.9799999999999358e-03 0.0000000000000000e+00 0.0000000000000000e+00 1.7712825374629710e+00 2.6986798233767865e-05
6.2118807088509006e-04 -1.9999999999999376e-03 0.0000000000000000e+00 0.0000000000000000e+00 1.7712822673383004e+00 2.7534745090579185e-05
6.2895292177115366e-04 -2.0249999999999400e-03 0.0000000000000000e+00 0.0000000000000000e+00 1.7712819296833711e+00 2.8227423120650502e-05
6.4448262354328085e-04 -2.0749999999999458e-03 0.0000000000000000e+00 0.0000000000000000e+00 1.7712812543798160e+00 2.9638594068986247e-05
6.7554202708753524e-04 -2.1749999999999569e-03 0.0000000000000000e+00 0.0000000000000000e+00 1.7712799037931042e+00 3.2564195700203081e-05
7.3766083417604400e-04 -2.3749999999999787e-03 0.0000000000000000e+00 0.0000000000000000e+00 1.7712772027054755e+00 3.8828439355002481e-05
8.6189844835306154e-04 -2.7750000000000227e-03 0.0000000000000000e+00 0.0000000000000000e+00 1.7712718008709836e+00 5.3009099867538786e-05
1.1103736767070966e-03 -3.5750000000001102e-03 0.0000000000000000e+00 0.0000000000000000e+00 1.7712609985646461e+00 8.7979206772157142e-05
1.6073241334151668e-03 -5.1750000000002731e-03 0.0000000000000000e+00 0.0000000000000000e+00 1.7712393993968689e+00 1.8435530864194271e-04
2.6012250468313070e-03 -8.3750000000006024e-03 0.0000000000000000e+00 0.0000000000000000e+00 1.7711962228075864e+00 4.8285702096264536e-04
4.5890268736635872e-03 -1.4775000000001265e-02 0.0000000000000000e+00 0.0000000000000000e+00 1.7711099563338806e+00 1.5029061306400453e-03
8.5646305273281466e-03 -2.7575000000002587e-02 0.0000000000000000e+00 0.0000000000000000e+00 1.7709377679645886e+00 5.2355682958305748e-03
1.6515837834657265e-02 -5.3175000000005246e-02 0.0000000000000000e+00 0.0000000000000000e+00 1.7705947517632172e+00 1.9474198055088592e-02
3.2418252449315503e-02 -1.0437500000001061e-01 0.0000000000000000e+00 0.0000000000000000e+00 1.7699140215561366e+00 7.5069076453384703e-02
6.4223081678631971e-02 -2.0677500000002144e-01 0.0000000000000000e+00 0.0000000000000000e+00 1.7685726849882142e+00 2.9492448608327498e-01
1.2783274013726492e-01 -4.1157500000004327e-01 0.0000000000000000e+00 0.0000000000000000e+00 1.7659623414697394e+00 1.1708593351896686e+00
