8.5626195342667169e-04 -1.9799999999997988e-03 0.0000000000000000e+00 0.0000000000000000e+00 1.6309956072904130e+00 3.4276964266301269e-05
8.6491106406734507e-04 -1.9999999999997949e-03 0.0000000000000000e+00 0.0000000000000000e+00 1.6309950651228067e+00 3.4972942737154986e-05
8.7572245236818675e-04 -2.0249999999997883e-03 0.0000000000000000e+00 0.0000000000000000e+00 1.6309943874166652e+00 3.5852752937602574e-05
8.9734522896987010e-04 -2.0749999999997749e-03 0.0000000000000000e+00 0.0000000000000000e+00 1.6309930320180992e+00 3.7645163788265743e-05
9.4059078217323682e-04 -2.1749999999997487e-03 0.0000000000000000e+00 0.0000000000000000e+00 1.6309903212729022e+00 4.1361147854802335e-05
1.0270818885799702e-03 -2.3749999999996938e-03 0.0000000000000000e+00 0.0000000000000000e+00 1.6309848999939676e+00 4.9317769977821291e-05
1.2000641013934371e-03 -2.7749999999995860e-03 0.0000000000000000e+00 0.0000000000000000e+00 1.6309740582785566e+00 6.7329666416483607e-05
1.5460285270203708e-03 -3.5749999999993716e-03 0.0000000000000000e+00 0.0000000000000000e+00 1.6309523782165600e+00 1.1174835792703155e-04
2.2379573782742379e-03 -5.1749999999989383e-03 0.0000000000000000e+00 0.0000000000000000e+00 1.6309090315513104e+00 2.3416765438282757e-04
3.6218150807819723e-03 -8.3749999999980732e-03 0.0000000000000000e+00 0.0000000000000000e+00 1.6308223919387583e+00 6.1335245224768153e-04
6.3895304857974414e-03 -1.4774999999996357e-02 0.0000000000000000e+00 0.0000000000000000e+00 1.6306493266285549e+00 1.9092552775061215e-03
1.1924961295828380e-02 -2.7574999999992911e-02 0.0000000000000000e+00 0.0000000000000000e+00 1.6303040440703958e+00 6.6523811238633716e-03
2.2995822915890259e-02 -5.3174999999986025e-02 0.0000000000000000e+00 0.0000000000000000e+00 1.6296168111215572e+00 2.4753411821742982e-02
4.5137546156014015e-02 -1.0437499999997228e-01 0.0000000000000000e+00 0.0000000000000000e+00 1.6282552041855396e+00 9.5490575012591644e-02
8.9420992636261520e-02 -2.0677499999994486e-01 0.0000000000000000e+00 0.0000000000000000e+00 1.6255798345558556e+00 3.7571319477007842e-01
1.7798788559675655e-01 -4.1157499999988983e-01 0.0000000000000000e+00 0.0000000000000000e+00 1.6203941357500022e+00 1.4960146973516610e+00
