6.2118807088509078e-06 -1.9999999999999995e-05 0.0000000000000000e+00 0.0000000000000000e+00 1.7713090550273523e+00 2.7534195838597339e-09
1.2423761417701816e-05 -4.0000000000000003e-05 0.0000000000000000e+00 0.0000000000000000e+00 1.7713088246466013e+00 1.1013680224635653e-08
1.8635642126552723e-05 -5.9999999999999995e-05 0.0000000000000000e+00 0.0000000000000000e+00 1.7713085942629747e+00 2.4780784756122813e-08
2.4847522835403628e-05 -8.0000000000000007e-05 0.0000000000000000e+00 0.0000000000000000e+00 1.7713083638819447e+00 4.4054736012116292e-08
3.1059403544254533e-05 -1.0000000000000002e-04 0.0000000000000000e+00 0.0000000000000000e+00 1.7713081334922924e+00 6.8835536826411155e-08
3.7271284253105438e-05 -1.2000000000000000e-04 0.0000000000000000e+00 0.0000000000000000e+00 1.7713079031029046e+00 9.9123190032802418e-08
4.3483164961956344e-05 -1.4000000000000001e-04 0.0000000000000000e+00 0.0000000000000000e+00 1.7713076727122925e+00 1.3491769846508523e-07
4.9695045670807249e-05 -1.5999999999999999e-04 0.0000000000000000e+00 0.0000000000000000e+00 1.7713074423203630e+00 1.7621906495705455e-07
5.5906926379658154e-05 -1.7999999999999996e-04 0.0000000000000000e+00 0.0000000000000000e+00 1.7713072119322493e+00 2.2302729234250553e-07
6.2118807088509066e-05 -1.9999999999999987e-04 0.0000000000000000e+00 0.0000000000000000e+00 1.7713069815457563e+00 2.7534238345523303e-07
6.8330687797359978e-05 -2.1999999999999985e-04 0.0000000000000000e+00 0.0000000000000000e+00 1.7713067511588676e+00 3.3316434112903236e-07
7.4542568506210890e-05 -2.3999999999999974e-04 0.0000000000000000e+00 0.0000000000000000e+00 1.7713065207744063e+00 3.9649316819769837e-07
8.0754449215061802e-05 -2.5999999999999971e-04 0.0000000000000000e+00 0.0000000000000000e+00 1.7713062903916517e+00 4.6532886749502640e-07
8.6966329923912714e-05 -2.7999999999999970e-04 0.0000000000000000e+00 0.0000000000000000e+00 1.7713060600048387e+00 5.3967144185481152e-07
9.3178210632763626e-05 -2.9999999999999965e-04 0.0000000000000000e+00 0.0000000000000000e+00 1.7713058296242850e+00 6.1952089411084839e-07
9.9390091341614538e-05 -3.1999999999999959e-04 0.0000000000000000e+00 0.0000000000000000e+00 1.7713055992398459e+00 7.0487722709693243e-07
1.0560197205046545e-04 -3.3999999999999954e-04 0.0000000000000000e+00 0.0000000000000000e+00 1.7713053688586677e+00 7.9574044364685865e-07
1.1181385275931636e-04 -3.5999999999999959e-04 0.0000000000000000e+00 0.0000000000000000e+00 1.7713051384793403e+00 8.9211054659442245e-07
1.1802573346816727e-04 -3.7999999999999953e-04 0.0000000000000000e+00 0.0000000000000000e+00 1.7713049080995338e+00 9.9398753877341799e-07
1.2423761417701819e-04 -3.9999999999999953e-04 0.0000000000000000e+00 0.0000000000000000e+00 1.7713046777192605e+00 1.1013714230176415e-06
1.3044949488586908e-04 -4.1999999999999953e-04 0.0000000000000000e+00 0.0000000000000000e+00 1.7713044473402662e+00 1.2142622021608870e-06
1.3666137559471998e-04 -4.3999999999999964e-04 0.0000000000000000e+00 0.0000000000000000e+00 1.7713042169627444e+00 1.3326598790369508e-06
1.4287325630357088e-04 -4.5999999999999974e-04 0.0000000000000000e+00 0.0000000000000000e+00 1.7713039865860569e+00 1.4565644564796273e-06
1.4908513701242178e-04 -4.7999999999999974e-04 0.0000000000000000e+00 0.0000000000000000e+00 1.7713037562103171e+00 1.5859759373227107e-06
1.5529701772127268e-04 -5.0000000000000001e-04 0.0000000000000000e+00 0.0000000000000000e+00 1.7713035258354781e+00 1.7208943243999982e-06
1.6150889843012358e-04 -5.2000000000000017e-04 0.0000000000000000e+00 0.0000000000000000e+00 1.7713032954614594e+00 1.8613196205452833e-06
1.6772077913897448e-04 -5.4000000000000044e-04 0.0000000000000000e+00 0.0000000000000000e+00 1.7713030650887205e+00 2.0072518285923619e-06
1.7393265984782537e-04 -5.6000000000000071e-04 0.0000000000000000e+00 0.0000000000000000e+00 1.7713028347167497e+00 2.1586909513750286e-06
1.8014454055667627e-04 -5.8000000000000109e-04 0.0000000000000000e+00 0.0000000000000000e+00 1.7713026043450855e+00 2.3156369917270790e-06
1.8635642126552717e-04 -6.0000000000000125e-04 0.0000000000000000e+00 0.0000000000000000e+00 1.7713023739737828e+00 2.4780899524823065e-06
1.9256830197437807e-04 -6.2000000000000119e-04 0.0000000000000000e+00 0.0000000000000000e+00 1.7713021436030318e+00 2.6460498364745046e-06
1.9878018268322897e-04 -6.4000000000000135e-04 0.0000000000000000e+00 0.0000000000000000e+00 1.7713019132336645e+00 2.8195166465374732e-06
2.0499206339207987e-04 -6.6000000000000130e-04 0.0000000000000000e+00 0.0000000000000000e+00 1.7713016828662560e+00 2.9984903855050031e-06
2.1120394410093076e-04 -6.8000000000000135e-04 0.0000000000000000e+00 0.0000000000000000e+00 1.7713014524987378e+00 3.1829710562108920e-06
2.1741582480978166e-04 -7.0000000000000162e-04 0.0000000000000000e+00 0.0000000000000000e+00 1.7713012221311493e+00 3.3729586614889366e-06
2.2362770551863256e-04 -7.2000000000000189e-04 0.0000000000000000e+00 0.0000000000000000e+00 1.7713009917652101e+00 3.5684532041729297e-06
2.2983958622748346e-04 -7.4000000000000216e-04 0.0000000000000000e+00 0.0000000000000000e+00 1.7713007614010503e+00 3.7694546870966665e-06
2.3605146693633436e-04 -7.6000000000000232e-04 0.0000000000000000e+00 0.0000000000000000e+00 1.7713005310361924e+00 3.9759631130939411e-06
2.4226334764518526e-04 -7.8000000000000248e-04 0.0000000000000000e+00 0.0000000000000000e+00 1.7713003006723191e+00 4.1879784849985484e-06
2.4847522835403616e-04 -8.0000000000000242e-04 0.0000000000000000e+00 0.0000000000000000e+00 1.7713000703106596e+00 4.4055008056442819e-06
2.5468710906288705e-04 -8.2000000000000258e-04 0.0000000000000000e+00 0.0000000000000000e+00 1.7712998399481945e+00 4.6285300778649439e-06
2.6089898977173795e-04 -8.4000000000000275e-04 0.0000000000000000e+00 0.0000000000000000e+00 1.7712996095871261e+00 4.8570663044943227e-06
2.6711087048058885e-04 -8.6000000000000258e-04 0.0000000000000000e+00 0.0000000000000000e+00 1.7712993792276359e+00 5.0911094883662121e-06
2.7332275118943975e-04 -8.8000000000000252e-04 0.0000000000000000e+00 0.0000000000000000e+00 1.7712991488674708e+00 5.3306596323144107e-06
2.7953463189829065e-04 -9.0000000000000269e-04 0.0000000000000000e+00 0.0000000000000000e+00 1.7712989185098384e+00 5.5757167391727190e-06
2.8574651260714155e-04 -9.2000000000000252e-04 0.0000000000000000e+00 0.0000000000000000e+00 1.7712986881516746e+00 5.8262808117749187e-06
2.9195839331599244e-04 -9.4000000000000236e-04 0.0000000000000000e+00 0.0000000000000000e+00 1.7712984577948119e+00 6.0823518529548143e-06
2.9817027402484334e-04 -9.6000000000000219e-04 0.0000000000000000e+00 0.0000000000000000e+00 1.7712982274391105e+00 6.3439298655462005e-06
3.0438215473369424e-04 -9.8000000000000257e-04 0.0000000000000000e+00 0.0000000000000000e+00 1.7712979970833069e+00 6.6110148523828758e-06
3.1059403544254514e-04 -1.0000000000000033e-03 0.0000000000000000e+00 0.0000000000000000e+00 1.7712977667297083e+00 6.8836068162986356e-06
3.1680591615139604e-04 -1.0200000000000044e-03 0.0000000000000000e+00 0.0000000000000000e+00 1.7712975363753938e+00 7.1617057601272753e-06
3.2301779686024694e-04 -1.0400000000000058e-03 0.0000000000000000e+00 0.0000000000000000e+00 1.7712973060234827e+00 7.4453116867025884e-06
3.2922967756909784e-04 -1.0600000000000067e-03 0.0000000000000000e+00 0.0000000000000000e+00 1.7712970756708366e+00 7.7344245988583591e-06
3.3544155827794873e-04 -1.0800000000000072e-03 0.0000000000000000e+00 0.0000000000000000e+00 1.7712968453205309e+00 8.0290444994283838e-06
3.4165343898679963e-04 -1.1000000000000072e-03 0.0000000000000000e+00 0.0000000000000000e+00 1.7712966149695619e+00 8.3291713912464602e-06
3.4786531969565053e-04 -1.1200000000000068e-03 0.0000000000000000e+00 0.0000000000000000e+00 1.7712963846208789e+00 8.6348052771463794e-06
3.5407720040450143e-04 -1.1400000000000062e-03 0.0000000000000000e+00 0.0000000000000000e+00 1.7712961542715979e+00 8.9459461599619376e-06
3.6028908111335233e-04 -1.1600000000000054e-03 0.0000000000000000e+00 0.0000000000000000e+00 1.7712959239245329e+00 9.2625940425269361e-06
3.6650096182220323e-04 -1.1800000000000044e-03 0.0000000000000000e+00 0.0000000000000000e+00 1.7712956935769122e+00 9.5847489276751624e-06
3.7271284253105413e-04 -1.2000000000000038e-03 0.0000000000000000e+00 0.0000000000000000e+00 1.7712954632314686e+00 9.9124108182404263e-06
3.7892472323990502e-04 -1.2200000000000034e-03 0.0000000000000000e+00 0.0000000000000000e+00 1.7712952328855436e+00 1.0245579717056516e-05
3.8513660394875592e-04 -1.2400000000000028e-03 0.0000000000000000e+00 0.0000000000000000e+00 1.7712950025416707e+00 1.0584255626957226e-05
3.9134848465760682e-04 -1.2600000000000024e-03 0.0000000000000000e+00 0.0000000000000000e+00 1.7712947721976209e+00 1.0928438550776353e-05
3.9756036536645772e-04 -1.2800000000000018e-03 0.0000000000000000e+00 0.0000000000000000e+00 1.7712945418550885e+00 1.1278128491347685e-05
4.0377224607530862e-04 -1.3000000000000008e-03 0.0000000000000000e+00 0.0000000000000000e+00 1.7712943115131454e+00 1.1633325451505015e-05
4.0998412678415952e-04 -1.3199999999999998e-03 0.0000000000000000e+00 0.0000000000000000e+00 1.7712940811717450e+00 1.1994029434082146e-05
4.1619600749301041e-04 -1.3399999999999987e-03 0.0000000000000000e+00 0.0000000000000000e+00 1.7712938508318978e+00 1.2360240441912871e-05
4.2240788820186131e-04 -1.3599999999999977e-03 0.0000000000000000e+00 0.0000000000000000e+00 1.7712936204918046e+00 1.2731958477830985e-05
4.2861976891071221e-04 -1.3799999999999962e-03 0.0000000000000000e+00 0.0000000000000000e+00 1.7712933901536936e+00 1.3109183544670279e-05
4.3483164961956311e-04 -1.3999999999999954e-03 0.0000000000000000e+00 0.0000000000000000e+00 1.7712931598154418e+00 1.3491915645264563e-05
4.4104353032841401e-04 -1.4199999999999942e-03 0.0000000000000000e+00 0.0000000000000000e+00 1.7712929294785986e+00 1.3880154782447614e-05
4.4725541103726491e-04 -1.4399999999999927e-03 0.0000000000000000e+00 0.0000000000000000e+00 1.7712926991426001e+00 1.4273900959053233e-05
4.5346729174611581e-04 -1.4599999999999913e-03 0.0000000000000000e+00 0.0000000000000000e+00 1.7712924688067988e+00 1.4673154177915216e-05
4.5967917245496670e-04 -1.4799999999999902e-03 0.0000000000000000e+00 0.0000000000000000e+00 1.7712922384727792e+00 1.5077914441867366e-05
4.6589105316381760e-04 -1.4999999999999894e-03 0.0000000000000000e+00 0.0000000000000000e+00 1.7712920081386534e+00 1.5488181753743476e-05
4.7210293387266850e-04 -1.5199999999999892e-03 0.0000000000000000e+00 0.0000000000000000e+00 1.7712917778059492e+00 1.5903956116377352e-05
4.7831481458151940e-04 -1.5399999999999886e-03 0.0000000000000000e+00 0.0000000000000000e+00 1.7712915474741300e+00 1.6325237532602762e-05
4.8452669529037030e-04 -1.5599999999999883e-03 0.0000000000000000e+00 0.0000000000000000e+00 1.7712913171424054e+00 1.6752026005253521e-05
4.9073857599922120e-04 -1.5799999999999879e-03 0.0000000000000000e+00 0.0000000000000000e+00 1.7712910868124423e+00 1.7184321537163414e-05
4.9695045670807209e-04 -1.5999999999999879e-03 0.0000000000000000e+00 0.0000000000000000e+00 1.7712908564827101e+00 1.7622124131166244e-05
5.0316233741692299e-04 -1.6199999999999876e-03 0.0000000000000000e+00 0.0000000000000000e+00 1.7712906261537593e+00 1.8065433790095794e-05
5.0937421812577389e-04 -1.6399999999999876e-03 0.0000000000000000e+00 0.0000000000000000e+00 1.7712903958262574e+00 1.8514250516785877e-05
5.1558609883462479e-04 -1.6599999999999883e-03 0.0000000000000000e+00 0.0000000000000000e+00 1.7712901654987705e+00 1.8968574314070285e-05
5.2179797954347569e-04 -1.6799999999999892e-03 0.0000000000000000e+00 0.0000000000000000e+00 1.7712899351726039e+00 1.9428405184782815e-05
5.2800986025232659e-04 -1.6999999999999904e-03 0.0000000000000000e+00 0.0000000000000000e+00 1.7712897048474650e+00 1.9893743131757256e-05
5.3422174096117749e-04 -1.7199999999999919e-03 0.0000000000000000e+00 0.0000000000000000e+00 1.7712894745223957e+00 2.0364588157827404e-05
5.4043362167002838e-04 -1.7399999999999939e-03 0.0000000000000000e+00 0.0000000000000000e+00 1.7712892441988135e+00 2.0840940265827065e-05
5.4664550237887928e-04 -1.7599999999999964e-03 0.0000000000000000e+00 0.0000000000000000e+00 1.7712890138760882e+00 2.1322799458590030e-05
5.5285738308773018e-04 -1.7799999999999990e-03 0.0000000000000000e+00 0.0000000000000000e+00 1.7712887835534854e+00 2.1810165738950080e-05
5.5906926379658108e-04 -1.8000000000000015e-03 0.0000000000000000e+00 0.0000000000000000e+00 1.7712885532324407e+00 2.2303039109741019e-05
5.6528114450543198e-04 -1.8200000000000035e-03 0.0000000000000000e+00 0.0000000000000000e+00 1.7712883229121357e+00 2.2801419573796616e-05
5.7149302521428288e-04 -1.8400000000000048e-03 0.0000000000000000e+00 0.0000000000000000e+00 1.7712880925920476e+00 2.3305307133950676e-05
5.7770490592313377e-04 -1.8600000000000055e-03 0.0000000000000000e+00 0.0000000000000000e+00 1.7712878622734503e+00 2.3814701793036986e-05
5.8391678663198467e-04 -1.8800000000000067e-03 0.0000000000000000e+00 0.0000000000000000e+00 1.7712876319556341e+00 2.4329603553889369e-05
5.9012866734083557e-04 -1.9000000000000078e-03 0.0000000000000000e+00 0.0000000000000000e+00 1.7712874016380327e+00 2.4850012419341611e-05
5.9634054804968647e-04 -1.9200000000000092e-03 0.0000000000000000e+00 0.0000000000000000e+00 1.7712871713218907e+00 2.5375928392227512e-05
6.0255242875853737e-04 -1.9400000000000109e-03 0.0000000000000000e+00 0.0000000000000000e+00 1.7712869410065739e+00 2.5907351475380872e-05
6.0876430946738827e-04 -1.9600000000000125e-03 0.0000000000000000e+00 0.0000000000000000e+00 1.7712867106915002e+00 2.6444281671635465e-05
6.1497619017623917e-04 -1.9800000000000147e-03 0.0000000000000000e+00 0.0000000000000000e+00 1.7712864803777031e+00 2.6986718983825115e-05
6.2118807088509006e-04 -2.0000000000000174e-03 0.0000000000000000e+00 0.0000000000000000e+00 1.7712862500649342e+00 2.7534663414783616e-05
