3.2712408094613084e-06 -2.0000000000000002e-05 0.0000000000000000e+00 0.0000000000000000e+00 1.9273817239671893e+00 2.1847610704273221e-09
6.5424816189226167e-06 -3.9999999999999996e-05 0.0000000000000000e+00 0.0000000000000000e+00 1.9273816275812965e+00 8.7390447484506410e-09
9.8137224283839255e-06 -5.9999999999999995e-05 0.0000000000000000e+00 0.0000000000000000e+00 1.9273815311867410e+00 1.9662851734181994e-08
1.3084963237845235e-05 -8.0000000000000007e-05 0.0000000000000000e+00 0.0000000000000000e+00 1.9273814347798330e+00 3.4956182727733423e-08
1.6356204047306545e-05 -1.0000000000000003e-04 0.0000000000000000e+00 0.0000000000000000e+00 1.9273813383949976e+00 5.4619038429216972e-08
1.9627444856767854e-05 -1.2000000000000008e-04 0.0000000000000000e+00 0.0000000000000000e+00 1.9273812419933674e+00 7.8651419538744684e-08
2.2898685666229164e-05 -1.4000000000000015e-04 0.0000000000000000e+00 0.0000000000000000e+00 1.9273811456030958e+00 1.0705332675642862e-07
2.6169926475690474e-05 -1.6000000000000018e-04 0.0000000000000000e+00 0.0000000000000000e+00 1.9273810492030288e+00 1.3982476078238072e-07
2.9441167285151783e-05 -1.8000000000000023e-04 0.0000000000000000e+00 0.0000000000000000e+00 1.9273809528083239e+00 1.7696572231671311e-07
3.2712408094613096e-05 -2.0000000000000028e-04 0.0000000000000000e+00 0.0000000000000000e+00 1.9273808564142374e+00 2.1847621205953777e-07
3.5983648904074406e-05 -2.2000000000000031e-04 0.0000000000000000e+00 0.0000000000000000e+00 1.9273807600191690e+00 2.6435623071096669e-07
3.9254889713535716e-05 -2.4000000000000033e-04 0.0000000000000000e+00 0.0000000000000000e+00 1.9273806636283999e+00 3.1460577897111197e-07
4.2526130522997025e-05 -2.6000000000000036e-04 0.0000000000000000e+00 0.0000000000000000e+00 1.9273805672335347e+00 3.6922485754008563e-07
4.5797371332458335e-05 -2.8000000000000046e-04 0.0000000000000000e+00 0.0000000000000000e+00 1.9273804708403597e+00 4.2821346711799987e-07
4.9068612141919644e-05 -3.0000000000000052e-04 0.0000000000000000e+00 0.0000000000000000e+00 1.9273803744475313e+00 4.9157160840496646e-07
5.2339852951380954e-05 -3.2000000000000057e-04 0.0000000000000000e+00 0.0000000000000000e+00 1.9273802780567795e+00 5.5929928210109765e-07
5.5611093760842264e-05 -3.4000000000000057e-04 0.0000000000000000e+00 0.0000000000000000e+00 1.9273801816619582e+00 6.3139648890650500e-07
5.8882334570303573e-05 -3.6000000000000056e-04 0.0000000000000000e+00 0.0000000000000000e+00 1.9273800852710792e+00 7.0786322952130098e-07
6.2153575379764883e-05 -3.8000000000000056e-04 0.0000000000000000e+00 0.0000000000000000e+00 1.9273799888808001e+00 7.8869950464559736e-07
6.5424816189226193e-05 -4.0000000000000056e-04 0.0000000000000000e+00 0.0000000000000000e+00 1.9273798924903924e+00 8.7390531497950648e-07
6.8696056998687502e-05 -4.2000000000000045e-04 0.0000000000000000e+00 0.0000000000000000e+00 1.9273797961004662e+00 9.6348066122313983e-07
7.1967297808148812e-05 -4.4000000000000029e-04 0.0000000000000000e+00 0.0000000000000000e+00 1.9273796997104122e+00 1.0574255440766092e-06
7.5238538617610122e-05 -4.6000000000000012e-04 0.0000000000000000e+00 0.0000000000000000e+00 1.9273796033207533e+00 1.1557399642400277e-06
7.8509779427071431e-05 -4.7999999999999996e-04 0.0000000000000000e+00 0.0000000000000000e+00 1.9273795069315243e+00 1.2584239224135065e-06
8.1781020236532741e-05 -4.9999999999999979e-04 0.0000000000000000e+00 0.0000000000000000e+00 1.9273794105426154e+00 1.3654774192971580e-06
8.5052261045994050e-05 -5.1999999999999963e-04 0.0000000000000000e+00 0.0000000000000000e+00 1.9273793141541529e+00 1.4769004555910944e-06
8.8323501855455360e-05 -5.3999999999999936e-04 0.0000000000000000e+00 0.0000000000000000e+00 1.9273792177655684e+00 1.5926930319954268e-06
9.1594742664916670e-05 -5.5999999999999919e-04 0.0000000000000000e+00 0.0000000000000000e+00 1.9273791213771350e+00 1.7128551492102683e-06
9.4865983474377979e-05 -5.7999999999999914e-04 0.0000000000000000e+00 0.0000000000000000e+00 1.9273790249898086e+00 1.8373868079357318e-06
9.8137224283839289e-05 -5.9999999999999908e-04 0.0000000000000000e+00 0.0000000000000000e+00 1.9273789286039023e+00 1.9662880088719279e-06
1.0140846509330060e-04 -6.1999999999999892e-04 0.0000000000000000e+00 0.0000000000000000e+00 1.9273788322181880e+00 2.0995587527189688e-06
1.0467970590276191e-04 -6.3999999999999886e-04 0.0000000000000000e+00 0.0000000000000000e+00 1.9273787358315639e+00 2.2371990401769666e-06
1.0795094671222322e-04 -6.5999999999999891e-04 0.0000000000000000e+00 0.0000000000000000e+00 1.9273786394453789e+00 2.3792088719460347e-06
1.1122218752168453e-04 -6.7999999999999896e-04 0.0000000000000000e+00 0.0000000000000000e+00 1.9273785430608197e+00 2.5255882487262835e-06
1.1449342833114584e-04 -6.9999999999999902e-04 0.0000000000000000e+00 0.0000000000000000e+00 1.9273784466767270e+00 2.6763371712178255e-06
1.1776466914060715e-04 -7.1999999999999907e-04 0.0000000000000000e+00 0.0000000000000000e+00 1.9273783502919395e+00 2.8314556401207724e-06
1.2103590995006846e-04 -7.3999999999999912e-04 0.0000000000000000e+00 0.0000000000000000e+00 1.9273782539073190e+00 2.9909436561352373e-06
1.2430715075952977e-04 -7.5999999999999917e-04 0.0000000000000000e+00 0.0000000000000000e+00 1.9273781575248405e+00 3.1548012199613304e-06
1.2757839156899109e-04 -7.7999999999999934e-04 0.0000000000000000e+00 0.0000000000000000e+00 1.9273780611410649e+00 3.3230283322991666e-06
1.3084963237845241e-04 -7.9999999999999960e-04 0.0000000000000000e+00 0.0000000000000000e+00 1.9273779647578899e+00 3.4956249938488566e-06
1.3412087318791374e-04 -8.1999999999999977e-04 0.0000000000000000e+00 0.0000000000000000e+00 1.9273778683766258e+00 3.6725912053105112e-06
1.3739211399737506e-04 -8.3999999999999982e-04 0.0000000000000000e+00 0.0000000000000000e+00 1.9273777719938903e+00 3.8539269673842418e-06
1.4066335480683638e-04 -8.5999999999999976e-04 0.0000000000000000e+00 0.0000000000000000e+00 1.9273776756125980e+00 4.0396322807701618e-06
1.4393459561629771e-04 -8.7999999999999960e-04 0.0000000000000000e+00 0.0000000000000000e+00 1.9273775792317613e+00 4.2297071461683815e-06
1.4720583642575903e-04 -8.9999999999999932e-04 0.0000000000000000e+00 0.0000000000000000e+00 1.9273774828505235e+00 4.4241515642790135e-06
1.5047707723522035e-04 -9.1999999999999916e-04 0.0000000000000000e+00 0.0000000000000000e+00 1.9273773864712307e+00 4.6229655358021720e-06
1.5374831804468167e-04 -9.3999999999999900e-04 0.0000000000000000e+00 0.0000000000000000e+00 1.9273772900903994e+00 4.8261490614379679e-06
1.5701955885414300e-04 -9.5999999999999872e-04 0.0000000000000000e+00 0.0000000000000000e+00 1.9273771937118562e+00 5.0337021418865113e-06
1.6029079966360432e-04 -9.7999999999999845e-04 0.0000000000000000e+00 0.0000000000000000e+00 1.9273770973319635e+00 5.2456247778479162e-06
1.6356204047306564e-04 -9.9999999999999829e-04 0.0000000000000000e+00 0.0000000000000000e+00 1.9273770009540843e+00 5.4619169700222978e-06
1.6683328128252697e-04 -1.0199999999999981e-03 0.0000000000000000e+00 0.0000000000000000e+00 1.9273769045753755e+00 5.6825787191097628e-06
1.7010452209198829e-04 -1.0399999999999980e-03 0.0000000000000000e+00 0.0000000000000000e+00 1.9273768081980542e+00 5.9076100258104261e-06
1.7337576290144961e-04 -1.0599999999999980e-03 0.0000000000000000e+00 0.0000000000000000e+00 1.9273767118202465e+00 6.1370108908244021e-06
1.7664700371091094e-04 -1.0799999999999983e-03 0.0000000000000000e+00 0.0000000000000000e+00 1.9273766154433427e+00 6.3707813148518024e-06
1.7991824452037226e-04 -1.0999999999999988e-03 0.0000000000000000e+00 0.0000000000000000e+00 1.9273765190665175e+00 6.6089212985927387e-06
1.8318948532983358e-04 -1.1199999999999990e-03 0.0000000000000000e+00 0.0000000000000000e+00 1.9273764226907715e+00 6.8514308427473177e-06
1.8646072613929491e-04 -1.1399999999999995e-03 0.0000000000000000e+00 0.0000000000000000e+00 1.9273763263146331e+00 7.0983099480156578e-06
1.8973196694875623e-04 -1.1600000000000000e-03 0.0000000000000000e+00 0.0000000000000000e+00 1.9273762299395256e+00 7.3495586150978681e-06
1.9300320775821755e-04 -1.1800000000000003e-03 0.0000000000000000e+00 0.0000000000000000e+00 1.9273761335640800e+00 7.6051768446940570e-06
1.9627444856767888e-04 -1.2000000000000021e-03 0.0000000000000000e+00 0.0000000000000000e+00 1.9273760371901918e+00 7.8651646375043607e-06
1.9954568937714020e-04 -1.2200000000000041e-03 0.0000000000000000e+00 0.0000000000000000e+00 1.9273759408153386e+00 8.1295219942288740e-06
2.0281693018660152e-04 -1.2400000000000059e-03 0.0000000000000000e+00 0.0000000000000000e+00 1.9273758444422091e+00 8.3982489155677027e-06
2.0608817099606285e-04 -1.2600000000000076e-03 0.0000000000000000e+00 0.0000000000000000e+00 1.9273757480682159e+00 8.6713454022209617e-06
2.0935941180552417e-04 -1.2800000000000092e-03 0.0000000000000000e+00 0.0000000000000000e+00 1.9273756516958753e+00 8.9488114548887612e-06
2.1263065261498549e-04 -1.3000000000000110e-03 0.0000000000000000e+00 0.0000000000000000e+00 1.9273755553228478e+00 9.2306470742712179e-06
2.1590189342444682e-04 -1.3200000000000130e-03 0.0000000000000000e+00 0.0000000000000000e+00 1.9273754589508747e+00 9.5168522610684435e-06
2.1917313423390814e-04 -1.3400000000000150e-03 0.0000000000000000e+00 0.0000000000000000e+00 1.9273753625795180e+00 9.8074270159805513e-06
2.2244437504336946e-04 -1.3600000000000168e-03 0.0000000000000000e+00 0.0000000000000000e+00 1.9273752662077213e+00 1.0102371339707645e-05
2.2571561585283078e-04 -1.3800000000000188e-03 0.0000000000000000e+00 0.0000000000000000e+00 1.9273751698373267e+00 1.0401685232949844e-05
2.2898685666229211e-04 -1.4000000000000210e-03 0.0000000000000000e+00 0.0000000000000000e+00 1.9273750734664086e+00 1.0705368696407264e-05
2.3225809747175343e-04 -1.4200000000000235e-03 0.0000000000000000e+00 0.0000000000000000e+00 1.9273749770965773e+00 1.1013421730780014e-05
2.3552933828121475e-04 -1.4400000000000261e-03 0.0000000000000000e+00 0.0000000000000000e+00 1.9273748807269577e+00 1.1325844336768205e-05
2.3880057909067608e-04 -1.4600000000000285e-03 0.0000000000000000e+00 0.0000000000000000e+00 1.9273747843573110e+00 1.1642636515071944e-05
2.4207181990013740e-04 -1.4800000000000312e-03 0.0000000000000000e+00 0.0000000000000000e+00 1.9273746879890516e+00 1.1963798266391354e-05
2.4534306070959872e-04 -1.5000000000000339e-03 0.0000000000000000e+00 0.0000000000000000e+00 1.9273745916201415e+00 1.2289329591426536e-05
2.4861430151906002e-04 -1.5200000000000365e-03 0.0000000000000000e+00 0.0000000000000000e+00 1.9273744952523544e+00 1.2619230490877604e-05
2.5188554232852132e-04 -1.5400000000000392e-03 0.0000000000000000e+00 0.0000000000000000e+00 1.9273743988849619e+00 1.2953500965444674e-05
2.5515678313798261e-04 -1.5600000000000420e-03 0.0000000000000000e+00 0.0000000000000000e+00 1.9273743025171683e+00 1.3292141015827861e-05
2.5842802394744391e-04 -1.5800000000000449e-03 0.0000000000000000e+00 0.0000000000000000e+00 1.9273742061507961e+00 1.3635150642727267e-05
2.6169926475690520e-04 -1.6000000000000480e-03 0.0000000000000000e+00 0.0000000000000000e+00 1.9273741097842902e+00 1.3982529846843018e-05
2.6497050556636650e-04 -1.6200000000000509e-03 0.0000000000000000e+00 0.0000000000000000e+00 1.9273740134179496e+00 1.4334278628875210e-05
2.6824174637582780e-04 -1.6400000000000540e-03 0.0000000000000000e+00 0.0000000000000000e+00 1.9273739170528348e+00 1.4690396989523967e-05
2.7151298718528909e-04 -1.6600000000000570e-03 0.0000000000000000e+00 0.0000000000000000e+00 1.9273738206874660e+00 1.5050884929489392e-05
2.7478422799475039e-04 -1.6800000000000601e-03 0.0000000000000000e+00 0.0000000000000000e+00 1.9273737243225459e+00 1.5415742449471607e-05
2.7805546880421168e-04 -1.7000000000000630e-03 0.0000000000000000e+00 0.0000000000000000e+00 1.9273736279585774e+00 1.5784969550170709e-05
2.8132670961367298e-04 -1.7200000000000654e-03 0.0000000000000000e+00 0.0000000000000000e+00 1.9273735315942584e+00 1.6158566232286814e-05
2.8459795042313428e-04 -1.7400000000000677e-03 0.0000000000000000e+00 0.0000000000000000e+00 1.9273734352306535e+00 1.6536532496520035e-05
2.8786919123259557e-04 -1.7600000000000699e-03 0.0000000000000000e+00 0.0000000000000000e+00 1.9273733388679073e+00 1.6918868343570486e-05
2.9114043204205687e-04 -1.7800000000000721e-03 0.0000000000000000e+00 0.0000000000000000e+00 1.9273732425047003e+00 1.7305573774138280e-05
2.9441167285151817e-04 -1.8000000000000745e-03 0.0000000000000000e+00 0.0000000000000000e+00 1.9273731461423962e+00 1.7696648788923537e-05
2.9768291366097946e-04 -1.8200000000000770e-03 0.0000000000000000e+00 0.0000000000000000e+00 1.9273730497808832e+00 1.8092093388626363e-05
3.0095415447044076e-04 -1.8400000000000792e-03 0.0000000000000000e+00 0.0000000000000000e+00 1.9273729534190354e+00 1.8491907573946863e-05
3.0422539527990205e-04 -1.8600000000000814e-03 0.0000000000000000e+00 0.0000000000000000e+00 1.9273728570579172e+00 1.8896091345585152e-05
3.0749663608936335e-04 -1.8800000000000839e-03 0.0000000000000000e+00 0.0000000000000000e+00 1.9273727606976014e+00 1.9304644704241355e-05
3.1076787689882465e-04 -1.9000000000000863e-03 0.0000000000000000e+00 0.0000000000000000e+00 1.9273726643371132e+00 1.9717567650615570e-05
3.1403911770828594e-04 -1.9200000000000887e-03 0.0000000000000000e+00 0.0000000000000000e+00 1.9273725679769629e+00 2.0134860185407912e-05
3.1731035851774724e-04 -1.9400000000000914e-03 0.0000000000000000e+00 0.0000000000000000e+00 1.9273724716179090e+00 2.0556522309318501e-05
3.2058159932720853e-04 -1.9600000000000936e-03 0.0000000000000000e+00 0.0000000000000000e+00 1.9273723752586736e+00 2.0982554023047430e-05
3.2385284013666983e-04 -1.9800000000000963e-03 0.0000000000000000e+00 0.0000000000000000e+00 1.9273722788997618e+00 2.1412955327294839e-05
3.2712408094613113e-04 -2.0000000000000985e-03 0.0000000000000000e+00 0.0000000000000000e+00 1.9273721825417134e+00 2.1847726222760811e-05
