6.2118807088509078e-06 -2.0000000000000005e-05 0.0000000000000000e+00 0.0000000000000000e+00 1.7713091347127121e+00 2.7534194205081413e-09
1.2423761417701816e-05 -4.0000000000000010e-05 0.0000000000000000e+00 0.0000000000000000e+00 1.7713089840168488e+00 1.1013678917822894e-08
1.8635642126552723e-05 -6.0000000000000029e-05 0.0000000000000000e+00 0.0000000000000000e+00 1.7713088333176359e+00 2.4780780345629761e-08
2.4847522835403628e-05 -8.0000000000000074e-05 0.0000000000000000e+00 0.0000000000000000e+00 1.7713086826205460e+00 4.4054725557614258e-08
3.1059403544254533e-05 -1.0000000000000010e-04 0.0000000000000000e+00 0.0000000000000000e+00 1.7713085319143611e+00 6.8835516407461864e-08
3.7271284253105438e-05 -1.2000000000000008e-04 0.0000000000000000e+00 0.0000000000000000e+00 1.7713083812079671e+00 9.9123154748857974e-08
4.3483164961956344e-05 -1.4000000000000012e-04 0.0000000000000000e+00 0.0000000000000000e+00 1.7713082304998760e+00 1.3491764243548827e-07
4.9695045670807249e-05 -1.6000000000000015e-04 0.0000000000000000e+00 0.0000000000000000e+00 1.7713080797899929e+00 1.7621898132103812e-07
5.5906926379658154e-05 -1.8000000000000015e-04 0.0000000000000000e+00 0.0000000000000000e+00 1.7713079290834537e+00 2.2302717325919300e-07
6.2118807088509066e-05 -2.0000000000000006e-04 0.0000000000000000e+00 0.0000000000000000e+00 1.7713077783780617e+00 2.7534222010363828e-07
6.8330687797359978e-05 -2.1999999999999998e-04 0.0000000000000000e+00 0.0000000000000000e+00 1.7713076276718005e+00 3.3316412370805948e-07
7.4542568506210890e-05 -2.3999999999999982e-04 0.0000000000000000e+00 0.0000000000000000e+00 1.7713074769674928e+00 3.9649288592614202e-07
8.0754449215061802e-05 -2.5999999999999971e-04 0.0000000000000000e+00 0.0000000000000000e+00 1.7713073262644197e+00 4.6532850861157164e-07
8.6966329923912714e-05 -2.7999999999999965e-04 0.0000000000000000e+00 0.0000000000000000e+00 1.7713071755568148e+00 5.3967099361803379e-07
9.3178210632763626e-05 -2.9999999999999959e-04 0.0000000000000000e+00 0.0000000000000000e+00 1.7713070248549954e+00 6.1952034279921429e-07
9.9390091341614538e-05 -3.1999999999999959e-04 0.0000000000000000e+00 0.0000000000000000e+00 1.7713068741488174e+00 7.0487655800879824e-07
1.0560197205046545e-04 -3.3999999999999970e-04 0.0000000000000000e+00 0.0000000000000000e+00 1.7713067234454283e+00 7.9573964110047184e-07
1.1181385275931636e-04 -3.5999999999999991e-04 0.0000000000000000e+00 0.0000000000000000e+00 1.7713065727434154e+00 8.9210959392792043e-07
1.1802573346816727e-04 -3.8000000000000018e-04 0.0000000000000000e+00 0.0000000000000000e+00 1.7713064220404506e+00 9.9398641834482944e-07
1.2423761417701819e-04 -4.0000000000000029e-04 0.0000000000000000e+00 0.0000000000000000e+00 1.7713062713365462e+00 1.1013701162048833e-06
1.3044949488586908e-04 -4.2000000000000034e-04 0.0000000000000000e+00 0.0000000000000000e+00 1.7713061206334473e+00 1.2142606893617678e-06
1.3666137559471998e-04 -4.4000000000000023e-04 0.0000000000000000e+00 0.0000000000000000e+00 1.7713059699313485e+00 1.3326581396691679e-06
1.4287325630357088e-04 -4.6000000000000012e-04 0.0000000000000000e+00 0.0000000000000000e+00 1.7713058192296098e+00 1.4565624689807699e-06
1.4908513701242178e-04 -4.7999999999999985e-04 0.0000000000000000e+00 0.0000000000000000e+00 1.7713056685283466e+00 1.5859736791502584e-06
1.5529701772127268e-04 -4.9999999999999958e-04 0.0000000000000000e+00 0.0000000000000000e+00 1.7713055178275101e+00 1.7208917720313196e-06
1.6150889843012358e-04 -5.1999999999999930e-04 0.0000000000000000e+00 0.0000000000000000e+00 1.7713053671270211e+00 1.8613167494776393e-06
1.6772077913897448e-04 -5.3999999999999914e-04 0.0000000000000000e+00 0.0000000000000000e+00 1.7713052164273388e+00 2.0072486133429036e-06
1.7393265984782537e-04 -5.5999999999999898e-04 0.0000000000000000e+00 0.0000000000000000e+00 1.7713050657279523e+00 2.1586873654807971e-06
1.8014454055667627e-04 -5.7999999999999892e-04 0.0000000000000000e+00 0.0000000000000000e+00 1.7713049150283990e+00 2.3156330077450064e-06
1.8635642126552717e-04 -5.9999999999999875e-04 0.0000000000000000e+00 0.0000000000000000e+00 1.7713047643287343e+00 2.4780855419892151e-06
1.9256830197437807e-04 -6.1999999999999837e-04 0.0000000000000000e+00 0.0000000000000000e+00 1.7713046136291477e+00 2.6460449700671079e-06
1.9878018268322897e-04 -6.3999999999999788e-04 0.0000000000000000e+00 0.0000000000000000e+00 1.7713044629304711e+00 2.8195112938323713e-06
2.0499206339207987e-04 -6.5999999999999729e-04 0.0000000000000000e+00 0.0000000000000000e+00 1.7713043122332812e+00 2.9984845151386898e-06
2.1120394410093076e-04 -6.7999999999999690e-04 0.0000000000000000e+00 0.0000000000000000e+00 1.7713041615355087e+00 3.1829646358397531e-06
2.1741582480978166e-04 -6.9999999999999631e-04 0.0000000000000000e+00 0.0000000000000000e+00 1.7713040108371927e+00 3.3729516577892416e-06
2.2362770551863256e-04 -7.1999999999999560e-04 0.0000000000000000e+00 0.0000000000000000e+00 1.7713038601400521e+00 3.5684455828408424e-06
2.2983958622748346e-04 -7.3999999999999489e-04 0.0000000000000000e+00 0.0000000000000000e+00 1.7713037094442190e+00 3.7694464128482426e-06
2.3605146693633436e-04 -7.5999999999999430e-04 0.0000000000000000e+00 0.0000000000000000e+00 1.7713035587472146e+00 3.9759541496651260e-06
2.4226334764518526e-04 -7.7999999999999359e-04 0.0000000000000000e+00 0.0000000000000000e+00 1.7713034080507206e+00 4.1879687951451797e-06
2.4847522835403616e-04 -7.9999999999999299e-04 0.0000000000000000e+00 0.0000000000000000e+00 1.7713032573559688e+00 4.4054903511420888e-06
2.5468710906288705e-04 -8.1999999999999250e-04 0.0000000000000000e+00 0.0000000000000000e+00 1.7713031066599383e+00 4.6285188195095399e-06
2.6089898977173795e-04 -8.3999999999999212e-04 0.0000000000000000e+00 0.0000000000000000e+00 1.7713029559648308e+00 4.8570542021012180e-06
2.6711087048058885e-04 -8.5999999999999174e-04 0.0000000000000000e+00 0.0000000000000000e+00 1.7713028052708293e+00 5.0910965007708075e-06
2.7332275118943975e-04 -8.7999999999999136e-04 0.0000000000000000e+00 0.0000000000000000e+00 1.7713026545756796e+00 5.3306457173719940e-06
2.7953463189829065e-04 -8.9999999999999065e-04 0.0000000000000000e+00 0.0000000000000000e+00 1.7713025038825896e+00 5.5757018537584601e-06
2.8574651260714155e-04 -9.1999999999998994e-04 0.0000000000000000e+00 0.0000000000000000e+00 1.7713023531884953e+00 5.8262649117838933e-06
2.9195839331599244e-04 -9.3999999999998913e-04 0.0000000000000000e+00 0.0000000000000000e+00 1.7713022024952287e+00 6.0823348933019796e-06
2.9817027402484334e-04 -9.5999999999998788e-04 0.0000000000000000e+00 0.0000000000000000e+00 1.7713020518026519e+00 6.3439118001663996e-06
3.0438215473369424e-04 -9.7999999999998652e-04 0.0000000000000000e+00 0.0000000000000000e+00 1.7713019011094988e+00 6.6109956342308418e-06
3.1059403544254514e-04 -9.9999999999998571e-04 0.0000000000000000e+00 0.0000000000000000e+00 1.7713017504180784e+00 6.8835863973489997e-06
3.1680591615139604e-04 -1.0199999999999851e-03 0.0000000000000000e+00 0.0000000000000000e+00 1.7713015997254686e+00 7.1616840913745575e-06
3.2301779686024694e-04 -1.0399999999999849e-03 0.0000000000000000e+00 0.0000000000000000e+00 1.7713014490347894e+00 7.4452887181612019e-06
3.2922967756909784e-04 -1.0599999999999846e-03 0.0000000000000000e+00 0.0000000000000000e+00 1.7713012983429026e+00 7.7344002795626093e-06
3.3544155827794873e-04 -1.0799999999999846e-03 0.0000000000000000e+00 0.0000000000000000e+00 1.7713011476528828e+00 8.0290187774324768e-06
3.4165343898679963e-04 -1.0999999999999851e-03 0.0000000000000000e+00 0.0000000000000000e+00 1.7713009969617277e+00 8.3291442136244841e-06
3.4786531969565053e-04 -1.1199999999999854e-03 0.0000000000000000e+00 0.0000000000000000e+00 1.7713008462723852e+00 8.6347765899923139e-06
3.5407720040450143e-04 -1.1399999999999859e-03 0.0000000000000000e+00 0.0000000000000000e+00 1.7713006955819721e+00 8.9459159083896570e-06
3.6028908111335233e-04 -1.1599999999999861e-03 0.0000000000000000e+00 0.0000000000000000e+00 1.7713005448933021e+00 9.2625621706701909e-06
3.6650096182220323e-04 -1.1799999999999868e-03 0.0000000000000000e+00 0.0000000000000000e+00 1.7713003942036032e+00 9.5847153786876116e-06
3.7271284253105413e-04 -1.1999999999999880e-03 0.0000000000000000e+00 0.0000000000000000e+00 1.7713002435156096e+00 9.9123755342956049e-06
3.7892472323990502e-04 -1.2199999999999887e-03 0.0000000000000000e+00 0.0000000000000000e+00 1.7713000928266607e+00 1.0245542639347840e-05
3.8513660394875592e-04 -1.2399999999999892e-03 0.0000000000000000e+00 0.0000000000000000e+00 1.7712999421392919e+00 1.0584216695698012e-05
3.9134848465760682e-04 -1.2599999999999901e-03 0.0000000000000000e+00 0.0000000000000000e+00 1.7712997914512720e+00 1.0928397705199812e-05
3.9756036536645772e-04 -1.2799999999999910e-03 0.0000000000000000e+00 0.0000000000000000e+00 1.7712996407642987e+00 1.1278085669706917e-05
4.0377224607530862e-04 -1.2999999999999917e-03 0.0000000000000000e+00 0.0000000000000000e+00 1.7712994900774399e+00 1.1633280591073016e-05
4.0998412678415952e-04 -1.3199999999999924e-03 0.0000000000000000e+00 0.0000000000000000e+00 1.7712993393906533e+00 1.1993982471151789e-05
4.1619600749301041e-04 -1.3399999999999931e-03 0.0000000000000000e+00 0.0000000000000000e+00 1.7712991887049454e+00 1.2360191311796927e-05
4.2240788820186131e-04 -1.3599999999999938e-03 0.0000000000000000e+00 0.0000000000000000e+00 1.7712990380185194e+00 1.2731907114862118e-05
4.2861976891071221e-04 -1.3799999999999943e-03 0.0000000000000000e+00 0.0000000000000000e+00 1.7712988873336029e+00 1.3109129882201036e-05
4.3483164961956311e-04 -1.3999999999999943e-03 0.0000000000000000e+00 0.0000000000000000e+00 1.7712987366480724e+00 1.3491859615667370e-05
4.4104353032841401e-04 -1.4199999999999946e-03 0.0000000000000000e+00 0.0000000000000000e+00 1.7712985859634787e+00 1.3880096317114809e-05
4.4725541103726491e-04 -1.4399999999999945e-03 0.0000000000000000e+00 0.0000000000000000e+00 1.7712984352792556e+00 1.4273839988397036e-05
4.5346729174611581e-04 -1.4599999999999943e-03 0.0000000000000000e+00 0.0000000000000000e+00 1.7712982845947585e+00 1.4673090631367740e-05
4.5967917245496670e-04 -1.4799999999999941e-03 0.0000000000000000e+00 0.0000000000000000e+00 1.7712981339115699e+00 1.5077848247880603e-05
4.6589105316381760e-04 -1.4999999999999944e-03 0.0000000000000000e+00 0.0000000000000000e+00 1.7712979832278013e+00 1.5488112839789323e-05
4.7210293387266850e-04 -1.5199999999999944e-03 0.0000000000000000e+00 0.0000000000000000e+00 1.7712978325449835e+00 1.5903884408947573e-05
4.7831481458151940e-04 -1.5399999999999949e-03 0.0000000000000000e+00 0.0000000000000000e+00 1.7712976818625765e+00 1.6325162957209050e-05
4.8452669529037030e-04 -1.5599999999999948e-03 0.0000000000000000e+00 0.0000000000000000e+00 1.7712975311797932e+00 1.6751948486427416e-05
4.9073857599922120e-04 -1.5799999999999948e-03 0.0000000000000000e+00 0.0000000000000000e+00 1.7712973804982970e+00 1.7184240998456383e-05
4.9695045670807209e-04 -1.5999999999999951e-03 0.0000000000000000e+00 0.0000000000000000e+00 1.7712972298165588e+00 1.7622040495149621e-05
5.0316233741692299e-04 -1.6199999999999960e-03 0.0000000000000000e+00 0.0000000000000000e+00 1.7712970791351310e+00 1.8065346978360839e-05
5.0937421812577389e-04 -1.6399999999999965e-03 0.0000000000000000e+00 0.0000000000000000e+00 1.7712969284546789e+00 1.8514160449943688e-05
5.1558609883462479e-04 -1.6599999999999963e-03 0.0000000000000000e+00 0.0000000000000000e+00 1.7712967777737687e+00 1.8968480911751860e-05
5.2179797954347569e-04 -1.6799999999999962e-03 0.0000000000000000e+00 0.0000000000000000e+00 1.7712966270937072e+00 1.9428308365639051e-05
5.2800986025232659e-04 -1.6999999999999956e-03 0.0000000000000000e+00 0.0000000000000000e+00 1.7712964764141996e+00 1.9893642813458930e-05
5.3422174096117749e-04 -1.7199999999999943e-03 0.0000000000000000e+00 0.0000000000000000e+00 1.7712963257342895e+00 2.0364484257065183e-05
5.4043362167002838e-04 -1.7399999999999924e-03 0.0000000000000000e+00 0.0000000000000000e+00 1.7712961750553948e+00 2.0840832698311498e-05
5.4664550237887928e-04 -1.7599999999999905e-03 0.0000000000000000e+00 0.0000000000000000e+00 1.7712960243768832e+00 2.1322688139051570e-05
5.5285738308773018e-04 -1.7799999999999884e-03 0.0000000000000000e+00 0.0000000000000000e+00 1.7712958736980218e+00 2.1810050581139079e-05
5.5906926379658108e-04 -1.7999999999999865e-03 0.0000000000000000e+00 0.0000000000000000e+00 1.7712957230202471e+00 2.2302920026427724e-05
5.6528114450543198e-04 -1.8199999999999842e-03 0.0000000000000000e+00 0.0000000000000000e+00 1.7712955723427373e+00 2.2801296476771170e-05
5.7149302521428288e-04 -1.8399999999999818e-03 0.0000000000000000e+00 0.0000000000000000e+00 1.7712954216649734e+00 2.3305179934023117e-05
5.7770490592313377e-04 -1.8599999999999789e-03 0.0000000000000000e+00 0.0000000000000000e+00 1.7712952709882281e+00 2.3814570400037234e-05
5.8391678663198467e-04 -1.8799999999999761e-03 0.0000000000000000e+00 0.0000000000000000e+00 1.7712951203117904e+00 2.4329467876667233e-05
5.9012866734083557e-04 -1.8999999999999733e-03 0.0000000000000000e+00 0.0000000000000000e+00 1.7712949696350957e+00 2.4849872365766778e-05
5.9634054804968647e-04 -1.9199999999999708e-03 0.0000000000000000e+00 0.0000000000000000e+00 1.7712948189593878e+00 2.5375783869189576e-05
6.0255242875853737e-04 -1.9399999999999684e-03 0.0000000000000000e+00 0.0000000000000000e+00 1.7712946682840323e+00 2.5907202388789302e-05
6.0876430946738827e-04 -1.9599999999999670e-03 0.0000000000000000e+00 0.0000000000000000e+00 1.7712945176084471e+00 2.6444127926419667e-05
6.1497619017623917e-04 -1.9799999999999662e-03 0.0000000000000000e+00 0.0000000000000000e+00 1.7712943669336674e+00 2.6986560483934348e-05
6.2118807088509006e-04 -1.9999999999999649e-03 0.0000000000000000e+00 0.0000000000000000e+00 1.7712942162594418e+00 2.7534500063187003e-05
