3.2712408094613084e-06 -1.9999999999999998e-05 0.0000000000000000e+00 0.0000000000000000e+00 1.9273817506374424e+00 2.1847610381443778e-09
6.5424816189226167e-06 -4.0000000000000003e-05 0.0000000000000000e+00 0.0000000000000000e+00 1.9273816809216078e+00 8.7390444901870942e-09
9.8137224283839255e-06 -6.0000000000000002e-05 0.0000000000000000e+00 0.0000000000000000e+00 1.9273816111969160e+00 1.9662850862542515e-08
1.3084963237845235e-05 -8.0000000000000007e-05 0.0000000000000000e+00 0.0000000000000000e+00 1.9273815414596767e+00 3.4956180661625022e-08
1.6356204047306545e-05 -1.0000000000000002e-04 0.0000000000000000e+00 0.0000000000000000e+00 1.9273814717443154e+00 5.4619034393848984e-08
1.9627444856767854e-05 -1.2000000000000002e-04 0.0000000000000000e+00 0.0000000000000000e+00 1.9273814020119648e+00 7.8651412565628743e-08
2.2898685666229164e-05 -1.4000000000000001e-04 0.0000000000000000e+00 0.0000000000000000e+00 1.9273813322907780e+00 1.0705331568337869e-07
2.6169926475690474e-05 -1.6000000000000001e-04 0.0000000000000000e+00 0.0000000000000000e+00 1.9273812625596007e+00 1.3982474425351325e-07
2.9441167285151783e-05 -1.8000000000000004e-04 0.0000000000000000e+00 0.0000000000000000e+00 1.9273811928335920e+00 1.7696569878244673e-07
3.2712408094613096e-05 -2.0000000000000004e-04 0.0000000000000000e+00 0.0000000000000000e+00 1.9273811231080060e+00 2.1847617977659347e-07
3.5983648904074406e-05 -2.2000000000000001e-04 0.0000000000000000e+00 0.0000000000000000e+00 1.9273810533812439e+00 2.6435618774236779e-07
3.9254889713535716e-05 -2.3999999999999998e-04 0.0000000000000000e+00 0.0000000000000000e+00 1.9273809836585860e+00 3.1460572318618428e-07
4.2526130522997025e-05 -2.5999999999999992e-04 0.0000000000000000e+00 0.0000000000000000e+00 1.9273809139316378e+00 3.6922478661445699e-07
4.5797371332458335e-05 -2.7999999999999987e-04 0.0000000000000000e+00 0.0000000000000000e+00 1.9273808442061848e+00 4.2821337853360049e-07
4.9068612141919644e-05 -2.9999999999999981e-04 0.0000000000000000e+00 0.0000000000000000e+00 1.9273807744808835e+00 4.9157149945002907e-07
5.2339852951380954e-05 -3.1999999999999976e-04 0.0000000000000000e+00 0.0000000000000000e+00 1.9273807047574654e+00 5.5929914987015723e-07
5.5611093760842264e-05 -3.3999999999999970e-04 0.0000000000000000e+00 0.0000000000000000e+00 1.9273806350297817e+00 6.3139633030039910e-07
5.8882334570303573e-05 -3.5999999999999964e-04 0.0000000000000000e+00 0.0000000000000000e+00 1.9273805653058462e+00 7.0786304124716930e-07
6.2153575379764883e-05 -3.7999999999999953e-04 0.0000000000000000e+00 0.0000000000000000e+00 1.9273804955823166e+00 7.8869928321688205e-07
6.5424816189226193e-05 -3.9999999999999948e-04 0.0000000000000000e+00 0.0000000000000000e+00 1.9273804258584633e+00 8.7390505671595188e-07
6.8696056998687502e-05 -4.1999999999999937e-04 0.0000000000000000e+00 0.0000000000000000e+00 1.9273803561348963e+00 9.6348036225079278e-07
7.1967297808148812e-05 -4.3999999999999926e-04 0.0000000000000000e+00 0.0000000000000000e+00 1.9273802864110072e+00 1.0574252003278193e-06
7.5238538617610122e-05 -4.5999999999999920e-04 0.0000000000000000e+00 0.0000000000000000e+00 1.9273802166873193e+00 1.1557395714534465e-06
7.8509779427071431e-05 -4.7999999999999909e-04 0.0000000000000000e+00 0.0000000000000000e+00 1.9273801469638663e+00 1.2584234761340876e-06
8.1781020236532741e-05 -4.9999999999999893e-04 0.0000000000000000e+00 0.0000000000000000e+00 1.9273800772405381e+00 1.3654769148761571e-06
8.5052261045994050e-05 -5.1999999999999887e-04 0.0000000000000000e+00 0.0000000000000000e+00 1.9273800075174621e+00 1.4768998881860705e-06
8.8323501855455360e-05 -5.3999999999999871e-04 0.0000000000000000e+00 0.0000000000000000e+00 1.9273799377940699e+00 1.5926923965702412e-06
9.1594742664916670e-05 -5.5999999999999854e-04 0.0000000000000000e+00 0.0000000000000000e+00 1.9273798680706338e+00 1.7128544405350830e-06
9.4865983474377979e-05 -5.7999999999999827e-04 0.0000000000000000e+00 0.0000000000000000e+00 1.9273797983481102e+00 1.8373860205870113e-06
9.8137224283839289e-05 -5.9999999999999800e-04 0.0000000000000000e+00 0.0000000000000000e+00 1.9273797286268115e+00 1.9662871372324398e-06
1.0140846509330060e-04 -6.1999999999999772e-04 0.0000000000000000e+00 0.0000000000000000e+00 1.9273796589055110e+00 2.0995577909777832e-06
1.0467970590276191e-04 -6.3999999999999756e-04 0.0000000000000000e+00 0.0000000000000000e+00 1.9273795891831060e+00 2.2371979823294569e-06
1.0795094671222322e-04 -6.5999999999999750e-04 0.0000000000000000e+00 0.0000000000000000e+00 1.9273795194609455e+00 2.3792077117938746e-06
1.1122218752168453e-04 -6.7999999999999745e-04 0.0000000000000000e+00 0.0000000000000000e+00 1.9273794497402161e+00 2.5255869798774511e-06
1.1449342833114584e-04 -6.9999999999999739e-04 0.0000000000000000e+00 0.0000000000000000e+00 1.9273793800197583e+00 2.6763357870866002e-06
1.1776466914060715e-04 -7.1999999999999723e-04 0.0000000000000000e+00 0.0000000000000000e+00 1.9273793102984116e+00 2.8314541339277343e-06
1.2103590995006846e-04 -7.3999999999999717e-04 0.0000000000000000e+00 0.0000000000000000e+00 1.9273792405770374e+00 2.9909420209072722e-06
1.2430715075952977e-04 -7.5999999999999701e-04 0.0000000000000000e+00 0.0000000000000000e+00 1.9273791708576105e+00 3.1547994485316233e-06
1.2757839156899109e-04 -7.7999999999999673e-04 0.0000000000000000e+00 0.0000000000000000e+00 1.9273791011366921e+00 3.3230264173072042e-06
1.3084963237845241e-04 -7.9999999999999635e-04 0.0000000000000000e+00 0.0000000000000000e+00 1.9273790314161789e+00 3.4956229277404286e-06
1.3412087318791374e-04 -8.1999999999999608e-04 0.0000000000000000e+00 0.0000000000000000e+00 1.9273789616973827e+00 3.6725889803377125e-06
1.3739211399737506e-04 -8.3999999999999591e-04 0.0000000000000000e+00 0.0000000000000000e+00 1.9273788919769210e+00 3.8539245756054705e-06
1.4066335480683638e-04 -8.5999999999999564e-04 0.0000000000000000e+00 0.0000000000000000e+00 1.9273788222577068e+00 4.0396297140501141e-06
1.4393459561629771e-04 -8.7999999999999537e-04 0.0000000000000000e+00 0.0000000000000000e+00 1.9273787525387547e+00 4.2297043961780605e-06
1.4720583642575903e-04 -8.9999999999999510e-04 0.0000000000000000e+00 0.0000000000000000e+00 1.9273786828192061e+00 4.4241486224957228e-06
1.5047707723522035e-04 -9.1999999999999493e-04 0.0000000000000000e+00 0.0000000000000000e+00 1.9273786131014090e+00 4.6229623935095165e-06
1.5374831804468167e-04 -9.3999999999999488e-04 0.0000000000000000e+00 0.0000000000000000e+00 1.9273785433818784e+00 4.8261457097258564e-06
1.5701955885414300e-04 -9.5999999999999482e-04 0.0000000000000000e+00 0.0000000000000000e+00 1.9273784736644410e+00 5.0336985716511555e-06
1.6029079966360432e-04 -9.7999999999999476e-04 0.0000000000000000e+00 0.0000000000000000e+00 1.9273784039454602e+00 5.2456209797918295e-06
1.6356204047306564e-04 -9.9999999999999482e-04 0.0000000000000000e+00 0.0000000000000000e+00 1.9273783342282977e+00 5.4619129346542913e-06
1.6683328128252697e-04 -1.0199999999999947e-03 0.0000000000000000e+00 0.0000000000000000e+00 1.9273782645101121e+00 5.6825744367449524e-06
1.7010452209198829e-04 -1.0399999999999943e-03 0.0000000000000000e+00 0.0000000000000000e+00 1.9273781947931183e+00 5.9076054865702308e-06
1.7337576290144961e-04 -1.0599999999999937e-03 0.0000000000000000e+00 0.0000000000000000e+00 1.9273781250754445e+00 6.1370060846365354e-06
1.7664700371091094e-04 -1.0799999999999931e-03 0.0000000000000000e+00 0.0000000000000000e+00 1.9273780553584796e+00 6.3707762314502869e-06
1.7991824452037226e-04 -1.0999999999999925e-03 0.0000000000000000e+00 0.0000000000000000e+00 1.9273779856413993e+00 6.6089159275178965e-06
1.8318948532983358e-04 -1.1199999999999921e-03 0.0000000000000000e+00 0.0000000000000000e+00 1.9273779159252025e+00 6.8514251733457842e-06
1.8646072613929491e-04 -1.1399999999999919e-03 0.0000000000000000e+00 0.0000000000000000e+00 1.9273778462084201e+00 7.0983039694403620e-06
1.8973196694875623e-04 -1.1599999999999916e-03 0.0000000000000000e+00 0.0000000000000000e+00 1.9273777764924735e+00 7.3495523163080415e-06
1.9300320775821755e-04 -1.1799999999999910e-03 0.0000000000000000e+00 0.0000000000000000e+00 1.9273777067759945e+00 7.6051702144552347e-06
1.9627444856767888e-04 -1.1999999999999917e-03 0.0000000000000000e+00 0.0000000000000000e+00 1.9273776370608782e+00 7.8651576643883759e-06
1.9954568937714020e-04 -1.2199999999999926e-03 0.0000000000000000e+00 0.0000000000000000e+00 1.9273775673446032e+00 8.1295146666138663e-06
2.0281693018660152e-04 -1.2399999999999937e-03 0.0000000000000000e+00 0.0000000000000000e+00 1.9273774976298563e+00 8.3982412216381214e-06
2.0608817099606285e-04 -1.2599999999999948e-03 0.0000000000000000e+00 0.0000000000000000e+00 1.9273774279140519e+00 8.6713373299675518e-06
2.0935941180552417e-04 -1.2799999999999960e-03 0.0000000000000000e+00 0.0000000000000000e+00 1.9273773581997056e+00 8.9488029921085714e-06
2.1263065261498549e-04 -1.2999999999999971e-03 0.0000000000000000e+00 0.0000000000000000e+00 1.9273772884844773e+00 9.2306382085675958e-06
2.1590189342444682e-04 -1.3199999999999985e-03 0.0000000000000000e+00 0.0000000000000000e+00 1.9273772187701097e+00 9.5168429798510422e-06
2.1917313423390814e-04 -1.3399999999999996e-03 0.0000000000000000e+00 0.0000000000000000e+00 1.9273771490561635e+00 9.8074173064653195e-06
2.2244437504336946e-04 -1.3600000000000005e-03 0.0000000000000000e+00 0.0000000000000000e+00 1.9273770793415836e+00 1.0102361188916838e-05
2.2571561585283078e-04 -1.3800000000000015e-03 0.0000000000000000e+00 0.0000000000000000e+00 1.9273770096282108e+00 1.0401674627712019e-05
2.2898685666229211e-04 -1.4000000000000024e-03 0.0000000000000000e+00 0.0000000000000000e+00 1.9273769399141198e+00 1.0705357623357277e-05
2.3225809747175343e-04 -1.4200000000000035e-03 0.0000000000000000e+00 0.0000000000000000e+00 1.9273768702009220e+00 1.1013410176359028e-05
2.3552933828121475e-04 -1.4400000000000049e-03 0.0000000000000000e+00 0.0000000000000000e+00 1.9273768004877405e+00 1.1325832287223685e-05
2.3880057909067608e-04 -1.4600000000000060e-03 0.0000000000000000e+00 0.0000000000000000e+00 1.9273767307743388e+00 1.1642623956457663e-05
2.4207181990013740e-04 -1.4800000000000071e-03 0.0000000000000000e+00 0.0000000000000000e+00 1.9273766610621288e+00 1.1963785184567371e-05
2.4534306070959872e-04 -1.5000000000000085e-03 0.0000000000000000e+00 0.0000000000000000e+00 1.9273765913490735e+00 1.2289315972059229e-05
2.4861430151906002e-04 -1.5200000000000101e-03 0.0000000000000000e+00 0.0000000000000000e+00 1.9273765216369476e+00 1.2619216319439655e-05
2.5188554232852132e-04 -1.5400000000000118e-03 0.0000000000000000e+00 0.0000000000000000e+00 1.9273764519250212e+00 1.2953486227215061e-05
2.5515678313798261e-04 -1.5600000000000134e-03 0.0000000000000000e+00 0.0000000000000000e+00 1.9273763822125001e+00 1.3292125695891854e-05
2.5842802394744391e-04 -1.5800000000000150e-03 0.0000000000000000e+00 0.0000000000000000e+00 1.9273763125012053e+00 1.3635134725976454e-05
2.6169926475690520e-04 -1.6000000000000168e-03 0.0000000000000000e+00 0.0000000000000000e+00 1.9273762427895829e+00 1.3982513317975280e-05
2.6497050556636650e-04 -1.6200000000000183e-03 0.0000000000000000e+00 0.0000000000000000e+00 1.9273761730779313e+00 1.4334261472394733e-05
2.6824174637582780e-04 -1.6400000000000197e-03 0.0000000000000000e+00 0.0000000000000000e+00 1.9273761033673111e+00 1.4690379189741228e-05
2.7151298718528909e-04 -1.6600000000000208e-03 0.0000000000000000e+00 0.0000000000000000e+00 1.9273760336562413e+00 1.5050866470521187e-05
2.7478422799475039e-04 -1.6800000000000215e-03 0.0000000000000000e+00 0.0000000000000000e+00 1.9273759639454280e+00 1.5415723315241013e-05
2.7805546880421168e-04 -1.7000000000000220e-03 0.0000000000000000e+00 0.0000000000000000e+00 1.9273758942353698e+00 1.5784949724407130e-05
2.8132670961367298e-04 -1.7200000000000223e-03 0.0000000000000000e+00 0.0000000000000000e+00 1.9273758245247674e+00 1.6158545698525945e-05
2.8459795042313428e-04 -1.7400000000000230e-03 0.0000000000000000e+00 0.0000000000000000e+00 1.9273757548146857e+00 1.6536511238103889e-05
2.8786919123259557e-04 -1.7600000000000235e-03 0.0000000000000000e+00 0.0000000000000000e+00 1.9273756851052672e+00 1.6918846343647366e-05
2.9114043204205687e-04 -1.7800000000000242e-03 0.0000000000000000e+00 0.0000000000000000e+00 1.9273756153951942e+00 1.7305551015662790e-05
2.9441167285151817e-04 -1.8000000000000249e-03 0.0000000000000000e+00 0.0000000000000000e+00 1.9273755456858297e+00 1.7696625254656584e-05
2.9768291366097946e-04 -1.8200000000000258e-03 0.0000000000000000e+00 0.0000000000000000e+00 1.9273754759770616e+00 1.8092069061135153e-05
3.0095415447044076e-04 -1.8400000000000265e-03 0.0000000000000000e+00 0.0000000000000000e+00 1.9273754062677642e+00 1.8491882435604917e-05
3.0422539527990205e-04 -1.8600000000000270e-03 0.0000000000000000e+00 0.0000000000000000e+00 1.9273753365590023e+00 1.8896065378572276e-05
3.0749663608936335e-04 -1.8800000000000273e-03 0.0000000000000000e+00 0.0000000000000000e+00 1.9273752668508328e+00 1.9304617890543655e-05
3.1076787689882465e-04 -1.9000000000000278e-03 0.0000000000000000e+00 0.0000000000000000e+00 1.9273751971423279e+00 1.9717539972025475e-05
3.1403911770828594e-04 -1.9200000000000282e-03 0.0000000000000000e+00 0.0000000000000000e+00 1.9273751274339510e+00 2.0134831623524138e-05
3.1731035851774724e-04 -1.9400000000000289e-03 0.0000000000000000e+00 0.0000000000000000e+00 1.9273750577264761e+00 2.0556492845546076e-05
3.2058159932720853e-04 -1.9600000000000294e-03 0.0000000000000000e+00 0.0000000000000000e+00 1.9273749880186248e+00 2.0982523638597682e-05
3.2385284013666983e-04 -1.9800000000000295e-03 0.0000000000000000e+00 0.0000000000000000e+00 1.9273749183109037e+00 2.1412924003185378e-05
3.2712408094613113e-04 -2.0000000000000300e-03 0.0000000000000000e+00 0.0000000000000000e+00 1.9273748486038509e+00 2.1847693939815586e-05
