3.2712408094613084e-06 -2.0000000000000002e-05 0.0000000000000000e+00 0.0000000000000000e+00 1.9273817773077264e+00 2.1847610058614346e-09
6.5424816189226167e-06 -3.9999999999999996e-05 0.0000000000000000e+00 0.0000000000000000e+00 1.9273817342620443e+00 8.7390442319235408e-09
9.8137224283839255e-06 -5.9999999999999988e-05 0.0000000000000000e+00 0.0000000000000000e+00 1.9273816912073722e+00 1.9662849990903026e-08
1.3084963237845235e-05 -7.9999999999999966e-05 0.0000000000000000e+00 0.0000000000000000e+00 1.9273816481400206e+00 3.4956178595516581e-08
1.6356204047306545e-05 -9.9999999999999937e-05 0.0000000000000000e+00 0.0000000000000000e+00 1.9273816050944148e+00 5.4619030358480924e-08
1.9627444856767854e-05 -1.1999999999999994e-04 0.0000000000000000e+00 0.0000000000000000e+00 1.9273815620316872e+00 7.8651405592512802e-08
2.2898685666229164e-05 -1.3999999999999993e-04 0.0000000000000000e+00 0.0000000000000000e+00 1.9273815189799917e+00 1.0705330461032888e-07
2.6169926475690474e-05 -1.5999999999999993e-04 0.0000000000000000e+00 0.0000000000000000e+00 1.9273814759181735e+00 1.3982472772464588e-07
2.9441167285151783e-05 -1.7999999999999990e-04 0.0000000000000000e+00 0.0000000000000000e+00 1.9273814328613919e+00 1.7696567524818045e-07
3.2712408094613096e-05 -1.9999999999999990e-04 0.0000000000000000e+00 0.0000000000000000e+00 1.9273813898049004e+00 2.1847614749364943e-07
3.5983648904074406e-05 -2.1999999999999987e-04 0.0000000000000000e+00 0.0000000000000000e+00 1.9273813467471002e+00 2.6435614477376937e-07
3.9254889713535716e-05 -2.3999999999999987e-04 0.0000000000000000e+00 0.0000000000000000e+00 1.9273813036932723e+00 3.1460566740125718e-07
4.2526130522997025e-05 -2.5999999999999981e-04 0.0000000000000000e+00 0.0000000000000000e+00 1.9273812606350229e+00 3.6922471568882924e-07
4.5797371332458335e-05 -2.7999999999999976e-04 0.0000000000000000e+00 0.0000000000000000e+00 1.9273812175781355e+00 4.2821328994920250e-07
4.9068612141919644e-05 -2.9999999999999976e-04 0.0000000000000000e+00 0.0000000000000000e+00 1.9273811745212686e+00 4.9157139049509379e-07
5.2339852951380954e-05 -3.1999999999999981e-04 0.0000000000000000e+00 0.0000000000000000e+00 1.9273811314661513e+00 5.5929901763921968e-07
5.5611093760842264e-05 -3.3999999999999981e-04 0.0000000000000000e+00 0.0000000000000000e+00 1.9273810884066376e+00 6.3139617169429690e-07
5.8882334570303573e-05 -3.5999999999999986e-04 0.0000000000000000e+00 0.0000000000000000e+00 1.9273810453507394e+00 7.0786285297304218e-07
6.2153575379764883e-05 -3.7999999999999997e-04 0.0000000000000000e+00 0.0000000000000000e+00 1.9273810022951148e+00 7.8869906178817268e-07
6.5424816189226193e-05 -4.0000000000000013e-04 0.0000000000000000e+00 0.0000000000000000e+00 1.9273809592390343e+00 8.7390479845240469e-07
6.8696056998687502e-05 -4.2000000000000023e-04 0.0000000000000000e+00 0.0000000000000000e+00 1.9273809161831081e+00 9.6348006327845463e-07
7.1967297808148812e-05 -4.4000000000000034e-04 0.0000000000000000e+00 0.0000000000000000e+00 1.9273808731267281e+00 1.0574248565790395e-06
7.5238538617610122e-05 -4.6000000000000039e-04 0.0000000000000000e+00 0.0000000000000000e+00 1.9273808300704163e+00 1.1557391786668756e-06
7.8509779427071431e-05 -4.8000000000000045e-04 0.0000000000000000e+00 0.0000000000000000e+00 1.9273807870142075e+00 1.2584230298546801e-06
8.1781020236532741e-05 -5.0000000000000034e-04 0.0000000000000000e+00 0.0000000000000000e+00 1.9273807439579922e+00 1.3654764104551687e-06
8.5052261045994050e-05 -5.2000000000000039e-04 0.0000000000000000e+00 0.0000000000000000e+00 1.9273807009018957e+00 1.4768993207810597e-06
8.8323501855455360e-05 -5.4000000000000044e-04 0.0000000000000000e+00 0.0000000000000000e+00 1.9273806578453514e+00 1.5926917611450691e-06
9.1594742664916670e-05 -5.6000000000000049e-04 0.0000000000000000e+00 0.0000000000000000e+00 1.9273806147886314e+00 1.7128537318599139e-06
9.4865983474377979e-05 -5.8000000000000065e-04 0.0000000000000000e+00 0.0000000000000000e+00 1.9273805717326908e+00 1.8373852332383107e-06
9.8137224283839289e-05 -6.0000000000000092e-04 0.0000000000000000e+00 0.0000000000000000e+00 1.9273805286778440e+00 1.9662862655929774e-06
1.0140846509330060e-04 -6.2000000000000108e-04 0.0000000000000000e+00 0.0000000000000000e+00 1.9273804856228629e+00 2.0995568292366282e-06
1.0467970590276191e-04 -6.4000000000000124e-04 0.0000000000000000e+00 0.0000000000000000e+00 1.9273804425666454e+00 2.2371969244819810e-06
1.0795094671222322e-04 -6.6000000000000141e-04 0.0000000000000000e+00 0.0000000000000000e+00 1.9273803995105403e+00 2.3792065516417530e-06
1.1122218752168453e-04 -6.8000000000000146e-04 0.0000000000000000e+00 0.0000000000000000e+00 1.9273803564557330e+00 2.5255857110286593e-06
1.1449342833114584e-04 -7.0000000000000162e-04 0.0000000000000000e+00 0.0000000000000000e+00 1.9273803134010670e+00 2.6763344029554186e-06
1.1776466914060715e-04 -7.2000000000000178e-04 0.0000000000000000e+00 0.0000000000000000e+00 1.9273802703453786e+00 2.8314526277347461e-06
1.2103590995006846e-04 -7.4000000000000194e-04 0.0000000000000000e+00 0.0000000000000000e+00 1.9273802272895311e+00 2.9909403856793601e-06
1.2430715075952977e-04 -7.6000000000000210e-04 0.0000000000000000e+00 0.0000000000000000e+00 1.9273801842354985e+00 3.1547976771019749e-06
1.2757839156899109e-04 -7.8000000000000215e-04 0.0000000000000000e+00 0.0000000000000000e+00 1.9273801411798426e+00 3.3230245023153092e-06
1.3084963237845241e-04 -8.0000000000000210e-04 0.0000000000000000e+00 0.0000000000000000e+00 1.9273800981244598e+00 3.4956208616320778e-06
1.3412087318791374e-04 -8.2000000000000193e-04 0.0000000000000000e+00 0.0000000000000000e+00 1.9273800550706619e+00 3.6725867553649976e-06
1.3739211399737506e-04 -8.4000000000000166e-04 0.0000000000000000e+00 0.0000000000000000e+00 1.9273800120150664e+00 3.8539221838267856e-06
1.4066335480683638e-04 -8.6000000000000139e-04 0.0000000000000000e+00 0.0000000000000000e+00 1.9273799689605859e+00 4.0396271473301588e-06
1.4393459561629771e-04 -8.8000000000000101e-04 0.0000000000000000e+00 0.0000000000000000e+00 1.9273799259062356e+00 4.2297016461878327e-06
1.4720583642575903e-04 -9.0000000000000073e-04 0.0000000000000000e+00 0.0000000000000000e+00 1.9273798828511566e+00 4.4241456807125277e-06
1.5047707723522035e-04 -9.2000000000000046e-04 0.0000000000000000e+00 0.0000000000000000e+00 1.9273798397976973e+00 4.6229592512169583e-06
1.5374831804468167e-04 -9.4000000000000030e-04 0.0000000000000000e+00 0.0000000000000000e+00 1.9273797967423714e+00 4.8261423580138422e-06
1.5701955885414300e-04 -9.6000000000000002e-04 0.0000000000000000e+00 0.0000000000000000e+00 1.9273797536890078e+00 5.0336950014158938e-06
1.6029079966360432e-04 -9.7999999999999975e-04 0.0000000000000000e+00 0.0000000000000000e+00 1.9273797106339683e+00 5.2456171817358317e-06
1.6356204047306564e-04 -9.9999999999999959e-04 0.0000000000000000e+00 0.0000000000000000e+00 1.9273796675806145e+00 5.4619088992863729e-06
1.6683328128252697e-04 -1.0199999999999994e-03 0.0000000000000000e+00 0.0000000000000000e+00 1.9273796245261063e+00 5.6825701543802335e-06
1.7010452209198829e-04 -1.0399999999999993e-03 0.0000000000000000e+00 0.0000000000000000e+00 1.9273795814726573e+00 5.9076009473301304e-06
1.7337576290144961e-04 -1.0599999999999991e-03 0.0000000000000000e+00 0.0000000000000000e+00 1.9273795384183965e+00 6.1370012784487797e-06
1.7664700371091094e-04 -1.0799999999999989e-03 0.0000000000000000e+00 0.0000000000000000e+00 1.9273794953647123e+00 6.3707711480488984e-06
1.7991824452037226e-04 -1.0999999999999985e-03 0.0000000000000000e+00 0.0000000000000000e+00 1.9273794523107808e+00 6.6089105564432016e-06
1.8318948532983358e-04 -1.1199999999999982e-03 0.0000000000000000e+00 0.0000000000000000e+00 1.9273794092576007e+00 6.8514195039444073e-06
1.8646072613929491e-04 -1.1399999999999978e-03 0.0000000000000000e+00 0.0000000000000000e+00 1.9273793662037029e+00 7.0982979908652314e-06
1.8973196694875623e-04 -1.1599999999999972e-03 0.0000000000000000e+00 0.0000000000000000e+00 1.9273793231505083e+00 7.3495460175183902e-06
1.9300320775821755e-04 -1.1799999999999964e-03 0.0000000000000000e+00 0.0000000000000000e+00 1.9273792800966494e+00 7.6051635842165978e-06
1.9627444856767888e-04 -1.1999999999999969e-03 0.0000000000000000e+00 0.0000000000000000e+00 1.9273792370440217e+00 7.8651506912725926e-06
1.9954568937714020e-04 -1.2199999999999976e-03 0.0000000000000000e+00 0.0000000000000000e+00 1.9273791939901026e+00 8.1295073389990753e-06
2.0281693018660152e-04 -1.2399999999999983e-03 0.0000000000000000e+00 0.0000000000000000e+00 1.9273791509375797e+00 8.3982335277087638e-06
2.0608817099606285e-04 -1.2599999999999988e-03 0.0000000000000000e+00 0.0000000000000000e+00 1.9273791078838669e+00 8.6713292577143673e-06
2.0935941180552417e-04 -1.2799999999999992e-03 0.0000000000000000e+00 0.0000000000000000e+00 1.9273790648314812e+00 8.9487945293286087e-06
2.1263065261498549e-04 -1.2999999999999999e-03 0.0000000000000000e+00 0.0000000000000000e+00 1.9273790217780804e+00 9.2306293428642075e-06
2.1590189342444682e-04 -1.3200000000000004e-03 0.0000000000000000e+00 0.0000000000000000e+00 1.9273789787254090e+00 9.5168336986338713e-06
2.1917313423390814e-04 -1.3400000000000007e-03 0.0000000000000000e+00 0.0000000000000000e+00 1.9273789356730260e+00 9.8074075969503196e-06
2.2244437504336946e-04 -1.3600000000000010e-03 0.0000000000000000e+00 0.0000000000000000e+00 1.9273788926198780e+00 1.0102351038126275e-05
2.2571561585283078e-04 -1.3800000000000012e-03 0.0000000000000000e+00 0.0000000000000000e+00 1.9273788495678050e+00 1.0401664022474444e-05
2.2898685666229211e-04 -1.4000000000000013e-03 0.0000000000000000e+00 0.0000000000000000e+00 1.9273788065148811e+00 1.0705346550307555e-05
2.3225809747175343e-04 -1.4200000000000011e-03 0.0000000000000000e+00 0.0000000000000000e+00 1.9273787634627191e+00 1.1013398621938310e-05
2.3552933828121475e-04 -1.4400000000000007e-03 0.0000000000000000e+00 0.0000000000000000e+00 1.9273787204104402e+00 1.1325820237679434e-05
2.3880057909067608e-04 -1.4600000000000006e-03 0.0000000000000000e+00 0.0000000000000000e+00 1.9273786773578101e+00 1.1642611397843648e-05
2.4207181990013740e-04 -1.4800000000000002e-03 0.0000000000000000e+00 0.0000000000000000e+00 1.9273786343062400e+00 1.1963772102743661e-05
2.4534306070959872e-04 -1.5000000000000000e-03 0.0000000000000000e+00 0.0000000000000000e+00 1.9273785912536912e+00 1.2289302352692196e-05
2.4861430151906002e-04 -1.5199999999999997e-03 0.0000000000000000e+00 0.0000000000000000e+00 1.9273785482019405e+00 1.2619202148001968e-05
2.5188554232852132e-04 -1.5399999999999993e-03 0.0000000000000000e+00 0.0000000000000000e+00 1.9273785051502572e+00 1.2953471488985693e-05
2.5515678313798261e-04 -1.5599999999999987e-03 0.0000000000000000e+00 0.0000000000000000e+00 1.9273784620978469e+00 1.3292110375956084e-05
2.5842802394744391e-04 -1.5799999999999979e-03 0.0000000000000000e+00 0.0000000000000000e+00 1.9273784190465313e+00 1.3635118809225857e-05
2.6169926475690520e-04 -1.5999999999999970e-03 0.0000000000000000e+00 0.0000000000000000e+00 1.9273783759947554e+00 1.3982496789107738e-05
2.6497050556636650e-04 -1.6199999999999964e-03 0.0000000000000000e+00 0.0000000000000000e+00 1.9273783329428189e+00 1.4334244315914439e-05
2.6824174637582780e-04 -1.6399999999999958e-03 0.0000000000000000e+00 0.0000000000000000e+00 1.9273782898917817e+00 1.4690361389958677e-05
2.7151298718528909e-04 -1.6599999999999957e-03 0.0000000000000000e+00 0.0000000000000000e+00 1.9273782468401623e+00 1.5050848011553178e-05
2.7478422799475039e-04 -1.6799999999999955e-03 0.0000000000000000e+00 0.0000000000000000e+00 1.9273782037886678e+00 1.5415704181010649e-05
2.7805546880421168e-04 -1.6999999999999954e-03 0.0000000000000000e+00 0.0000000000000000e+00 1.9273781607377967e+00 1.5784929898643808e-05
2.8132670961367298e-04 -1.7199999999999954e-03 0.0000000000000000e+00 0.0000000000000000e+00 1.9273781176862488e+00 1.6158525164765377e-05
2.8459795042313428e-04 -1.7399999999999957e-03 0.0000000000000000e+00 0.0000000000000000e+00 1.9273780746350899e+00 1.6536489979688068e-05
2.8786919123259557e-04 -1.7599999999999962e-03 0.0000000000000000e+00 0.0000000000000000e+00 1.9273780315844617e+00 1.6918824343724602e-05
2.9114043204205687e-04 -1.7799999999999969e-03 0.0000000000000000e+00 0.0000000000000000e+00 1.9273779885330469e+00 1.7305528257187692e-05
2.9441167285151817e-04 -1.7999999999999976e-03 0.0000000000000000e+00 0.0000000000000000e+00 1.9273779454822098e+00 1.7696601720390058e-05
2.9768291366097946e-04 -1.8199999999999983e-03 0.0000000000000000e+00 0.0000000000000000e+00 1.9273779024318360e+00 1.8092044733644410e-05
3.0095415447044076e-04 -1.8399999999999990e-03 0.0000000000000000e+00 0.0000000000000000e+00 1.9273778593808004e+00 1.8491857297263462e-05
3.0422539527990205e-04 -1.8599999999999999e-03 0.0000000000000000e+00 0.0000000000000000e+00 1.9273778163301696e+00 1.8896039411559946e-05
3.0749663608936335e-04 -1.8800000000000008e-03 0.0000000000000000e+00 0.0000000000000000e+00 1.9273777732799982e+00 1.9304591076846566e-05
3.1076787689882465e-04 -1.9000000000000015e-03 0.0000000000000000e+00 0.0000000000000000e+00 1.9273777302293593e+00 1.9717512293436037e-05
3.1403911770828594e-04 -1.9200000000000024e-03 0.0000000000000000e+00 0.0000000000000000e+00 1.9273776871787169e+00 2.0134803061641082e-05
3.1731035851774724e-04 -1.9400000000000031e-03 0.0000000000000000e+00 0.0000000000000000e+00 1.9273776441288446e+00 2.0556463381774413e-05
3.2058159932720853e-04 -1.9600000000000034e-03 0.0000000000000000e+00 0.0000000000000000e+00 1.9273776010784636e+00 2.0982493254148741e-05
3.2385284013666983e-04 -1.9800000000000035e-03 0.0000000000000000e+00 0.0000000000000000e+00 1.9273775580280808e+00 2.1412892679076781e-05
3.2712408094613113e-04 -2.0000000000000035e-03 0.0000000000000000e+00 0.0000000000000000e+00 1.9273775149782342e+00 2.1847661656871266e-05
