6.2118807088509078e-06 -1.9999999999999995e-05 0.0000000000000000e+00 0.0000000000000000e+00 1.7713089753420910e+00 2.7534197472113290e-09
1.2423761417701816e-05 -3.9999999999999990e-05 0.0000000000000000e+00 0.0000000000000000e+00 1.7713086652767496e+00 1.1013681531448409e-08
1.8635642126552723e-05 -5.9999999999999974e-05 0.0000000000000000e+00 0.0000000000000000e+00 1.7713083552092042e+00 2.4780789166615865e-08
2.4847522835403628e-05 -7.9999999999999979e-05 0.0000000000000000e+00 0.0000000000000000e+00 1.7713080451449268e+00 4.4054746466618365e-08
3.1059403544254533e-05 -1.0000000000000002e-04 0.0000000000000000e+00 0.0000000000000000e+00 1.7713077350726973e+00 6.8835557245360566e-08
3.7271284253105438e-05 -1.2000000000000008e-04 0.0000000000000000e+00 0.0000000000000000e+00 1.7713074250014049e+00 9.9123225316747126e-08
4.3483164961956344e-05 -1.4000000000000012e-04 0.0000000000000000e+00 0.0000000000000000e+00 1.7713071149295583e+00 1.3491775449468262e-07
4.9695045670807249e-05 -1.6000000000000020e-04 0.0000000000000000e+00 0.0000000000000000e+00 1.7713068048570659e+00 1.7621914859307178e-07
5.5906926379658154e-05 -1.8000000000000034e-04 0.0000000000000000e+00 0.0000000000000000e+00 1.7713064947890600e+00 2.2302741142581933e-07
6.2118807088509066e-05 -2.0000000000000047e-04 0.0000000000000000e+00 0.0000000000000000e+00 1.7713061847233462e+00 2.7534254680682980e-07
6.8330687797359978e-05 -2.2000000000000052e-04 0.0000000000000000e+00 0.0000000000000000e+00 1.7713058746579085e+00 3.3316455855000763e-07
7.4542568506210890e-05 -2.4000000000000060e-04 0.0000000000000000e+00 0.0000000000000000e+00 1.7713055645955686e+00 3.9649345046925768e-07
8.0754449215061802e-05 -2.6000000000000057e-04 0.0000000000000000e+00 0.0000000000000000e+00 1.7713052545356063e+00 4.6532922637848412e-07
8.6966329923912714e-05 -2.8000000000000063e-04 0.0000000000000000e+00 0.0000000000000000e+00 1.7713049444722571e+00 5.3967189009159220e-07
9.3178210632763626e-05 -3.0000000000000057e-04 0.0000000000000000e+00 0.0000000000000000e+00 1.7713046344158372e+00 6.1952144542248598e-07
9.9390091341614538e-05 -3.2000000000000051e-04 0.0000000000000000e+00 0.0000000000000000e+00 1.7713043243562046e+00 7.0487789618507044e-07
1.0560197205046545e-04 -3.4000000000000057e-04 0.0000000000000000e+00 0.0000000000000000e+00 1.7713040143005025e+00 7.9574124619325064e-07
1.1181385275931636e-04 -3.6000000000000062e-04 0.0000000000000000e+00 0.0000000000000000e+00 1.7713037042473221e+00 8.9211149926093083e-07
1.1802573346816727e-04 -3.8000000000000056e-04 0.0000000000000000e+00 0.0000000000000000e+00 1.7713033941943344e+00 9.9398865920201500e-07
1.2423761417701819e-04 -4.0000000000000045e-04 0.0000000000000000e+00 0.0000000000000000e+00 1.7713030841415514e+00 1.1013727298304080e-06
1.3044949488586908e-04 -4.2000000000000029e-04 0.0000000000000000e+00 0.0000000000000000e+00 1.7713027740907172e+00 1.2142637149600149e-06
1.3666137559471998e-04 -4.4000000000000029e-04 0.0000000000000000e+00 0.0000000000000000e+00 1.7713024640420261e+00 1.3326616184047408e-06
1.4287325630357088e-04 -4.6000000000000028e-04 0.0000000000000000e+00 0.0000000000000000e+00 1.7713021539948408e+00 1.4565664439784898e-06
1.4908513701242178e-04 -4.8000000000000039e-04 0.0000000000000000e+00 0.0000000000000000e+00 1.7713018439492743e+00 1.5859781954951673e-06
1.5529701772127268e-04 -5.0000000000000055e-04 0.0000000000000000e+00 0.0000000000000000e+00 1.7713015339052793e+00 1.7208968767686780e-06
1.6150889843012358e-04 -5.2000000000000071e-04 0.0000000000000000e+00 0.0000000000000000e+00 1.7713012238627750e+00 1.8613224916129251e-06
1.6772077913897448e-04 -5.4000000000000109e-04 0.0000000000000000e+00 0.0000000000000000e+00 1.7713009138222218e+00 2.0072550438418160e-06
1.7393265984782537e-04 -5.6000000000000136e-04 0.0000000000000000e+00 0.0000000000000000e+00 1.7713006037831072e+00 2.1586945372692525e-06
1.8014454055667627e-04 -5.8000000000000185e-04 0.0000000000000000e+00 0.0000000000000000e+00 1.7713002937449696e+00 2.3156409757091415e-06
1.8635642126552717e-04 -6.0000000000000212e-04 0.0000000000000000e+00 0.0000000000000000e+00 1.7712999837078647e+00 2.4780943629753853e-06
1.9256830197437807e-04 -6.2000000000000249e-04 0.0000000000000000e+00 0.0000000000000000e+00 1.7712996736719824e+00 2.6460547028818898e-06
1.9878018268322897e-04 -6.4000000000000298e-04 0.0000000000000000e+00 0.0000000000000000e+00 1.7712993636381544e+00 2.8195219992425603e-06
2.0499206339207987e-04 -6.6000000000000357e-04 0.0000000000000000e+00 0.0000000000000000e+00 1.7712990536069566e+00 2.9984962558713011e-06
2.1120394410093076e-04 -6.8000000000000428e-04 0.0000000000000000e+00 0.0000000000000000e+00 1.7712987435763183e+00 3.1829774765820182e-06
2.1741582480978166e-04 -7.0000000000000476e-04 0.0000000000000000e+00 0.0000000000000000e+00 1.7712984335462811e+00 3.3729656651886118e-06
2.2362770551863256e-04 -7.2000000000000547e-04 0.0000000000000000e+00 0.0000000000000000e+00 1.7712981235185641e+00 3.5684608255049912e-06
2.2983958622748346e-04 -7.4000000000000584e-04 0.0000000000000000e+00 0.0000000000000000e+00 1.7712978134932971e+00 3.7694629613450565e-06
2.3605146693633436e-04 -7.6000000000000611e-04 0.0000000000000000e+00 0.0000000000000000e+00 1.7712975034680019e+00 3.9759720765227138e-06
2.4226334764518526e-04 -7.8000000000000649e-04 0.0000000000000000e+00 0.0000000000000000e+00 1.7712971934443631e+00 4.1879881748518679e-06
2.4847522835403616e-04 -8.0000000000000665e-04 0.0000000000000000e+00 0.0000000000000000e+00 1.7712968834236080e+00 4.4055112601464225e-06
2.5468710906288705e-04 -8.2000000000000703e-04 0.0000000000000000e+00 0.0000000000000000e+00 1.7712965734027171e+00 4.6285413362202877e-06
2.6089898977173795e-04 -8.4000000000000773e-04 0.0000000000000000e+00 0.0000000000000000e+00 1.7712962633838953e+00 4.8570784068873664e-06
2.6711087048058885e-04 -8.6000000000000833e-04 0.0000000000000000e+00 0.0000000000000000e+00 1.7712959533673207e+00 5.0911224759615600e-06
2.7332275118943975e-04 -8.8000000000000860e-04 0.0000000000000000e+00 0.0000000000000000e+00 1.7712956433507423e+00 5.3306735472567716e-06
2.7953463189829065e-04 -9.0000000000000865e-04 0.0000000000000000e+00 0.0000000000000000e+00 1.7712953333373676e+00 5.5757316245869051e-06
2.8574651260714155e-04 -9.2000000000000870e-04 0.0000000000000000e+00 0.0000000000000000e+00 1.7712950233241305e+00 5.8262967117658695e-06
2.9195839331599244e-04 -9.4000000000000875e-04 0.0000000000000000e+00 0.0000000000000000e+00 1.7712947133128669e+00 6.0823688126075686e-06
2.9817027402484334e-04 -9.6000000000000891e-04 0.0000000000000000e+00 0.0000000000000000e+00 1.7712944033034335e+00 6.3439479309259056e-06
3.0438215473369424e-04 -9.8000000000000951e-04 0.0000000000000000e+00 0.0000000000000000e+00 1.7712940932945695e+00 6.6110340705347946e-06
3.1059403544254514e-04 -1.0000000000000098e-03 0.0000000000000000e+00 0.0000000000000000e+00 1.7712937832885802e+00 6.8836272352481276e-06
3.1680591615139604e-04 -1.0200000000000103e-03 0.0000000000000000e+00 0.0000000000000000e+00 1.7712934732825454e+00 7.1617274288798152e-06
3.2301779686024694e-04 -1.0400000000000108e-03 0.0000000000000000e+00 0.0000000000000000e+00 1.7712931632795845e+00 7.4453346552437605e-06
3.2922967756909784e-04 -1.0600000000000110e-03 0.0000000000000000e+00 0.0000000000000000e+00 1.7712928532765586e+00 7.7344489181538684e-06
3.3544155827794873e-04 -1.0800000000000109e-03 0.0000000000000000e+00 0.0000000000000000e+00 1.7712925432765434e+00 8.0290702214240334e-06
3.4165343898679963e-04 -1.1000000000000111e-03 0.0000000000000000e+00 0.0000000000000000e+00 1.7712922332765357e+00 8.3291985688681771e-06
3.4786531969565053e-04 -1.1200000000000112e-03 0.0000000000000000e+00 0.0000000000000000e+00 1.7712919232794846e+00 8.6348339643001943e-06
3.5407720040450143e-04 -1.1400000000000112e-03 0.0000000000000000e+00 0.0000000000000000e+00 1.7712916132825045e+00 8.9459764115339929e-06
3.6028908111335233e-04 -1.1600000000000111e-03 0.0000000000000000e+00 0.0000000000000000e+00 1.7712913032884123e+00 9.2626259143834745e-06
3.6650096182220323e-04 -1.1800000000000109e-03 0.0000000000000000e+00 0.0000000000000000e+00 1.7712909932944338e+00 9.5847824766625437e-06
3.7271284253105413e-04 -1.2000000000000105e-03 0.0000000000000000e+00 0.0000000000000000e+00 1.7712906833033026e+00 9.9124461021851054e-06
3.7892472323990502e-04 -1.2200000000000099e-03 0.0000000000000000e+00 0.0000000000000000e+00 1.7712903733123606e+00 1.0245616794765063e-05
3.8513660394875592e-04 -1.2400000000000091e-03 0.0000000000000000e+00 0.0000000000000000e+00 1.7712900633241404e+00 1.0584294558216322e-05
3.9134848465760682e-04 -1.2600000000000079e-03 0.0000000000000000e+00 0.0000000000000000e+00 1.7712897533364147e+00 1.0928479396352781e-05
3.9756036536645772e-04 -1.2800000000000068e-03 0.0000000000000000e+00 0.0000000000000000e+00 1.7712894433508743e+00 1.1278171312988354e-05
4.0377224607530862e-04 -1.3000000000000054e-03 0.0000000000000000e+00 0.0000000000000000e+00 1.7712891333665952e+00 1.1633370311936939e-05
4.0998412678415952e-04 -1.3200000000000043e-03 0.0000000000000000e+00 0.0000000000000000e+00 1.7712888233835280e+00 1.1994076397012456e-05
4.1619600749301041e-04 -1.3400000000000037e-03 0.0000000000000000e+00 0.0000000000000000e+00 1.7712885134026850e+00 1.2360289572028804e-05
4.2240788820186131e-04 -1.3600000000000038e-03 0.0000000000000000e+00 0.0000000000000000e+00 1.7712882034222650e+00 1.2732009840799893e-05
4.2861976891071221e-04 -1.3800000000000043e-03 0.0000000000000000e+00 0.0000000000000000e+00 1.7712878934444978e+00 1.3109237207139628e-05
4.3483164961956311e-04 -1.4000000000000052e-03 0.0000000000000000e+00 0.0000000000000000e+00 1.7712875834672608e+00 1.3491971674861915e-05
4.4104353032841401e-04 -1.4200000000000059e-03 0.0000000000000000e+00 0.0000000000000000e+00 1.7712872734921008e+00 1.3880213247780639e-05
4.4725541103726491e-04 -1.4400000000000068e-03 0.0000000000000000e+00 0.0000000000000000e+00 1.7712869635184572e+00 1.4273961929709722e-05
4.5346729174611581e-04 -1.4600000000000077e-03 0.0000000000000000e+00 0.0000000000000000e+00 1.7712866535456790e+00 1.4673217724463058e-05
4.5967917245496670e-04 -1.4800000000000091e-03 0.0000000000000000e+00 0.0000000000000000e+00 1.7712863435753534e+00 1.5077980635854564e-05
4.6589105316381760e-04 -1.5000000000000107e-03 0.0000000000000000e+00 0.0000000000000000e+00 1.7712860336055918e+00 1.5488250667698138e-05
4.7210293387266850e-04 -1.5200000000000118e-03 0.0000000000000000e+00 0.0000000000000000e+00 1.7712857236379207e+00 1.5904027823807676e-05
4.7831481458151940e-04 -1.5400000000000123e-03 0.0000000000000000e+00 0.0000000000000000e+00 1.7712854136718061e+00 1.6325312107997071e-05
4.8452669529037030e-04 -1.5600000000000125e-03 0.0000000000000000e+00 0.0000000000000000e+00 1.7712851037064554e+00 1.6752103524080247e-05
4.9073857599922120e-04 -1.5800000000000128e-03 0.0000000000000000e+00 0.0000000000000000e+00 1.7712847937435352e+00 1.7184402075871096e-05
4.9695045670807209e-04 -1.6000000000000124e-03 0.0000000000000000e+00 0.0000000000000000e+00 1.7712844837815174e+00 1.7622207767183525e-05
5.0316233741692299e-04 -1.6200000000000123e-03 0.0000000000000000e+00 0.0000000000000000e+00 1.7712841738209490e+00 1.8065520601831447e-05
5.0937421812577389e-04 -1.6400000000000119e-03 0.0000000000000000e+00 0.0000000000000000e+00 1.7712838638625008e+00 1.8514340583628766e-05
5.1558609883462479e-04 -1.6600000000000122e-03 0.0000000000000000e+00 0.0000000000000000e+00 1.7712835539047376e+00 1.8968667716389398e-05
5.2179797954347569e-04 -1.6800000000000126e-03 0.0000000000000000e+00 0.0000000000000000e+00 1.7712832439489632e+00 1.9428502003927242e-05
5.2800986025232659e-04 -1.7000000000000125e-03 0.0000000000000000e+00 0.0000000000000000e+00 1.7712829339948870e+00 1.9893843450056178e-05
5.3422174096117749e-04 -1.7200000000000121e-03 0.0000000000000000e+00 0.0000000000000000e+00 1.7712826240415509e+00 2.0364692058590133e-05
5.4043362167002838e-04 -1.7400000000000115e-03 0.0000000000000000e+00 0.0000000000000000e+00 1.7712823140903702e+00 2.0841047833342992e-05
5.4664550237887928e-04 -1.7600000000000120e-03 0.0000000000000000e+00 0.0000000000000000e+00 1.7712820041407169e+00 2.1322910778128707e-05
5.5285738308773018e-04 -1.7800000000000129e-03 0.0000000000000000e+00 0.0000000000000000e+00 1.7712816941918561e+00 2.1810280896761163e-05
5.5906926379658108e-04 -1.8000000000000143e-03 0.0000000000000000e+00 0.0000000000000000e+00 1.7712813842452226e+00 2.2303158193054257e-05
5.6528114450543198e-04 -1.8200000000000154e-03 0.0000000000000000e+00 0.0000000000000000e+00 1.7712810742999987e+00 2.2801542670821888e-05
5.7149302521428288e-04 -1.8400000000000172e-03 0.0000000000000000e+00 0.0000000000000000e+00 1.7712807643556614e+00 2.3305434333877981e-05
5.7770490592313377e-04 -1.8600000000000188e-03 0.0000000000000000e+00 0.0000000000000000e+00 1.7712804544134844e+00 2.3814833186036412e-05
5.8391678663198467e-04 -1.8800000000000205e-03 0.0000000000000000e+00 0.0000000000000000e+00 1.7712801444727593e+00 2.4329739231111102e-05
5.9012866734083557e-04 -1.9000000000000217e-03 0.0000000000000000e+00 0.0000000000000000e+00 1.7712798345329170e+00 2.4850152472915940e-05
5.9634054804968647e-04 -1.9200000000000226e-03 0.0000000000000000e+00 0.0000000000000000e+00 1.7712795245952040e+00 2.5376072915264828e-05
6.0255242875853737e-04 -1.9400000000000237e-03 0.0000000000000000e+00 0.0000000000000000e+00 1.7712792146589866e+00 2.5907500561971692e-05
6.0876430946738827e-04 -1.9600000000000247e-03 0.0000000000000000e+00 0.0000000000000000e+00 1.7712789047236819e+00 2.6444435416850419e-05
6.1497619017623917e-04 -1.9800000000000251e-03 0.0000000000000000e+00 0.0000000000000000e+00 1.7712785947903218e+00 2.6986877483714917e-05
6.2118807088509006e-04 -2.0000000000000252e-03 0.0000000000000000e+00 0.0000000000000000e+00 1.7712782848586610e+00 2.7534826766379077e-05
