8.6491106406735161e-06 -2.0000000000000005e-05 0.0000000000000000e+00 0.0000000000000000e+00 1.6310489838849078e+00 3.4971227284689577e-09
1.7298221281347032e-05 -3.9999999999999976e-05 0.0000000000000000e+00 0.0000000000000000e+00 1.6310486720185375e+00 1.3988494882234559e-08
2.5947331922020550e-05 -5.9999999999999981e-05 0.0000000000000000e+00 0.0000000000000000e+00 1.6310483601168033e+00 3.1474122413834954e-08
3.4596442562694071e-05 -8.0000000000000061e-05 0.0000000000000000e+00 0.0000000000000000e+00 1.6310480482082637e+00 5.5954011275808353e-08
4.3245553203367592e-05 -1.0000000000000021e-04 0.0000000000000000e+00 0.0000000000000000e+00 1.6310477363040876e+00 8.7428167420692920e-08
5.1894663844041114e-05 -1.2000000000000036e-04 0.0000000000000000e+00 0.0000000000000000e+00 1.6310474244066109e+00 1.2589659680102677e-07
6.0543774484714635e-05 -1.4000000000000039e-04 0.0000000000000000e+00 0.0000000000000000e+00 1.6310471125028190e+00 1.7135930536934770e-07
6.9192885125388156e-05 -1.6000000000000045e-04 0.0000000000000000e+00 0.0000000000000000e+00 1.6310468006065517e+00 2.2381629907819408e-07
7.7841995766061677e-05 -1.8000000000000042e-04 0.0000000000000000e+00 0.0000000000000000e+00 1.6310464887037870e+00 2.8326758388010380e-07
8.6491106406735198e-05 -2.0000000000000042e-04 0.0000000000000000e+00 0.0000000000000000e+00 1.6310461768055753e+00 3.4971316572761530e-07
9.5140217047408719e-05 -2.2000000000000028e-04 0.0000000000000000e+00 0.0000000000000000e+00 1.6310458649081288e+00 4.2315305057326605e-07
1.0378932768808224e-04 -2.4000000000000030e-04 0.0000000000000000e+00 0.0000000000000000e+00 1.6310455530132006e+00 5.0358724436959502e-07
1.1243843832875576e-04 -2.6000000000000057e-04 0.0000000000000000e+00 0.0000000000000000e+00 1.6310452411184584e+00 5.9101575306914119e-07
1.2108754896942928e-04 -2.8000000000000090e-04 0.0000000000000000e+00 0.0000000000000000e+00 1.6310449292212292e+00 6.8543858262444192e-07
1.2973665961010279e-04 -3.0000000000000127e-04 0.0000000000000000e+00 0.0000000000000000e+00 1.6310446173297497e+00 7.8685573898803523e-07
1.3838577025077628e-04 -3.2000000000000160e-04 0.0000000000000000e+00 0.0000000000000000e+00 1.6310443054346642e+00 8.9526722811245882e-07
1.4703488089144978e-04 -3.4000000000000225e-04 0.0000000000000000e+00 0.0000000000000000e+00 1.6310439935431897e+00 1.0106730559502529e-06
1.5568399153212327e-04 -3.6000000000000279e-04 0.0000000000000000e+00 0.0000000000000000e+00 1.6310436816533462e+00 1.1330732284539534e-06
1.6433310217279677e-04 -3.8000000000000349e-04 0.0000000000000000e+00 0.0000000000000000e+00 1.6310433697623248e+00 1.2624677515760999e-06
1.7298221281347026e-04 -4.0000000000000381e-04 0.0000000000000000e+00 0.0000000000000000e+00 1.6310430578720476e+00 1.3988566312692273e-06
1.8163132345414376e-04 -4.2000000000000457e-04 0.0000000000000000e+00 0.0000000000000000e+00 1.6310427459835715e+00 1.5422398734858784e-06
1.9028043409481725e-04 -4.4000000000000555e-04 0.0000000000000000e+00 0.0000000000000000e+00 1.6310424340963932e+00 1.6926174841785910e-06
1.9892954473549074e-04 -4.6000000000000641e-04 0.0000000000000000e+00 0.0000000000000000e+00 1.6310421222101792e+00 1.8499894692999004e-06
2.0757865537616424e-04 -4.8000000000000695e-04 0.0000000000000000e+00 0.0000000000000000e+00 1.6310418103244040e+00 2.0143558348023433e-06
2.1622776601683773e-04 -5.0000000000000793e-04 0.0000000000000000e+00 0.0000000000000000e+00 1.6310414984398076e+00 2.1857165866384637e-06
2.2487687665751123e-04 -5.2000000000000884e-04 0.0000000000000000e+00 0.0000000000000000e+00 1.6310411865557324e+00 2.3640717307607954e-06
2.3352598729818472e-04 -5.4000000000000998e-04 0.0000000000000000e+00 0.0000000000000000e+00 1.6310408746729244e+00 2.5494212731218797e-06
2.4217509793885821e-04 -5.6000000000001079e-04 0.0000000000000000e+00 0.0000000000000000e+00 1.6310405627911244e+00 2.7417652196742491e-06
2.5082420857953171e-04 -5.8000000000001150e-04 0.0000000000000000e+00 0.0000000000000000e+00 1.6310402509107407e+00 2.9411035763704439e-06
2.5947331922020520e-04 -6.0000000000001274e-04 0.0000000000000000e+00 0.0000000000000000e+00 1.6310399390312256e+00 3.1474363491630083e-06
2.6812242986087870e-04 -6.2000000000001355e-04 0.0000000000000000e+00 0.0000000000000000e+00 1.6310396271520351e+00 3.3607635440044723e-06
2.7677154050155219e-04 -6.4000000000001447e-04 0.0000000000000000e+00 0.0000000000000000e+00 1.6310393152734068e+00 3.5810851668473778e-06
2.8542065114222568e-04 -6.6000000000001572e-04 0.0000000000000000e+00 0.0000000000000000e+00 1.6310390033956048e+00 3.8084012236442657e-06
2.9406976178289918e-04 -6.8000000000001750e-04 0.0000000000000000e+00 0.0000000000000000e+00 1.6310386915197248e+00 4.0427117203476753e-06
3.0271887242357267e-04 -7.0000000000001962e-04 0.0000000000000000e+00 0.0000000000000000e+00 1.6310383796449404e+00 4.2840166629101450e-06
3.1136798306424617e-04 -7.2000000000002119e-04 0.0000000000000000e+00 0.0000000000000000e+00 1.6310380677697576e+00 4.5323160572842040e-06
3.2001709370491966e-04 -7.4000000000002341e-04 0.0000000000000000e+00 0.0000000000000000e+00 1.6310377558959692e+00 4.7876099094224017e-06
3.2866620434559315e-04 -7.6000000000002617e-04 0.0000000000000000e+00 0.0000000000000000e+00 1.6310374440242996e+00 5.0498982252772758e-06
3.3731531498626665e-04 -7.8000000000002872e-04 0.0000000000000000e+00 0.0000000000000000e+00 1.6310371321523724e+00 5.3191810108013552e-06
3.4596442562694014e-04 -8.0000000000003061e-04 0.0000000000000000e+00 0.0000000000000000e+00 1.6310368202809640e+00 5.5954582719471742e-06
3.5461353626761364e-04 -8.2000000000003294e-04 0.0000000000000000e+00 0.0000000000000000e+00 1.6310365084119445e+00 5.8787300146672841e-06
3.6326264690828713e-04 -8.4000000000003592e-04 0.0000000000000000e+00 0.0000000000000000e+00 1.6310361965427917e+00 6.1689962449142256e-06
3.7191175754896062e-04 -8.6000000000003955e-04 0.0000000000000000e+00 0.0000000000000000e+00 1.6310358846744757e+00 6.4662569686405365e-06
3.8056086818963412e-04 -8.8000000000004394e-04 0.0000000000000000e+00 0.0000000000000000e+00 1.6310355728081625e+00 6.7705121917987577e-06
3.8920997883030761e-04 -9.0000000000004876e-04 0.0000000000000000e+00 0.0000000000000000e+00 1.6310352609413690e+00 7.0817619203414234e-06
3.9785908947098111e-04 -9.2000000000005359e-04 0.0000000000000000e+00 0.0000000000000000e+00 1.6310349490767830e+00 7.4000061602210661e-06
4.0650820011165460e-04 -9.4000000000005928e-04 0.0000000000000000e+00 0.0000000000000000e+00 1.6310346372123823e+00 7.7252449173902369e-06
4.1515731075232810e-04 -9.6000000000006432e-04 0.0000000000000000e+00 0.0000000000000000e+00 1.6310343253487189e+00 8.0574781978014515e-06
4.2380642139300159e-04 -9.8000000000006914e-04 0.0000000000000000e+00 0.0000000000000000e+00 1.6310340134869274e+00 8.3967060074072559e-06
4.3245553203367508e-04 -1.0000000000000746e-03 0.0000000000000000e+00 0.0000000000000000e+00 1.6310337016247856e+00 8.7429283521601978e-06
4.4110464267434858e-04 -1.0200000000000797e-03 0.0000000000000000e+00 0.0000000000000000e+00 1.6310333897649913e+00 9.0961452380128012e-06
4.4975375331502207e-04 -1.0400000000000847e-03 0.0000000000000000e+00 0.0000000000000000e+00 1.6310330779047986e+00 9.4563566709176106e-06
4.5840286395569557e-04 -1.0600000000000906e-03 0.0000000000000000e+00 0.0000000000000000e+00 1.6310327660467447e+00 9.8235626568271771e-06
4.6705197459636906e-04 -1.0800000000000956e-03 0.0000000000000000e+00 0.0000000000000000e+00 1.6310324541884207e+00 1.0197763201694015e-05
4.7570108523704255e-04 -1.1000000000001015e-03 0.0000000000000000e+00 0.0000000000000000e+00 1.6310321423321397e+00 1.0578958311470684e-05
4.8435019587771605e-04 -1.1200000000001066e-03 0.0000000000000000e+00 0.0000000000000000e+00 1.6310318304758686e+00 1.0967147992109698e-05
4.9299930651838949e-04 -1.1400000000001129e-03 0.0000000000000000e+00 0.0000000000000000e+00 1.6310315186214170e+00 1.1362332249563634e-05
5.0164841715906287e-04 -1.1600000000001197e-03 0.0000000000000000e+00 0.0000000000000000e+00 1.6310312067668418e+00 1.1764511089785010e-05
5.1029752779973626e-04 -1.1800000000001278e-03 0.0000000000000000e+00 0.0000000000000000e+00 1.6310308949143222e+00 1.2173684518726385e-05
5.1894663844040964e-04 -1.2000000000001372e-03 0.0000000000000000e+00 0.0000000000000000e+00 1.6310305830616618e+00 1.2589852542340297e-05
5.2759574908108303e-04 -1.2200000000001454e-03 0.0000000000000000e+00 0.0000000000000000e+00 1.6310302712109959e+00 1.3013015166579239e-05
5.3624485972175642e-04 -1.2400000000001542e-03 0.0000000000000000e+00 0.0000000000000000e+00 1.6310299593601532e+00 1.3443172397395779e-05
5.4489397036242980e-04 -1.2600000000001631e-03 0.0000000000000000e+00 0.0000000000000000e+00 1.6310296475113544e+00 1.3880324240742450e-05
5.5354308100310319e-04 -1.2800000000001723e-03 0.0000000000000000e+00 0.0000000000000000e+00 1.6310293356623931e+00 1.4324470702571793e-05
5.6219219164377657e-04 -1.3000000000001801e-03 0.0000000000000000e+00 0.0000000000000000e+00 1.6310290238153278e+00 1.4775611788836310e-05
5.7084130228444996e-04 -1.3200000000001873e-03 0.0000000000000000e+00 0.0000000000000000e+00 1.6310287119684574e+00 1.5233747505488558e-05
5.7949041292512334e-04 -1.3400000000001952e-03 0.0000000000000000e+00 0.0000000000000000e+00 1.6310284001230135e+00 1.5698877858481096e-05
5.8813952356579673e-04 -1.3600000000002039e-03 0.0000000000000000e+00 0.0000000000000000e+00 1.6310280882784645e+00 1.6171002853766470e-05
5.9678863420647012e-04 -1.3800000000002135e-03 0.0000000000000000e+00 0.0000000000000000e+00 1.6310277764344026e+00 1.6650122497297226e-05
6.0543774484714350e-04 -1.4000000000002242e-03 0.0000000000000000e+00 0.0000000000000000e+00 1.6310274645919600e+00 1.7136236795025889e-05
6.1408685548781689e-04 -1.4200000000002355e-03 0.0000000000000000e+00 0.0000000000000000e+00 1.6310271527495372e+00 1.7629345752905009e-05
6.2273596612849027e-04 -1.4400000000002471e-03 0.0000000000000000e+00 0.0000000000000000e+00 1.6310268409089503e+00 1.8129449376887100e-05
6.3138507676916366e-04 -1.4600000000002599e-03 0.0000000000000000e+00 0.0000000000000000e+00 1.6310265290686861e+00 1.8636547672924734e-05
6.4003418740983704e-04 -1.4800000000002732e-03 0.0000000000000000e+00 0.0000000000000000e+00 1.6310262172295966e+00 1.9150640646970428e-05
6.4868329805051043e-04 -1.5000000000002821e-03 0.0000000000000000e+00 0.0000000000000000e+00 1.6310259053917251e+00 1.9671728304976605e-05
6.5733240869118382e-04 -1.5200000000002920e-03 0.0000000000000000e+00 0.0000000000000000e+00 1.6310255935539852e+00 2.0199810652895930e-05
6.6598151933185720e-04 -1.5400000000003020e-03 0.0000000000000000e+00 0.0000000000000000e+00 1.6310252817180786e+00 2.0734887696680921e-05
6.7463062997253059e-04 -1.5600000000003118e-03 0.0000000000000000e+00 0.0000000000000000e+00 1.6310249698824959e+00 2.1276959442284106e-05
6.8327974061320397e-04 -1.5800000000003231e-03 0.0000000000000000e+00 0.0000000000000000e+00 1.6310246580479086e+00 2.1826025895658065e-05
6.9192885125387736e-04 -1.6000000000003338e-03 0.0000000000000000e+00 0.0000000000000000e+00 1.6310243462147389e+00 2.2382087062755283e-05
7.0057796189455074e-04 -1.6200000000003436e-03 0.0000000000000000e+00 0.0000000000000000e+00 1.6310240343817188e+00 2.2945142949528301e-05
7.0922707253522413e-04 -1.6400000000003534e-03 0.0000000000000000e+00 0.0000000000000000e+00 1.6310237225502817e+00 2.3515193561929669e-05
7.1787618317589751e-04 -1.6600000000003624e-03 0.0000000000000000e+00 0.0000000000000000e+00 1.6310234107197004e+00 2.4092238905911905e-05
7.2652529381657090e-04 -1.6800000000003706e-03 0.0000000000000000e+00 0.0000000000000000e+00 1.6310230988894718e+00 2.4676278987427553e-05
7.3517440445724429e-04 -1.7000000000003802e-03 0.0000000000000000e+00 0.0000000000000000e+00 1.6310227870608953e+00 2.5267313812429195e-05
7.4382351509791767e-04 -1.7200000000003888e-03 0.0000000000000000e+00 0.0000000000000000e+00 1.6310224752329054e+00 2.5865343386869321e-05
7.5247262573859106e-04 -1.7400000000003962e-03 0.0000000000000000e+00 0.0000000000000000e+00 1.6310221634056672e+00 2.6470367716700458e-05
7.6112173637926444e-04 -1.7600000000004023e-03 0.0000000000000000e+00 0.0000000000000000e+00 1.6310218515799055e+00 2.7082386807875134e-05
7.6977084701993783e-04 -1.7800000000004084e-03 0.0000000000000000e+00 0.0000000000000000e+00 1.6310215397546302e+00 2.7701400666345931e-05
7.7841995766061121e-04 -1.8000000000004137e-03 0.0000000000000000e+00 0.0000000000000000e+00 1.6310212279302396e+00 2.8327409298065362e-05
7.8706906830128460e-04 -1.8200000000004207e-03 0.0000000000000000e+00 0.0000000000000000e+00 1.6310209161072435e+00 2.8960412708986032e-05
7.9571817894195799e-04 -1.8400000000004281e-03 0.0000000000000000e+00 0.0000000000000000e+00 1.6310206042846482e+00 2.9600410905060446e-05
8.0436728958263137e-04 -1.8600000000004351e-03 0.0000000000000000e+00 0.0000000000000000e+00 1.6310202924630932e+00 3.0247403892241121e-05
8.1301640022330476e-04 -1.8800000000004410e-03 0.0000000000000000e+00 0.0000000000000000e+00 1.6310199806428938e+00 3.0901391676480570e-05
8.2166551086397814e-04 -1.9000000000004454e-03 0.0000000000000000e+00 0.0000000000000000e+00 1.6310196688231013e+00 3.1562374263731315e-05
8.3031462150465153e-04 -1.9200000000004506e-03 0.0000000000000000e+00 0.0000000000000000e+00 1.6310193570043827e+00 3.2230351659945970e-05
8.3896373214532491e-04 -1.9400000000004563e-03 0.0000000000000000e+00 0.0000000000000000e+00 1.6310190451869500e+00 3.2905323871077063e-05
8.4761284278599830e-04 -1.9600000000004631e-03 0.0000000000000000e+00 0.0000000000000000e+00 1.6310187333700350e+00 3.3587290903077149e-05
8.5626195342667169e-04 -1.9800000000004679e-03 0.0000000000000000e+00 0.0000000000000000e+00 1.6310184215539560e+00 3.4276252761898687e-05
8.6491106406734507e-04 -2.0000000000004728e-03 0.0000000000000000e+00 0.0000000000000000e+00 1.6310181097393583e+00 3.4972209453494238e-05
