8.6491106406735161e-06 -1.9999999999999981e-05 0.0000000000000000e+00 0.0000000000000000e+00 1.6310488109803023e+00 3.4971232784317124e-09
1.7298221281347032e-05 -4.0000000000000010e-05 0.0000000000000000e+00 0.0000000000000000e+00 1.6310483262106448e+00 1.3988499281936670e-08
2.5947331922020550e-05 -5.9999999999999995e-05 0.0000000000000000e+00 0.0000000000000000e+00 1.6310478414069429e+00 3.1474137262829528e-08
3.4596442562694071e-05 -7.9999999999999925e-05 0.0000000000000000e+00 0.0000000000000000e+00 1.6310473565977535e+00 5.5954046473424913e-08
4.3245553203367592e-05 -9.9999999999999815e-05 0.0000000000000000e+00 0.0000000000000000e+00 1.6310468717942468e+00 8.7428236166037492e-08
5.1894663844041114e-05 -1.1999999999999966e-04 0.0000000000000000e+00 0.0000000000000000e+00 1.6310463869987575e+00 1.2589671559298194e-07
6.0543774484714635e-05 -1.3999999999999942e-04 0.0000000000000000e+00 0.0000000000000000e+00 1.6310459021982719e+00 1.7135949400657272e-07
6.9192885125388156e-05 -1.5999999999999904e-04 0.0000000000000000e+00 0.0000000000000000e+00 1.6310454174066309e+00 2.2381658065912439e-07
7.7841995766061677e-05 -1.7999999999999863e-04 0.0000000000000000e+00 0.0000000000000000e+00 1.6310449326098091e+00 2.8326798480295183e-07
8.6491106406735198e-05 -1.9999999999999838e-04 0.0000000000000000e+00 0.0000000000000000e+00 1.6310444478188584e+00 3.4971371569037024e-07
9.5140217047408719e-05 -2.1999999999999806e-04 0.0000000000000000e+00 0.0000000000000000e+00 1.6310439630299927e+00 4.2315378257369370e-07
1.0378932768808224e-04 -2.3999999999999762e-04 0.0000000000000000e+00 0.0000000000000000e+00 1.6310434782449639e+00 5.0358819470523655e-07
1.1243843832875576e-04 -2.5999999999999716e-04 0.0000000000000000e+00 0.0000000000000000e+00 1.6310429934614374e+00 5.9101696133731408e-07
1.2108754896942928e-04 -2.7999999999999667e-04 0.0000000000000000e+00 0.0000000000000000e+00 1.6310425086767437e+00 6.8544009172224052e-07
1.2973665961010279e-04 -2.9999999999999607e-04 0.0000000000000000e+00 0.0000000000000000e+00 1.6310420238991177e+00 7.8685759511233039e-07
1.3838577025077628e-04 -3.1999999999999564e-04 0.0000000000000000e+00 0.0000000000000000e+00 1.6310415391192046e+00 8.9526948075989948e-07
1.4703488089144978e-04 -3.3999999999999498e-04 0.0000000000000000e+00 0.0000000000000000e+00 1.6310410543442191e+00 1.0106757579172608e-06
1.5568399153212327e-04 -3.5999999999999417e-04 0.0000000000000000e+00 0.0000000000000000e+00 1.6310405695721848e+00 1.1330764358367292e-06
1.6433310217279677e-04 -3.7999999999999319e-04 0.0000000000000000e+00 0.0000000000000000e+00 1.6310400848002904e+00 1.2624715237706186e-06
1.7298221281347026e-04 -3.9999999999999216e-04 0.0000000000000000e+00 0.0000000000000000e+00 1.6310396000304570e+00 1.3988610309712454e-06
1.8163132345414376e-04 -4.1999999999999080e-04 0.0000000000000000e+00 0.0000000000000000e+00 1.6310391152637433e+00 1.5422449666909215e-06
1.9028043409481725e-04 -4.3999999999998955e-04 0.0000000000000000e+00 0.0000000000000000e+00 1.6310386304996449e+00 1.6926233401819641e-06
1.9892954473549074e-04 -4.5999999999998874e-04 0.0000000000000000e+00 0.0000000000000000e+00 1.6310381457378296e+00 1.8499961606966915e-06
2.0757865537616424e-04 -4.7999999999998809e-04 0.0000000000000000e+00 0.0000000000000000e+00 1.6310376609777708e+00 2.0143634374874153e-06
2.1622776601683773e-04 -4.9999999999998754e-04 0.0000000000000000e+00 0.0000000000000000e+00 1.6310371762202092e+00 2.1857251798064512e-06
2.2487687665751123e-04 -5.1999999999998662e-04 0.0000000000000000e+00 0.0000000000000000e+00 1.6310366914644869e+00 2.3640813969061091e-06
2.3352598729818472e-04 -5.3999999999998602e-04 0.0000000000000000e+00 0.0000000000000000e+00 1.6310362067113489e+00 2.5494320980387093e-06
2.4217509793885821e-04 -5.5999999999998521e-04 0.0000000000000000e+00 0.0000000000000000e+00 1.6310357219605374e+00 2.7417772924565634e-06
2.5082420857953171e-04 -5.7999999999998439e-04 0.0000000000000000e+00 0.0000000000000000e+00 1.6310352372124604e+00 2.9411169894119860e-06
2.5947331922020520e-04 -5.9999999999998347e-04 0.0000000000000000e+00 0.0000000000000000e+00 1.6310347524665683e+00 3.1474511981572916e-06
2.6812242986087870e-04 -6.1999999999998189e-04 0.0000000000000000e+00 0.0000000000000000e+00 1.6310342677223182e+00 3.3607799279447897e-06
2.7677154050155219e-04 -6.3999999999998054e-04 0.0000000000000000e+00 0.0000000000000000e+00 1.6310337829799488e+00 3.5811031880268031e-06
2.8542065114222568e-04 -6.5999999999997940e-04 0.0000000000000000e+00 0.0000000000000000e+00 1.6310332982397240e+00 3.8084209876556461e-06
2.9406976178289918e-04 -6.7999999999997836e-04 0.0000000000000000e+00 0.0000000000000000e+00 1.6310328135027392e+00 4.0427333360836336e-06
3.0271887242357267e-04 -6.9999999999997701e-04 0.0000000000000000e+00 0.0000000000000000e+00 1.6310323287681658e+00 4.2840402425630745e-06
3.1136798306424617e-04 -7.1999999999997522e-04 0.0000000000000000e+00 0.0000000000000000e+00 1.6310318440345113e+00 4.5323417163462831e-06
3.2001709370491966e-04 -7.3999999999997419e-04 0.0000000000000000e+00 0.0000000000000000e+00 1.6310313593035708e+00 4.7876377666855856e-06
3.2866620434559315e-04 -7.5999999999997272e-04 0.0000000000000000e+00 0.0000000000000000e+00 1.6310308745760658e+00 5.0499284028332848e-06
3.3731531498626665e-04 -7.7999999999997125e-04 0.0000000000000000e+00 0.0000000000000000e+00 1.6310303898496195e+00 5.3192136340416994e-06
3.4596442562694014e-04 -7.9999999999996957e-04 0.0000000000000000e+00 0.0000000000000000e+00 1.6310299051250114e+00 5.5954934695631430e-06
3.5461353626761364e-04 -8.1999999999996865e-04 0.0000000000000000e+00 0.0000000000000000e+00 1.6310294204041087e+00 5.8787679186499405e-06
3.6326264690828713e-04 -8.3999999999996816e-04 0.0000000000000000e+00 0.0000000000000000e+00 1.6310289356843883e+00 6.1690369905544037e-06
3.7191175754896062e-04 -8.5999999999996713e-04 0.0000000000000000e+00 0.0000000000000000e+00 1.6310284509668249e+00 6.4663006945288353e-06
3.8056086818963412e-04 -8.7999999999996610e-04 0.0000000000000000e+00 0.0000000000000000e+00 1.6310279662525795e+00 6.7705590398255566e-06
3.8920997883030761e-04 -8.9999999999996604e-04 0.0000000000000000e+00 0.0000000000000000e+00 1.6310274815391714e+00 7.0818120356968949e-06
3.9785908947098111e-04 -9.1999999999996598e-04 0.0000000000000000e+00 0.0000000000000000e+00 1.6310269968292896e+00 7.4000596913951528e-06
4.0650820011165460e-04 -9.3999999999996647e-04 0.0000000000000000e+00 0.0000000000000000e+00 1.6310265121209075e+00 7.7253020161726517e-06
4.1515731075232810e-04 -9.5999999999996641e-04 0.0000000000000000e+00 0.0000000000000000e+00 1.6310260274145829e+00 8.0575390192816941e-06
4.2380642139300159e-04 -9.7999999999996592e-04 0.0000000000000000e+00 0.0000000000000000e+00 1.6310255427114451e+00 8.3967707099745937e-06
4.3245553203367508e-04 -9.9999999999996576e-04 0.0000000000000000e+00 0.0000000000000000e+00 1.6310250580092740e+00 8.7429970975036745e-06
4.4110464267434858e-04 -1.0199999999999652e-03 0.0000000000000000e+00 0.0000000000000000e+00 1.6310245733107684e+00 9.0962181911212416e-06
4.4975375331502207e-04 -1.0399999999999648e-03 0.0000000000000000e+00 0.0000000000000000e+00 1.6310240886131804e+00 9.4564340000796222e-06
4.5840286395569557e-04 -1.0599999999999655e-03 0.0000000000000000e+00 0.0000000000000000e+00 1.6310236039190495e+00 9.8236445336311386e-06
4.6705197459636906e-04 -1.0799999999999673e-03 0.0000000000000000e+00 0.0000000000000000e+00 1.6310231192259634e+00 1.0197849801028114e-05
4.7570108523704255e-04 -1.0999999999999691e-03 0.0000000000000000e+00 0.0000000000000000e+00 1.6310226345362402e+00 1.0579049811522841e-05
4.8435019587771605e-04 -1.1199999999999713e-03 0.0000000000000000e+00 0.0000000000000000e+00 1.6310221498478403e+00 1.0967244574367644e-05
4.9299930651838949e-04 -1.1399999999999739e-03 0.0000000000000000e+00 0.0000000000000000e+00 1.6310216651625797e+00 1.1362434098814834e-05
5.0164841715906287e-04 -1.1599999999999768e-03 0.0000000000000000e+00 0.0000000000000000e+00 1.6310211804785102e+00 1.1764618394116727e-05
5.1029752779973626e-04 -1.1799999999999801e-03 0.0000000000000000e+00 0.0000000000000000e+00 1.6310206957978151e+00 1.2173797469525640e-05
5.1894663844040964e-04 -1.1999999999999841e-03 0.0000000000000000e+00 0.0000000000000000e+00 1.6310202111182932e+00 1.2589971334293893e-05
5.2759574908108303e-04 -1.2199999999999878e-03 0.0000000000000000e+00 0.0000000000000000e+00 1.6310197264420845e+00 1.3013139997673783e-05
5.3624485972175642e-04 -1.2399999999999915e-03 0.0000000000000000e+00 0.0000000000000000e+00 1.6310192417670144e+00 1.3443303468917631e-05
5.4489397036242980e-04 -1.2599999999999955e-03 0.0000000000000000e+00 0.0000000000000000e+00 1.6310187570953056e+00 1.3880461757277755e-05
5.5354308100310319e-04 -1.2800000000000001e-03 0.0000000000000000e+00 0.0000000000000000e+00 1.6310182724247508e+00 1.4324614872006477e-05
5.6219219164377657e-04 -1.3000000000000047e-03 0.0000000000000000e+00 0.0000000000000000e+00 1.6310177877574077e+00 1.4775762822356100e-05
5.7084130228444996e-04 -1.3200000000000100e-03 0.0000000000000000e+00 0.0000000000000000e+00 1.6310173030915778e+00 1.5233905617578956e-05
5.7949041292512334e-04 -1.3400000000000144e-03 0.0000000000000000e+00 0.0000000000000000e+00 1.6310168184284883e+00 1.5699043266927323e-05
5.8813952356579673e-04 -1.3600000000000187e-03 0.0000000000000000e+00 0.0000000000000000e+00 1.6310163337676136e+00 1.6171175779653537e-05
5.9678863420647012e-04 -1.3800000000000227e-03 0.0000000000000000e+00 0.0000000000000000e+00 1.6310158491085383e+00 1.6650303165009899e-05
6.0543774484714350e-04 -1.4000000000000269e-03 0.0000000000000000e+00 0.0000000000000000e+00 1.6310153644524017e+00 1.7136425432248742e-05
6.1408685548781689e-04 -1.4200000000000306e-03 0.0000000000000000e+00 0.0000000000000000e+00 1.6310148797976003e+00 1.7629542590622365e-05
6.2273596612849027e-04 -1.4400000000000348e-03 0.0000000000000000e+00 0.0000000000000000e+00 1.6310143951459499e+00 1.8129654649383099e-05
6.3138507676916366e-04 -1.4600000000000374e-03 0.0000000000000000e+00 0.0000000000000000e+00 1.6310139104959411e+00 1.8636761617783220e-05
6.4003418740983704e-04 -1.4800000000000405e-03 0.0000000000000000e+00 0.0000000000000000e+00 1.6310134258484199e+00 1.9150863505075079e-05
6.4868329805051043e-04 -1.5000000000000419e-03 0.0000000000000000e+00 0.0000000000000000e+00 1.6310129412034353e+00 1.9671960320510953e-05
6.5733240869118382e-04 -1.5200000000000441e-03 0.0000000000000000e+00 0.0000000000000000e+00 1.6310124565598980e+00 2.0200052073343206e-05
6.6598151933185720e-04 -1.5400000000000450e-03 0.0000000000000000e+00 0.0000000000000000e+00 1.6310119719195091e+00 2.0735138772824101e-05
6.7463062997253059e-04 -1.5600000000000466e-03 0.0000000000000000e+00 0.0000000000000000e+00 1.6310114872807620e+00 2.1277220428206002e-05
6.8327974061320397e-04 -1.5800000000000484e-03 0.0000000000000000e+00 0.0000000000000000e+00 1.6310110026443241e+00 2.1826297048741213e-05
6.9192885125387736e-04 -1.6000000000000515e-03 0.0000000000000000e+00 0.0000000000000000e+00 1.6310105180106211e+00 2.2382368643682082e-05
7.0057796189455074e-04 -1.6200000000000530e-03 0.0000000000000000e+00 0.0000000000000000e+00 1.6310100333783841e+00 2.2945435222280844e-05
7.0922707253522413e-04 -1.6400000000000557e-03 0.0000000000000000e+00 0.0000000000000000e+00 1.6310095487490441e+00 2.3515496793789880e-05
7.1787618317589751e-04 -1.6600000000000566e-03 0.0000000000000000e+00 0.0000000000000000e+00 1.6310090641218788e+00 2.4092553367461444e-05
7.2652529381657090e-04 -1.6800000000000573e-03 0.0000000000000000e+00 0.0000000000000000e+00 1.6310085794963798e+00 2.4676604952547877e-05
7.3517440445724429e-04 -1.7000000000000595e-03 0.0000000000000000e+00 0.0000000000000000e+00 1.6310080948738483e+00 2.5267651558301541e-05
7.4382351509791767e-04 -1.7200000000000602e-03 0.0000000000000000e+00 0.0000000000000000e+00 1.6310076102532218e+00 2.5865693193974671e-05
7.5247262573859106e-04 -1.7400000000000627e-03 0.0000000000000000e+00 0.0000000000000000e+00 1.6310071256346594e+00 2.6470729868819675e-05
7.6112173637926444e-04 -1.7600000000000634e-03 0.0000000000000000e+00 0.0000000000000000e+00 1.6310066410188915e+00 2.7082761592088767e-05
7.6977084701993783e-04 -1.7800000000000641e-03 0.0000000000000000e+00 0.0000000000000000e+00 1.6310061564049263e+00 2.7701788373034316e-05
7.7841995766061121e-04 -1.8000000000000646e-03 0.0000000000000000e+00 0.0000000000000000e+00 1.6310056717931587e+00 2.8327810220908623e-05
7.8706906830128460e-04 -1.8200000000000633e-03 0.0000000000000000e+00 0.0000000000000000e+00 1.6310051871841036e+00 2.8960827144963962e-05
7.9571817894195799e-04 -1.8400000000000634e-03 0.0000000000000000e+00 0.0000000000000000e+00 1.6310047025767649e+00 2.9600839154452727e-05
8.0436728958263137e-04 -1.8600000000000623e-03 0.0000000000000000e+00 0.0000000000000000e+00 1.6310042179717794e+00 3.0247846258627176e-05
8.1301640022330476e-04 -1.8800000000000628e-03 0.0000000000000000e+00 0.0000000000000000e+00 1.6310037333694662e+00 3.0901848466739692e-05
8.2166551086397814e-04 -1.9000000000000653e-03 0.0000000000000000e+00 0.0000000000000000e+00 1.6310032487688777e+00 3.1562845788042610e-05
8.3031462150465153e-04 -1.9200000000000686e-03 0.0000000000000000e+00 0.0000000000000000e+00 1.6310027641706755e+00 3.2230838231788202e-05
8.3896373214532491e-04 -1.9400000000000706e-03 0.0000000000000000e+00 0.0000000000000000e+00 1.6310022795750760e+00 3.2905825807228722e-05
8.4761284278599830e-04 -1.9600000000000728e-03 0.0000000000000000e+00 0.0000000000000000e+00 1.6310017949813107e+00 3.3587808523616543e-05
8.5626195342667169e-04 -1.9800000000000746e-03 0.0000000000000000e+00 0.0000000000000000e+00 1.6310013103896943e+00 3.4276786390203940e-05
8.6491106406734507e-04 -2.0000000000000781e-03 0.0000000000000000e+00 0.0000000000000000e+00 1.6310008258008755e+00 3.4972759416243313e-05
