8.6491106406735161e-06 -2.0000000000000012e-05 0.0000000000000000e+00 0.0000000000000000e+00 1.6310490991548039e+00 3.4971223618271189e-09
1.7298221281347032e-05 -3.9999999999999976e-05 0.0000000000000000e+00 0.0000000000000000e+00 1.6310489025577686e+00 1.3988491949099832e-08
2.5947331922020550e-05 -5.9999999999999947e-05 0.0000000000000000e+00 0.0000000000000000e+00 1.6310487059248080e+00 3.1474112514505226e-08
3.4596442562694071e-05 -7.9999999999999912e-05 0.0000000000000000e+00 0.0000000000000000e+00 1.6310485092844813e+00 5.5953987810730358e-08
4.3245553203367592e-05 -9.9999999999999883e-05 0.0000000000000000e+00 0.0000000000000000e+00 1.6310483126479565e+00 8.7428121590462322e-08
5.1894663844041114e-05 -1.1999999999999973e-04 0.0000000000000000e+00 0.0000000000000000e+00 1.6310481160175705e+00 1.2589651760638798e-07
6.0543774484714635e-05 -1.3999999999999953e-04 0.0000000000000000e+00 0.0000000000000000e+00 1.6310479193803071e+00 1.7135917961119442e-07
6.9192885125388156e-05 -1.5999999999999950e-04 0.0000000000000000e+00 0.0000000000000000e+00 1.6310477227500075e+00 2.2381611135756927e-07
7.7841995766061677e-05 -1.7999999999999933e-04 0.0000000000000000e+00 0.0000000000000000e+00 1.6310475261126500e+00 2.8326731659819883e-07
8.6491106406735198e-05 -1.9999999999999925e-04 0.0000000000000000e+00 0.0000000000000000e+00 1.6310473294792844e+00 3.4971279908577084e-07
9.5140217047408719e-05 -2.1999999999999903e-04 0.0000000000000000e+00 0.0000000000000000e+00 1.6310471328461225e+00 4.2315256257297158e-07
1.0378932768808224e-04 -2.3999999999999884e-04 0.0000000000000000e+00 0.0000000000000000e+00 1.6310469362149176e+00 5.0358661081248878e-07
1.1243843832875576e-04 -2.5999999999999862e-04 0.0000000000000000e+00 0.0000000000000000e+00 1.6310467395833388e+00 5.9101494755700902e-07
1.2108754896942928e-04 -2.7999999999999862e-04 0.0000000000000000e+00 0.0000000000000000e+00 1.6310465429487109e+00 6.8543757655922076e-07
1.2973665961010279e-04 -2.9999999999999938e-04 0.0000000000000000e+00 0.0000000000000000e+00 1.6310463463192717e+00 7.8685450157181358e-07
1.3838577025077628e-04 -3.2000000000000019e-04 0.0000000000000000e+00 0.0000000000000000e+00 1.6310461496856656e+00 8.9526572634747176e-07
1.4703488089144978e-04 -3.4000000000000100e-04 0.0000000000000000e+00 0.0000000000000000e+00 1.6310459530551102e+00 1.0106712546388823e-06
1.5568399153212327e-04 -3.6000000000000176e-04 0.0000000000000000e+00 0.0000000000000000e+00 1.6310457564256240e+00 1.1330710901987319e-06
1.6433310217279677e-04 -3.8000000000000224e-04 0.0000000000000000e+00 0.0000000000000000e+00 1.6310455597943980e+00 1.2624652367797062e-06
1.7298221281347026e-04 -4.0000000000000273e-04 0.0000000000000000e+00 0.0000000000000000e+00 1.6310453631633568e+00 1.3988536981344938e-06
1.8163132345414376e-04 -4.2000000000000316e-04 0.0000000000000000e+00 0.0000000000000000e+00 1.6310451665335555e+00 1.5422364780157817e-06
1.9028043409481725e-04 -4.4000000000000343e-04 0.0000000000000000e+00 0.0000000000000000e+00 1.6310449699044907e+00 1.6926135801762553e-06
1.9892954473549074e-04 -4.6000000000000403e-04 0.0000000000000000e+00 0.0000000000000000e+00 1.6310447732758293e+00 1.8499850083686058e-06
2.0757865537616424e-04 -4.8000000000000495e-04 0.0000000000000000e+00 0.0000000000000000e+00 1.6310445766470454e+00 2.0143507663455209e-06
2.1622776601683773e-04 -5.0000000000000630e-04 0.0000000000000000e+00 0.0000000000000000e+00 1.6310443800188799e+00 2.1857108578596872e-06
2.2487687665751123e-04 -5.2000000000000819e-04 0.0000000000000000e+00 0.0000000000000000e+00 1.6310441833906744e+00 2.3640652866637948e-06
2.3352598729818472e-04 -5.4000000000001042e-04 0.0000000000000000e+00 0.0000000000000000e+00 1.6310439867631747e+00 2.5494140565105299e-06
2.4217509793885821e-04 -5.6000000000001253e-04 0.0000000000000000e+00 0.0000000000000000e+00 1.6310437901361223e+00 2.7417571711525738e-06
2.5082420857953171e-04 -5.8000000000001421e-04 0.0000000000000000e+00 0.0000000000000000e+00 1.6310435935099248e+00 2.9410946343426120e-06
2.5947331922020520e-04 -6.0000000000001567e-04 0.0000000000000000e+00 0.0000000000000000e+00 1.6310433968840359e+00 3.1474264498333329e-06
2.6812242986087870e-04 -6.2000000000001756e-04 0.0000000000000000e+00 0.0000000000000000e+00 1.6310432002579112e+00 3.3607526213774303e-06
2.7677154050155219e-04 -6.4000000000001946e-04 0.0000000000000000e+00 0.0000000000000000e+00 1.6310430036317876e+00 3.5810731527275860e-06
2.8542065114222568e-04 -6.6000000000002114e-04 0.0000000000000000e+00 0.0000000000000000e+00 1.6310428070059284e+00 3.8083880476364862e-06
2.9406976178289918e-04 -6.8000000000002227e-04 0.0000000000000000e+00 0.0000000000000000e+00 1.6310426103814302e+00 4.0426973098568134e-06
3.0271887242357267e-04 -7.0000000000002374e-04 0.0000000000000000e+00 0.0000000000000000e+00 1.6310424137574682e+00 4.2840009431412636e-06
3.1136798306424617e-04 -7.2000000000002542e-04 0.0000000000000000e+00 0.0000000000000000e+00 1.6310422171325460e+00 4.5322989512425249e-06
3.2001709370491966e-04 -7.4000000000002644e-04 0.0000000000000000e+00 0.0000000000000000e+00 1.6310420205084570e+00 4.7875913379132709e-06
3.2866620434559315e-04 -7.6000000000002704e-04 0.0000000000000000e+00 0.0000000000000000e+00 1.6310418238859266e+00 5.0498781069061937e-06
3.3731531498626665e-04 -7.8000000000002752e-04 0.0000000000000000e+00 0.0000000000000000e+00 1.6310416272625783e+00 5.3191592619739847e-06
3.4596442562694014e-04 -8.0000000000002725e-04 0.0000000000000000e+00 0.0000000000000000e+00 1.6310414306391872e+00 5.5954348068693202e-06
3.5461353626761364e-04 -8.2000000000002698e-04 0.0000000000000000e+00 0.0000000000000000e+00 1.6310412340176239e+00 5.8787047453448965e-06
3.6326264690828713e-04 -8.4000000000002757e-04 0.0000000000000000e+00 0.0000000000000000e+00 1.6310410373953677e+00 6.1689690811534126e-06
3.7191175754896062e-04 -8.6000000000002817e-04 0.0000000000000000e+00 0.0000000000000000e+00 1.6310408407733858e+00 6.4662278180475456e-06
3.8056086818963412e-04 -8.8000000000002790e-04 0.0000000000000000e+00 0.0000000000000000e+00 1.6310406441528478e+00 6.7704809597799690e-06
3.8920997883030761e-04 -9.0000000000002708e-04 0.0000000000000000e+00 0.0000000000000000e+00 1.6310404475312683e+00 7.0817285101033751e-06
3.9785908947098111e-04 -9.2000000000002702e-04 0.0000000000000000e+00 0.0000000000000000e+00 1.6310402509113344e+00 7.3999704727704687e-06
4.0650820011165460e-04 -9.4000000000002632e-04 0.0000000000000000e+00 0.0000000000000000e+00 1.6310400542910268e+00 7.7252068515339159e-06
4.1515731075232810e-04 -9.6000000000002637e-04 0.0000000000000000e+00 0.0000000000000000e+00 1.6310398576708938e+00 8.0574376501464267e-06
4.2380642139300159e-04 -9.8000000000002729e-04 0.0000000000000000e+00 0.0000000000000000e+00 1.6310396610520739e+00 8.3966628723606857e-06
4.3245553203367508e-04 -1.0000000000000284e-03 0.0000000000000000e+00 0.0000000000000000e+00 1.6310394644323416e+00 8.7428825219293775e-06
4.4110464267434858e-04 -1.0200000000000300e-03 0.0000000000000000e+00 0.0000000000000000e+00 1.6310392678143966e+00 9.0960966026051883e-06
4.4975375331502207e-04 -1.0400000000000324e-03 0.0000000000000000e+00 0.0000000000000000e+00 1.6310390711954927e+00 9.4563051181408147e-06
4.5840286395569557e-04 -1.0600000000000351e-03 0.0000000000000000e+00 0.0000000000000000e+00 1.6310388745781657e+00 9.8235080722889294e-06
4.6705197459636906e-04 -1.0800000000000382e-03 0.0000000000000000e+00 0.0000000000000000e+00 1.6310386779600095e+00 1.0197705468802229e-05
4.7570108523704255e-04 -1.1000000000000404e-03 0.0000000000000000e+00 0.0000000000000000e+00 1.6310384813433345e+00 1.0578897311433374e-05
4.8435019587771605e-04 -1.1200000000000437e-03 0.0000000000000000e+00 0.0000000000000000e+00 1.6310382847261100e+00 1.0967083603935090e-05
4.9299930651838949e-04 -1.1400000000000481e-03 0.0000000000000000e+00 0.0000000000000000e+00 1.6310380881101429e+00 1.1362264350060062e-05
5.0164841715906287e-04 -1.1600000000000520e-03 0.0000000000000000e+00 0.0000000000000000e+00 1.6310378914934933e+00 1.1764439553560948e-05
5.1029752779973626e-04 -1.1800000000000569e-03 0.0000000000000000e+00 0.0000000000000000e+00 1.6310376948783369e+00 1.2173609218190462e-05
5.1894663844040964e-04 -1.2000000000000610e-03 0.0000000000000000e+00 0.0000000000000000e+00 1.6310374982624809e+00 1.2589773347701262e-05
5.2759574908108303e-04 -1.2200000000000643e-03 0.0000000000000000e+00 0.0000000000000000e+00 1.6310373016480573e+00 1.3012931945846032e-05
5.3624485972175642e-04 -1.2400000000000677e-03 0.0000000000000000e+00 0.0000000000000000e+00 1.6310371050328969e+00 1.3443085016377476e-05
5.4489397036242980e-04 -1.2600000000000723e-03 0.0000000000000000e+00 0.0000000000000000e+00 1.6310369084192193e+00 1.3880232563048303e-05
5.5354308100310319e-04 -1.2800000000000756e-03 0.0000000000000000e+00 0.0000000000000000e+00 1.6310367118048192e+00 1.4324374589611151e-05
5.6219219164377657e-04 -1.3000000000000802e-03 0.0000000000000000e+00 0.0000000000000000e+00 1.6310365151917543e+00 1.4775511099818761e-05
5.7084130228444996e-04 -1.3200000000000841e-03 0.0000000000000000e+00 0.0000000000000000e+00 1.6310363185783234e+00 1.5233642097423777e-05
5.7949041292512334e-04 -1.3400000000000887e-03 0.0000000000000000e+00 0.0000000000000000e+00 1.6310361219657596e+00 1.5698767586178915e-05
5.8813952356579673e-04 -1.3600000000000938e-03 0.0000000000000000e+00 0.0000000000000000e+00 1.6310359253535278e+00 1.6170887569836857e-05
5.9678863420647012e-04 -1.3800000000000975e-03 0.0000000000000000e+00 0.0000000000000000e+00 1.6310357287412256e+00 1.6650002052150257e-05
6.0543774484714350e-04 -1.4000000000000999e-03 0.0000000000000000e+00 0.0000000000000000e+00 1.6310355321299808e+00 1.7136111036871795e-05
6.1408685548781689e-04 -1.4200000000001015e-03 0.0000000000000000e+00 0.0000000000000000e+00 1.6310353355181948e+00 1.7629214527754166e-05
6.2273596612849027e-04 -1.4400000000001037e-03 0.0000000000000000e+00 0.0000000000000000e+00 1.6310351389076849e+00 1.8129312528550103e-05
6.3138507676916366e-04 -1.4600000000001055e-03 0.0000000000000000e+00 0.0000000000000000e+00 1.6310349422969359e+00 1.8636405043012249e-05
6.4003418740983704e-04 -1.4800000000001084e-03 0.0000000000000000e+00 0.0000000000000000e+00 1.6310347456868033e+00 1.9150492074893342e-05
6.4868329805051043e-04 -1.5000000000001035e-03 0.0000000000000000e+00 0.0000000000000000e+00 1.6310345490773270e+00 1.9671573627945859e-05
6.5733240869118382e-04 -1.5200000000000979e-03 0.0000000000000000e+00 0.0000000000000000e+00 1.6310343524674216e+00 2.0199649705922648e-05
6.6598151933185720e-04 -1.5400000000000932e-03 0.0000000000000000e+00 0.0000000000000000e+00 1.6310341558587897e+00 2.0734720312576426e-05
6.7463062997253059e-04 -1.5600000000000874e-03 0.0000000000000000e+00 0.0000000000000000e+00 1.6310339592499199e+00 2.1276785451659840e-05
6.8327974061320397e-04 -1.5800000000000826e-03 0.0000000000000000e+00 0.0000000000000000e+00 1.6310337626414875e+00 2.1825845126925631e-05
6.9192885125387736e-04 -1.6000000000000777e-03 0.0000000000000000e+00 0.0000000000000000e+00 1.6310335660339106e+00 2.2381899342126440e-05
7.0057796189455074e-04 -1.6200000000000743e-03 0.0000000000000000e+00 0.0000000000000000e+00 1.6310333694259225e+00 2.2944948101015024e-05
7.0922707253522413e-04 -1.6400000000000722e-03 0.0000000000000000e+00 0.0000000000000000e+00 1.6310331728189584e+00 2.3514991407344036e-05
7.1787618317589751e-04 -1.6600000000000690e-03 0.0000000000000000e+00 0.0000000000000000e+00 1.6310329762122884e+00 2.4092029264866130e-05
7.2652529381657090e-04 -1.6800000000000666e-03 0.0000000000000000e+00 0.0000000000000000e+00 1.6310327796054114e+00 2.4676061677334022e-05
7.3517440445724429e-04 -1.7000000000000637e-03 0.0000000000000000e+00 0.0000000000000000e+00 1.6310325829996268e+00 2.5267088648500376e-05
7.4382351509791767e-04 -1.7200000000000622e-03 0.0000000000000000e+00 0.0000000000000000e+00 1.6310323863938661e+00 2.5865110182117923e-05
7.5247262573859106e-04 -1.7400000000000622e-03 0.0000000000000000e+00 0.0000000000000000e+00 1.6310321897882993e+00 2.6470126281939359e-05
7.6112173637926444e-04 -1.7600000000000632e-03 0.0000000000000000e+00 0.0000000000000000e+00 1.6310319931836477e+00 2.7082136951717351e-05
7.6977084701993783e-04 -1.7800000000000639e-03 0.0000000000000000e+00 0.0000000000000000e+00 1.6310317965789207e+00 2.7701142195204563e-05
7.7841995766061121e-04 -1.8000000000000628e-03 0.0000000000000000e+00 0.0000000000000000e+00 1.6310315999745213e+00 2.8327142016153627e-05
7.8706906830128460e-04 -1.8200000000000627e-03 0.0000000000000000e+00 0.0000000000000000e+00 1.6310314033709541e+00 2.8960136418317320e-05
7.9571817894195799e-04 -1.8400000000000614e-03 0.0000000000000000e+00 0.0000000000000000e+00 1.6310312067672261e+00 2.9600125405448261e-05
8.0436728958263137e-04 -1.8600000000000593e-03 0.0000000000000000e+00 0.0000000000000000e+00 1.6310310101639804e+00 3.0247108981299141e-05
8.1301640022330476e-04 -1.8800000000000561e-03 0.0000000000000000e+00 0.0000000000000000e+00 1.6310308135615286e+00 3.0901087149622650e-05
8.2166551086397814e-04 -1.9000000000000529e-03 0.0000000000000000e+00 0.0000000000000000e+00 1.6310306169589233e+00 3.1562059914171505e-05
8.3031462150465153e-04 -1.9200000000000478e-03 0.0000000000000000e+00 0.0000000000000000e+00 1.6310304203568340e+00 3.2230027278698324e-05
8.3896373214532491e-04 -1.9400000000000415e-03 0.0000000000000000e+00 0.0000000000000000e+00 1.6310302237554681e+00 3.2904989246955824e-05
8.4761284278599830e-04 -1.9600000000000359e-03 0.0000000000000000e+00 0.0000000000000000e+00 1.6310300271540590e+00 3.3586945822696754e-05
8.5626195342667169e-04 -1.9800000000000316e-03 0.0000000000000000e+00 0.0000000000000000e+00 1.6310298305529276e+00 3.4275897009673807e-05
8.6491106406734507e-04 -2.0000000000000291e-03 0.0000000000000000e+00 0.0000000000000000e+00 1.6310296339527168e+00 3.4971842811639680e-05
