8.6491106406735161e-06 -2.0000000000000019e-05 0.0000000000000000e+00 0.0000000000000000e+00 1.6310490415198398e+00 3.4971225451480414e-09
1.7298221281347032e-05 -4.0000000000000024e-05 0.0000000000000000e+00 0.0000000000000000e+00 1.6310487872880894e+00 1.3988493415667224e-08
2.5947331922020550e-05 -5.9999999999999981e-05 0.0000000000000000e+00 0.0000000000000000e+00 1.6310485330206628e+00 3.1474117464170107e-08
3.4596442562694071e-05 -7.9999999999999857e-05 0.0000000000000000e+00 0.0000000000000000e+00 1.6310482787461182e+00 5.5953999543269193e-08
4.3245553203367592e-05 -9.9999999999999774e-05 0.0000000000000000e+00 0.0000000000000000e+00 1.6310480244756247e+00 8.7428144505577211e-08
5.1894663844041114e-05 -1.1999999999999958e-04 0.0000000000000000e+00 0.0000000000000000e+00 1.6310477702115183e+00 1.2589655720370649e-07
6.0543774484714635e-05 -1.3999999999999936e-04 0.0000000000000000e+00 0.0000000000000000e+00 1.6310475159407842e+00 1.7135924249026979e-07
6.9192885125388156e-05 -1.5999999999999928e-04 0.0000000000000000e+00 0.0000000000000000e+00 1.6310472616772622e+00 2.2381620521787998e-07
7.7841995766061677e-05 -1.7999999999999939e-04 0.0000000000000000e+00 0.0000000000000000e+00 1.6310470074069308e+00 2.8326745023914999e-07
8.6491106406735198e-05 -1.9999999999999944e-04 0.0000000000000000e+00 0.0000000000000000e+00 1.6310467531408401e+00 3.4971298240669185e-07
9.5140217047408719e-05 -2.1999999999999952e-04 0.0000000000000000e+00 0.0000000000000000e+00 1.6310464988752020e+00 4.2315280657311831e-07
1.0378932768808224e-04 -2.3999999999999963e-04 0.0000000000000000e+00 0.0000000000000000e+00 1.6310462446117697e+00 5.0358692759104206e-07
1.1243843832875576e-04 -2.5999999999999960e-04 0.0000000000000000e+00 0.0000000000000000e+00 1.6310459903482120e+00 5.9101535031307516e-07
1.2108754896942928e-04 -2.7999999999999981e-04 0.0000000000000000e+00 0.0000000000000000e+00 1.6310457360818540e+00 6.8543807959183155e-07
1.2973665961010279e-04 -3.0000000000000014e-04 0.0000000000000000e+00 0.0000000000000000e+00 1.6310454818209337e+00 7.8685512027992350e-07
1.3838577025077628e-04 -3.2000000000000024e-04 0.0000000000000000e+00 0.0000000000000000e+00 1.6310452275560954e+00 8.9526647722996201e-07
1.4703488089144978e-04 -3.4000000000000019e-04 0.0000000000000000e+00 0.0000000000000000e+00 1.6310449732945558e+00 1.0106721552945600e-06
1.5568399153212327e-04 -3.5999999999999975e-04 0.0000000000000000e+00 0.0000000000000000e+00 1.6310447190343345e+00 1.1330721593263285e-06
1.6433310217279677e-04 -3.7999999999999894e-04 0.0000000000000000e+00 0.0000000000000000e+00 1.6310444647726228e+00 1.2624664941778799e-06
1.7298221281347026e-04 -3.9999999999999856e-04 0.0000000000000000e+00 0.0000000000000000e+00 1.6310442105113436e+00 1.3988551647018310e-06
1.8163132345414376e-04 -4.1999999999999839e-04 0.0000000000000000e+00 0.0000000000000000e+00 1.6310439562515533e+00 1.5422381757507947e-06
1.9028043409481725e-04 -4.3999999999999844e-04 0.0000000000000000e+00 0.0000000000000000e+00 1.6310437019927482e+00 1.6926155321773820e-06
1.9892954473549074e-04 -4.5999999999999828e-04 0.0000000000000000e+00 0.0000000000000000e+00 1.6310434477345954e+00 1.8499872388342039e-06
2.0757865537616424e-04 -4.7999999999999844e-04 0.0000000000000000e+00 0.0000000000000000e+00 1.6310431934765690e+00 2.0143533005738764e-06
2.1622776601683773e-04 -4.9999999999999914e-04 0.0000000000000000e+00 0.0000000000000000e+00 1.6310429392194090e+00 2.1857137222490138e-06
2.2487687665751123e-04 -5.2000000000000039e-04 0.0000000000000000e+00 0.0000000000000000e+00 1.6310426849624580e+00 2.3640685087122298e-06
2.3352598729818472e-04 -5.4000000000000142e-04 0.0000000000000000e+00 0.0000000000000000e+00 1.6310424307064622e+00 2.5494176648161309e-06
2.4217509793885821e-04 -5.6000000000000190e-04 0.0000000000000000e+00 0.0000000000000000e+00 1.6310421764511618e+00 2.7417611954133268e-06
2.5082420857953171e-04 -5.8000000000000174e-04 0.0000000000000000e+00 0.0000000000000000e+00 1.6310419221969654e+00 2.9410991053564282e-06
2.5947331922020520e-04 -6.0000000000000114e-04 0.0000000000000000e+00 0.0000000000000000e+00 1.6310416679433259e+00 3.1474313994980501e-06
2.6812242986087870e-04 -6.2000000000000087e-04 0.0000000000000000e+00 0.0000000000000000e+00 1.6310414136896987e+00 3.3607580826908107e-06
2.7677154050155219e-04 -6.4000000000000016e-04 0.0000000000000000e+00 0.0000000000000000e+00 1.6310411594363219e+00 3.5810791597873161e-06
2.8542065114222568e-04 -6.5999999999999967e-04 0.0000000000000000e+00 0.0000000000000000e+00 1.6310409051834582e+00 3.8083946356401849e-06
2.9406976178289918e-04 -6.7999999999999929e-04 0.0000000000000000e+00 0.0000000000000000e+00 1.6310406509322042e+00 4.0427045151020283e-06
3.0271887242357267e-04 -6.9999999999999902e-04 0.0000000000000000e+00 0.0000000000000000e+00 1.6310403966817348e+00 4.2840088030254591e-06
3.1136798306424617e-04 -7.1999999999999874e-04 0.0000000000000000e+00 0.0000000000000000e+00 1.6310401424305538e+00 4.5323075042630909e-06
3.2001709370491966e-04 -7.3999999999999880e-04 0.0000000000000000e+00 0.0000000000000000e+00 1.6310398881804553e+00 4.7876006236675381e-06
3.2866620434559315e-04 -7.5999999999999885e-04 0.0000000000000000e+00 0.0000000000000000e+00 1.6310396339321633e+00 5.0498881660914094e-06
3.3731531498626665e-04 -7.7999999999999944e-04 0.0000000000000000e+00 0.0000000000000000e+00 1.6310393796833020e+00 5.3191701363873252e-06
3.4596442562694014e-04 -8.0000000000000069e-04 0.0000000000000000e+00 0.0000000000000000e+00 1.6310391254346472e+00 5.5954465394078982e-06
3.5461353626761364e-04 -8.2000000000000226e-04 0.0000000000000000e+00 0.0000000000000000e+00 1.6310388711880686e+00 5.8787173800057396e-06
3.6326264690828713e-04 -8.4000000000000459e-04 0.0000000000000000e+00 0.0000000000000000e+00 1.6310386169410458e+00 6.1689826630334663e-06
3.7191175754896062e-04 -8.6000000000000638e-04 0.0000000000000000e+00 0.0000000000000000e+00 1.6310383626945459e+00 6.4662423933436751e-06
3.8056086818963412e-04 -8.8000000000000773e-04 0.0000000000000000e+00 0.0000000000000000e+00 1.6310381084497383e+00 6.7704965757889805e-06
3.8920997883030761e-04 -9.0000000000000854e-04 0.0000000000000000e+00 0.0000000000000000e+00 1.6310378542041377e+00 7.0817452152219918e-06
3.9785908947098111e-04 -9.2000000000000935e-04 0.0000000000000000e+00 0.0000000000000000e+00 1.6310375999604314e+00 7.3999883164953278e-06
4.0650820011165460e-04 -9.4000000000000919e-04 0.0000000000000000e+00 0.0000000000000000e+00 1.6310373457166001e+00 7.7252258844615885e-06
4.1515731075232810e-04 -9.6000000000000967e-04 0.0000000000000000e+00 0.0000000000000000e+00 1.6310370914731924e+00 8.0574579239734097e-06
4.2380642139300159e-04 -9.8000000000001059e-04 0.0000000000000000e+00 0.0000000000000000e+00 1.6310368372313457e+00 8.3966844398833999e-06
4.3245553203367508e-04 -1.0000000000000119e-03 0.0000000000000000e+00 0.0000000000000000e+00 1.6310365829888360e+00 8.7429054370441769e-06
4.4110464267434858e-04 -1.0200000000000129e-03 0.0000000000000000e+00 0.0000000000000000e+00 1.6310363287483618e+00 9.0961209203083349e-06
4.4975375331502207e-04 -1.0400000000000147e-03 0.0000000000000000e+00 0.0000000000000000e+00 1.6310360745071772e+00 9.4563308945285071e-06
4.5840286395569557e-04 -1.0600000000000160e-03 0.0000000000000000e+00 0.0000000000000000e+00 1.6310358202678188e+00 9.8235353645572875e-06
4.6705197459636906e-04 -1.0800000000000176e-03 0.0000000000000000e+00 0.0000000000000000e+00 1.6310355660278788e+00 1.0197734335247299e-05
4.7570108523704255e-04 -1.1000000000000181e-03 0.0000000000000000e+00 0.0000000000000000e+00 1.6310353117896697e+00 1.0578927811451131e-05
4.8435019587771605e-04 -1.1200000000000194e-03 0.0000000000000000e+00 0.0000000000000000e+00 1.6310350575511585e+00 1.0967115798021432e-05
4.9299930651838949e-04 -1.1400000000000201e-03 0.0000000000000000e+00 0.0000000000000000e+00 1.6310348033141542e+00 1.1362298299810784e-05
5.0164841715906287e-04 -1.1600000000000210e-03 0.0000000000000000e+00 0.0000000000000000e+00 1.6310345490767149e+00 1.1764475321671818e-05
5.1029752779973626e-04 -1.1800000000000222e-03 0.0000000000000000e+00 0.0000000000000000e+00 1.6310342948410186e+00 1.2173646868457145e-05
5.1894663844040964e-04 -1.2000000000000244e-03 0.0000000000000000e+00 0.0000000000000000e+00 1.6310340406048700e+00 1.2589812945019395e-05
5.2759574908108303e-04 -1.2200000000000273e-03 0.0000000000000000e+00 0.0000000000000000e+00 1.6310337863704034e+00 1.3012973556211173e-05
5.3624485972175642e-04 -1.2400000000000291e-03 0.0000000000000000e+00 0.0000000000000000e+00 1.6310335321354481e+00 1.3443128706885058e-05
5.4489397036242980e-04 -1.2600000000000304e-03 0.0000000000000000e+00 0.0000000000000000e+00 1.6310332779022245e+00 1.3880278401893677e-05
5.5354308100310319e-04 -1.2800000000000313e-03 0.0000000000000000e+00 0.0000000000000000e+00 1.6310330236685269e+00 1.4324422646089640e-05
5.6219219164377657e-04 -1.3000000000000322e-03 0.0000000000000000e+00 0.0000000000000000e+00 1.6310327694364126e+00 1.4775561444325571e-05
5.7084130228444996e-04 -1.3200000000000319e-03 0.0000000000000000e+00 0.0000000000000000e+00 1.6310325152041814e+00 1.5233694801454050e-05
5.7949041292512334e-04 -1.3400000000000326e-03 0.0000000000000000e+00 0.0000000000000000e+00 1.6310322609730654e+00 1.5698822722327742e-05
5.8813952356579673e-04 -1.3600000000000346e-03 0.0000000000000000e+00 0.0000000000000000e+00 1.6310320067425312e+00 1.6170945211799268e-05
5.9678863420647012e-04 -1.3800000000000361e-03 0.0000000000000000e+00 0.0000000000000000e+00 1.6310317525121731e+00 1.6650062274721192e-05
6.0543774484714350e-04 -1.4000000000000375e-03 0.0000000000000000e+00 0.0000000000000000e+00 1.6310314982831220e+00 1.7136173915946145e-05
6.1408685548781689e-04 -1.4200000000000384e-03 0.0000000000000000e+00 0.0000000000000000e+00 1.6310312440537784e+00 1.7629280140326731e-05
6.2273596612849027e-04 -1.4400000000000383e-03 0.0000000000000000e+00 0.0000000000000000e+00 1.6310309898259596e+00 1.8129380952715549e-05
6.3138507676916366e-04 -1.4600000000000370e-03 0.0000000000000000e+00 0.0000000000000000e+00 1.6310307355981499e+00 1.8636476357965205e-05
6.4003418740983704e-04 -1.4800000000000345e-03 0.0000000000000000e+00 0.0000000000000000e+00 1.6310304813712047e+00 1.9150566360928307e-05
6.4868329805051043e-04 -1.5000000000000274e-03 0.0000000000000000e+00 0.0000000000000000e+00 1.6310302271451642e+00 1.9671650966457396e-05
6.5733240869118382e-04 -1.5200000000000209e-03 0.0000000000000000e+00 0.0000000000000000e+00 1.6310299729189435e+00 2.0199730179405201e-05
6.6598151933185720e-04 -1.5400000000000149e-03 0.0000000000000000e+00 0.0000000000000000e+00 1.6310297186942448e+00 2.0734804004624327e-05
6.7463062997253059e-04 -1.5600000000000091e-03 0.0000000000000000e+00 0.0000000000000000e+00 1.6310294644695571e+00 2.1276872446967383e-05
6.8327974061320397e-04 -1.5800000000000039e-03 0.0000000000000000e+00 0.0000000000000000e+00 1.6310292102455548e+00 2.1825935511286989e-05
6.9192885125387736e-04 -1.5999999999999977e-03 0.0000000000000000e+00 0.0000000000000000e+00 1.6310289560226565e+00 2.2381993202435722e-05
7.0057796189455074e-04 -1.6199999999999908e-03 0.0000000000000000e+00 0.0000000000000000e+00 1.6310287017995959e+00 2.2945045525266199e-05
7.0922707253522413e-04 -1.6399999999999833e-03 0.0000000000000000e+00 0.0000000000000000e+00 1.6310284475778076e+00 2.3515092484631042e-05
7.1787618317589751e-04 -1.6599999999999764e-03 0.0000000000000000e+00 0.0000000000000000e+00 1.6310281933565618e+00 2.4092134085382878e-05
7.2652529381657090e-04 -1.6799999999999706e-03 0.0000000000000000e+00 0.0000000000000000e+00 1.6310279391353575e+00 2.4676170332374350e-05
7.3517440445724429e-04 -1.6999999999999656e-03 0.0000000000000000e+00 0.0000000000000000e+00 1.6310276849154939e+00 2.5267201230458058e-05
7.4382351509791767e-04 -1.7199999999999605e-03 0.0000000000000000e+00 0.0000000000000000e+00 1.6310274306959034e+00 2.5865226784486580e-05
7.5247262573859106e-04 -1.7399999999999553e-03 0.0000000000000000e+00 0.0000000000000000e+00 1.6310271764767545e+00 2.6470246999312546e-05
7.6112173637926444e-04 -1.7599999999999500e-03 0.0000000000000000e+00 0.0000000000000000e+00 1.6310269222587694e+00 2.7082261879788555e-05
7.6977084701993783e-04 -1.7799999999999446e-03 0.0000000000000000e+00 0.0000000000000000e+00 1.6310266680409580e+00 2.7701271430767231e-05
7.7841995766061121e-04 -1.7999999999999375e-03 0.0000000000000000e+00 0.0000000000000000e+00 1.6310264138237212e+00 2.8327275657101134e-05
7.8706906830128460e-04 -1.8199999999999293e-03 0.0000000000000000e+00 0.0000000000000000e+00 1.6310261596075661e+00 2.8960274563642889e-05
7.9571817894195799e-04 -1.8399999999999194e-03 0.0000000000000000e+00 0.0000000000000000e+00 1.6310259053914993e+00 2.9600268155245101e-05
8.0436728958263137e-04 -1.8599999999999086e-03 0.0000000000000000e+00 0.0000000000000000e+00 1.6310256511761618e+00 3.0247256436760407e-05
8.1301640022330476e-04 -1.8799999999998980e-03 0.0000000000000000e+00 0.0000000000000000e+00 1.6310253969618675e+00 3.0901239413041436e-05
8.2166551086397814e-04 -1.8999999999998875e-03 0.0000000000000000e+00 0.0000000000000000e+00 1.6310251427476687e+00 3.1562217088940798e-05
8.3031462150465153e-04 -1.9199999999998769e-03 0.0000000000000000e+00 0.0000000000000000e+00 1.6310248885342324e+00 3.2230189469311112e-05
8.3896373214532491e-04 -1.9399999999998652e-03 0.0000000000000000e+00 0.0000000000000000e+00 1.6310246343217696e+00 3.2905156559004948e-05
8.4761284278599830e-04 -1.9599999999998525e-03 0.0000000000000000e+00 0.0000000000000000e+00 1.6310243801095119e+00 3.3587118362874937e-05
8.5626195342667169e-04 -1.9799999999998382e-03 0.0000000000000000e+00 0.0000000000000000e+00 1.6310241258977798e+00 3.4276074885773657e-05
8.6491106406734507e-04 -1.9999999999998231e-03 0.0000000000000000e+00 0.0000000000000000e+00 1.6310238716872167e+00 3.4972026132553739e-05
