3.2712408094613084e-06 -2.0000000000000002e-05 0.0000000000000000e+00 0.0000000000000000e+00 1.9273817595275335e+00 2.1847610273833974e-09
6.5424816189226167e-06 -3.9999999999999996e-05 0.0000000000000000e+00 0.0000000000000000e+00 1.9273816987017391e+00 8.7390444040992397e-09
9.8137224283839255e-06 -6.0000000000000002e-05 0.0000000000000000e+00 0.0000000000000000e+00 1.9273816378670368e+00 1.9662850571996020e-08
1.3084963237845235e-05 -8.0000000000000007e-05 0.0000000000000000e+00 0.0000000000000000e+00 1.9273815770197358e+00 3.4956179972922219e-08
1.6356204047306545e-05 -1.0000000000000003e-04 0.0000000000000000e+00 0.0000000000000000e+00 1.9273815161942616e+00 5.4619033048726346e-08
1.9627444856767854e-05 -1.2000000000000006e-04 0.0000000000000000e+00 0.0000000000000000e+00 1.9273814553517474e+00 7.8651410241256860e-08
2.2898685666229164e-05 -1.4000000000000012e-04 0.0000000000000000e+00 0.0000000000000000e+00 1.9273813945203457e+00 1.0705331199236230e-07
2.6169926475690474e-05 -1.6000000000000018e-04 0.0000000000000000e+00 0.0000000000000000e+00 1.9273813336789030e+00 1.3982473874389112e-07
2.9441167285151783e-05 -1.8000000000000026e-04 0.0000000000000000e+00 0.0000000000000000e+00 1.9273812728425772e+00 1.7696569093769180e-07
3.2712408094613096e-05 -2.0000000000000036e-04 0.0000000000000000e+00 0.0000000000000000e+00 1.9273812120066234e+00 2.1847616901561294e-07
3.5983648904074406e-05 -2.2000000000000050e-04 0.0000000000000000e+00 0.0000000000000000e+00 1.9273811511694425e+00 2.6435617341950292e-07
3.9254889713535716e-05 -2.4000000000000060e-04 0.0000000000000000e+00 0.0000000000000000e+00 1.9273810903363147e+00 3.1460570459121027e-07
4.2526130522997025e-05 -2.6000000000000068e-04 0.0000000000000000e+00 0.0000000000000000e+00 1.9273810294988460e+00 3.6922476297258322e-07
4.5797371332458335e-05 -2.8000000000000073e-04 0.0000000000000000e+00 0.0000000000000000e+00 1.9273809686628207e+00 4.2821334900547048e-07
4.9068612141919644e-05 -3.0000000000000073e-04 0.0000000000000000e+00 0.0000000000000000e+00 1.9273809078268975e+00 4.9157146313172031e-07
5.2339852951380954e-05 -3.2000000000000068e-04 0.0000000000000000e+00 0.0000000000000000e+00 1.9273808469928049e+00 5.5929910579318115e-07
5.5611093760842264e-05 -3.4000000000000062e-04 0.0000000000000000e+00 0.0000000000000000e+00 1.9273807861543968e+00 6.3139627743170161e-07
5.8882334570303573e-05 -3.6000000000000062e-04 0.0000000000000000e+00 0.0000000000000000e+00 1.9273807253196855e+00 7.0786297848913049e-07
6.2153575379764883e-05 -3.8000000000000056e-04 0.0000000000000000e+00 0.0000000000000000e+00 1.9273806644853291e+00 7.8869920940731576e-07
6.5424816189226193e-05 -4.0000000000000045e-04 0.0000000000000000e+00 0.0000000000000000e+00 1.9273806036505980e+00 8.7390497062810610e-07
6.8696056998687502e-05 -4.2000000000000034e-04 0.0000000000000000e+00 0.0000000000000000e+00 1.9273805428161019e+00 9.6348026259334991e-07
7.1967297808148812e-05 -4.4000000000000029e-04 0.0000000000000000e+00 0.0000000000000000e+00 1.9273804819812335e+00 1.0574250857448959e-06
7.5238538617610122e-05 -4.6000000000000018e-04 0.0000000000000000e+00 0.0000000000000000e+00 1.9273804211465144e+00 1.1557394405245924e-06
7.8509779427071431e-05 -4.8000000000000017e-04 0.0000000000000000e+00 0.0000000000000000e+00 1.9273803603119797e+00 1.2584233273742883e-06
8.1781020236532741e-05 -5.0000000000000012e-04 0.0000000000000000e+00 0.0000000000000000e+00 1.9273802994775191e+00 1.3654767467358315e-06
8.5052261045994050e-05 -5.2000000000000006e-04 0.0000000000000000e+00 0.0000000000000000e+00 1.9273802386432597e+00 1.4768996990510707e-06
8.8323501855455360e-05 -5.3999999999999990e-04 0.0000000000000000e+00 0.0000000000000000e+00 1.9273801778086321e+00 1.5926921847618541e-06
9.1594742664916670e-05 -5.5999999999999973e-04 0.0000000000000000e+00 0.0000000000000000e+00 1.9273801169739107e+00 1.7128542043100302e-06
9.4865983474377979e-05 -5.7999999999999957e-04 0.0000000000000000e+00 0.0000000000000000e+00 1.9273800561400500e+00 1.8373857581374474e-06
9.8137224283839289e-05 -5.9999999999999941e-04 0.0000000000000000e+00 0.0000000000000000e+00 1.9273799953073643e+00 1.9662868466859549e-06
1.0140846509330060e-04 -6.1999999999999935e-04 0.0000000000000000e+00 0.0000000000000000e+00 1.9273799344746247e+00 2.0995574703974015e-06
1.0467970590276191e-04 -6.3999999999999929e-04 0.0000000000000000e+00 0.0000000000000000e+00 1.9273798736407302e+00 2.2371976297136351e-06
1.0795094671222322e-04 -6.5999999999999935e-04 0.0000000000000000e+00 0.0000000000000000e+00 1.9273798128070290e+00 2.3792073250765047e-06
1.1122218752168453e-04 -6.7999999999999929e-04 0.0000000000000000e+00 0.0000000000000000e+00 1.9273797519747080e+00 2.5255865569278576e-06
1.1449342833114584e-04 -6.9999999999999923e-04 0.0000000000000000e+00 0.0000000000000000e+00 1.9273796911426080e+00 2.6763353257095424e-06
1.1776466914060715e-04 -7.1999999999999918e-04 0.0000000000000000e+00 0.0000000000000000e+00 1.9273796303095676e+00 2.8314536318634090e-06
1.2103590995006846e-04 -7.3999999999999901e-04 0.0000000000000000e+00 0.0000000000000000e+00 1.9273795694764491e+00 2.9909414758313038e-06
1.2430715075952977e-04 -7.5999999999999874e-04 0.0000000000000000e+00 0.0000000000000000e+00 1.9273795086452263e+00 3.1547988580550742e-06
1.2757839156899109e-04 -7.7999999999999847e-04 0.0000000000000000e+00 0.0000000000000000e+00 1.9273794478124611e+00 3.3230257789765721e-06
1.3084963237845241e-04 -7.9999999999999820e-04 0.0000000000000000e+00 0.0000000000000000e+00 1.9273793869800511e+00 3.4956222390376446e-06
1.3412087318791374e-04 -8.1999999999999803e-04 0.0000000000000000e+00 0.0000000000000000e+00 1.9273793261493064e+00 3.6725882386801409e-06
1.3739211399737506e-04 -8.3999999999999776e-04 0.0000000000000000e+00 0.0000000000000000e+00 1.9273792653168453e+00 3.8539237783459081e-06
1.4066335480683638e-04 -8.5999999999999759e-04 0.0000000000000000e+00 0.0000000000000000e+00 1.9273792044855806e+00 4.0396288584767962e-06
1.4393459561629771e-04 -8.7999999999999743e-04 0.0000000000000000e+00 0.0000000000000000e+00 1.9273791436545271e+00 4.2297034795146529e-06
1.4720583642575903e-04 -8.9999999999999726e-04 0.0000000000000000e+00 0.0000000000000000e+00 1.9273790828228263e+00 4.4241476419013270e-06
1.5047707723522035e-04 -9.1999999999999710e-04 0.0000000000000000e+00 0.0000000000000000e+00 1.9273790219928257e+00 4.6229613460786671e-06
1.5374831804468167e-04 -9.3999999999999683e-04 0.0000000000000000e+00 0.0000000000000000e+00 1.9273789611610408e+00 4.8261445924885197e-06
1.5701955885414300e-04 -9.5999999999999666e-04 0.0000000000000000e+00 0.0000000000000000e+00 1.9273789003312978e+00 5.0336973815727360e-06
1.6029079966360432e-04 -9.7999999999999650e-04 0.0000000000000000e+00 0.0000000000000000e+00 1.9273788394999607e+00 5.2456197137731641e-06
1.6356204047306564e-04 -9.9999999999999633e-04 0.0000000000000000e+00 0.0000000000000000e+00 1.9273787786703913e+00 5.4619115895316510e-06
1.6683328128252697e-04 -1.0199999999999962e-03 0.0000000000000000e+00 0.0000000000000000e+00 1.9273787178397472e+00 5.6825730092900455e-06
1.7010452209198829e-04 -1.0399999999999960e-03 0.0000000000000000e+00 0.0000000000000000e+00 1.9273786570102440e+00 5.9076039734901973e-06
1.7337576290144961e-04 -1.0599999999999961e-03 0.0000000000000000e+00 0.0000000000000000e+00 1.9273785961800103e+00 6.1370044825739570e-06
1.7664700371091094e-04 -1.0799999999999961e-03 0.0000000000000000e+00 0.0000000000000000e+00 1.9273785353504340e+00 6.3707745369831698e-06
1.7991824452037226e-04 -1.0999999999999959e-03 0.0000000000000000e+00 0.0000000000000000e+00 1.9273784745206921e+00 6.6089141371596830e-06
1.8318948532983358e-04 -1.1199999999999956e-03 0.0000000000000000e+00 0.0000000000000000e+00 1.9273784136917824e+00 6.8514232835453419e-06
1.8646072613929491e-04 -1.1399999999999952e-03 0.0000000000000000e+00 0.0000000000000000e+00 1.9273783528622357e+00 7.0983019765820004e-06
1.8973196694875623e-04 -1.1599999999999948e-03 0.0000000000000000e+00 0.0000000000000000e+00 1.9273782920334739e+00 7.3495502167115074e-06
1.9300320775821755e-04 -1.1799999999999942e-03 0.0000000000000000e+00 0.0000000000000000e+00 1.9273782312041290e+00 7.6051680043757066e-06
1.9627444856767888e-04 -1.1999999999999949e-03 0.0000000000000000e+00 0.0000000000000000e+00 1.9273781703760962e+00 7.8651553400164679e-06
1.9954568937714020e-04 -1.2199999999999954e-03 0.0000000000000000e+00 0.0000000000000000e+00 1.9273781095468532e+00 8.1295122240756190e-06
2.0281693018660152e-04 -1.2399999999999959e-03 0.0000000000000000e+00 0.0000000000000000e+00 1.9273780487190870e+00 8.3982386569950112e-06
2.0608817099606285e-04 -1.2599999999999964e-03 0.0000000000000000e+00 0.0000000000000000e+00 1.9273779878902129e+00 8.6713346392164943e-06
2.0935941180552417e-04 -1.2799999999999971e-03 0.0000000000000000e+00 0.0000000000000000e+00 1.9273779270627458e+00 8.9488001711819178e-06
2.1263065261498549e-04 -1.2999999999999978e-03 0.0000000000000000e+00 0.0000000000000000e+00 1.9273778662343461e+00 9.2306352533331296e-06
2.1590189342444682e-04 -1.3199999999999983e-03 0.0000000000000000e+00 0.0000000000000000e+00 1.9273778054067563e+00 9.5168398861119728e-06
2.1917313423390814e-04 -1.3399999999999987e-03 0.0000000000000000e+00 0.0000000000000000e+00 1.9273777445795361e+00 9.8074140699602986e-06
2.2244437504336946e-04 -1.3599999999999992e-03 0.0000000000000000e+00 0.0000000000000000e+00 1.9273776837516317e+00 1.0102357805319960e-05
2.2571561585283078e-04 -1.3799999999999999e-03 0.0000000000000000e+00 0.0000000000000000e+00 1.9273776229248836e+00 1.0401671092632807e-05
2.2898685666229211e-04 -1.4000000000000004e-03 0.0000000000000000e+00 0.0000000000000000e+00 1.9273775620973661e+00 1.0705353932340679e-05
2.3225809747175343e-04 -1.4200000000000011e-03 0.0000000000000000e+00 0.0000000000000000e+00 1.9273775012706909e+00 1.1013406324885431e-05
2.3552933828121475e-04 -1.4400000000000018e-03 0.0000000000000000e+00 0.0000000000000000e+00 1.9273774404439803e+00 1.1325828270708912e-05
2.3880057909067608e-04 -1.4600000000000023e-03 0.0000000000000000e+00 0.0000000000000000e+00 1.9273773796169997e+00 1.1642619770252959e-05
2.4207181990013740e-04 -1.4800000000000026e-03 0.0000000000000000e+00 0.0000000000000000e+00 1.9273773187911596e+00 1.1963780823959430e-05
2.4534306070959872e-04 -1.5000000000000031e-03 0.0000000000000000e+00 0.0000000000000000e+00 1.9273772579644231e+00 1.2289311432270177e-05
2.4861430151906002e-04 -1.5200000000000038e-03 0.0000000000000000e+00 0.0000000000000000e+00 1.9273771971385645e+00 1.2619211595627046e-05
2.5188554232852132e-04 -1.5400000000000045e-03 0.0000000000000000e+00 0.0000000000000000e+00 1.9273771363128553e+00 1.2953481314471887e-05
2.5515678313798261e-04 -1.5600000000000050e-03 0.0000000000000000e+00 0.0000000000000000e+00 1.9273770754865001e+00 1.3292120589246541e-05
2.5842802394744391e-04 -1.5800000000000052e-03 0.0000000000000000e+00 0.0000000000000000e+00 1.9273770146613201e+00 1.3635129420392854e-05
2.6169926475690520e-04 -1.6000000000000057e-03 0.0000000000000000e+00 0.0000000000000000e+00 1.9273769538357615e+00 1.3982507808352687e-05
2.6497050556636650e-04 -1.6200000000000064e-03 0.0000000000000000e+00 0.0000000000000000e+00 1.9273768930101232e+00 1.4334255753567889e-05
2.6824174637582780e-04 -1.6400000000000071e-03 0.0000000000000000e+00 0.0000000000000000e+00 1.9273768321854652e+00 1.4690373256480298e-05
2.7151298718528909e-04 -1.6600000000000078e-03 0.0000000000000000e+00 0.0000000000000000e+00 1.9273767713603065e+00 1.5050860317531770e-05
2.7478422799475039e-04 -1.6800000000000087e-03 0.0000000000000000e+00 0.0000000000000000e+00 1.9273767105353530e+00 1.5415716937164150e-05
2.7805546880421168e-04 -1.7000000000000097e-03 0.0000000000000000e+00 0.0000000000000000e+00 1.9273766497111042e+00 1.5784943115819294e-05
2.8132670961367298e-04 -1.7200000000000106e-03 0.0000000000000000e+00 0.0000000000000000e+00 1.9273765888862606e+00 1.6158538853939036e-05
2.8459795042313428e-04 -1.7400000000000117e-03 0.0000000000000000e+00 0.0000000000000000e+00 1.9273765280618860e+00 1.6536504151965240e-05
2.8786919123259557e-04 -1.7600000000000126e-03 0.0000000000000000e+00 0.0000000000000000e+00 1.9273764672381244e+00 1.6918839010339743e-05
2.9114043204205687e-04 -1.7800000000000136e-03 0.0000000000000000e+00 0.0000000000000000e+00 1.9273764064136563e+00 1.7305543429504397e-05
2.9441167285151817e-04 -1.8000000000000143e-03 0.0000000000000000e+00 0.0000000000000000e+00 1.9273763455898467e+00 1.7696617409901045e-05
2.9768291366097946e-04 -1.8200000000000147e-03 0.0000000000000000e+00 0.0000000000000000e+00 1.9273762847665818e+00 1.8092060951971537e-05
3.0095415447044076e-04 -1.8400000000000148e-03 0.0000000000000000e+00 0.0000000000000000e+00 1.9273762239427372e+00 1.8491874056157716e-05
3.0422539527990205e-04 -1.8600000000000149e-03 0.0000000000000000e+00 0.0000000000000000e+00 1.9273761631193771e+00 1.8896056722901438e-05
3.0749663608936335e-04 -1.8800000000000149e-03 0.0000000000000000e+00 0.0000000000000000e+00 1.9273761022965585e+00 1.9304608952644552e-05
3.1076787689882465e-04 -1.9000000000000152e-03 0.0000000000000000e+00 0.0000000000000000e+00 1.9273760414733532e+00 1.9717530745828916e-05
3.1403911770828594e-04 -1.9200000000000157e-03 0.0000000000000000e+00 0.0000000000000000e+00 1.9273759806502253e+00 2.0134822102896372e-05
3.1731035851774724e-04 -1.9400000000000157e-03 0.0000000000000000e+00 0.0000000000000000e+00 1.9273759198279488e+00 2.0556483024288757e-05
3.2058159932720853e-04 -1.9600000000000160e-03 0.0000000000000000e+00 0.0000000000000000e+00 1.9273758590052439e+00 2.0982513510447936e-05
3.2385284013666983e-04 -1.9800000000000160e-03 0.0000000000000000e+00 0.0000000000000000e+00 1.9273757981826194e+00 2.1412913561815746e-05
3.2712408094613113e-04 -2.0000000000000161e-03 0.0000000000000000e+00 0.0000000000000000e+00 1.9273757373606120e+00 2.1847683178834037e-05
