6.2118807088509078e-06 -1.9999999999999995e-05 0.0000000000000000e+00 0.0000000000000000e+00 1.7713091745554297e+00 2.7534193388323408e-09
1.2423761417701816e-05 -3.9999999999999990e-05 0.0000000000000000e+00 0.0000000000000000e+00 1.7713090637021209e+00 1.1013678264416503e-08
1.8635642126552723e-05 -5.9999999999999974e-05 0.0000000000000000e+00 0.0000000000000000e+00 1.7713089528453008e+00 2.4780778140383182e-08
2.4847522835403628e-05 -7.9999999999999993e-05 0.0000000000000000e+00 0.0000000000000000e+00 1.7713088419904404e+00 4.4054720330363128e-08
3.1059403544254533e-05 -9.9999999999999991e-05 0.0000000000000000e+00 0.0000000000000000e+00 1.7713087311263234e+00 6.8835506197987019e-08
3.7271284253105438e-05 -1.1999999999999999e-04 0.0000000000000000e+00 0.0000000000000000e+00 1.7713086202618344e+00 9.9123137106885553e-08
4.3483164961956344e-05 -1.3999999999999993e-04 0.0000000000000000e+00 0.0000000000000000e+00 1.7713085093954859e+00 1.3491761442068934e-07
4.9695045670807249e-05 -1.5999999999999982e-04 0.0000000000000000e+00 0.0000000000000000e+00 1.7713083985271831e+00 1.7621893950302909e-07
5.5906926379658154e-05 -1.7999999999999966e-04 0.0000000000000000e+00 0.0000000000000000e+00 1.7713082876620621e+00 2.2302711371753542e-07
6.2118807088509066e-05 -1.9999999999999958e-04 0.0000000000000000e+00 0.0000000000000000e+00 1.7713081767979251e+00 2.7534213842783936e-07
6.8330687797359978e-05 -2.1999999999999947e-04 0.0000000000000000e+00 0.0000000000000000e+00 1.7713080659327571e+00 3.3316401499757135e-07
7.4542568506210890e-05 -2.3999999999999941e-04 0.0000000000000000e+00 0.0000000000000000e+00 1.7713079550693798e+00 3.9649274479036245e-07
8.0754449215061802e-05 -2.5999999999999944e-04 0.0000000000000000e+00 0.0000000000000000e+00 1.7713078442070751e+00 4.6532832916984331e-07
8.6966329923912714e-05 -2.7999999999999938e-04 0.0000000000000000e+00 0.0000000000000000e+00 1.7713077333400760e+00 5.3967076949964425e-07
9.3178210632763626e-05 -2.9999999999999921e-04 0.0000000000000000e+00 0.0000000000000000e+00 1.7713076224787001e+00 6.1952006714339581e-07
9.9390091341614538e-05 -3.1999999999999916e-04 0.0000000000000000e+00 0.0000000000000000e+00 1.7713075116128030e+00 7.0487622346472934e-07
1.0560197205046545e-04 -3.3999999999999916e-04 0.0000000000000000e+00 0.0000000000000000e+00 1.7713074007495326e+00 7.9573923982727558e-07
1.1181385275931636e-04 -3.5999999999999932e-04 0.0000000000000000e+00 0.0000000000000000e+00 1.7713072898874758e+00 8.9210911759466608e-07
1.1802573346816727e-04 -3.7999999999999959e-04 0.0000000000000000e+00 0.0000000000000000e+00 1.7713071790243042e+00 9.9398585813053061e-07
1.2423761417701819e-04 -3.9999999999999991e-04 0.0000000000000000e+00 0.0000000000000000e+00 1.7713070681600311e+00 1.1013694627985002e-06
1.3044949488586908e-04 -4.2000000000000023e-04 0.0000000000000000e+00 0.0000000000000000e+00 1.7713069572964013e+00 1.2142599329622052e-06
1.3666137559471998e-04 -4.4000000000000050e-04 0.0000000000000000e+00 0.0000000000000000e+00 1.7713068464336088e+00 1.3326572699852762e-06
1.4287325630357088e-04 -4.6000000000000083e-04 0.0000000000000000e+00 0.0000000000000000e+00 1.7713067355710148e+00 1.4565614752313445e-06
1.4908513701242178e-04 -4.8000000000000131e-04 0.0000000000000000e+00 0.0000000000000000e+00 1.7713066247087330e+00 1.5859725500640409e-06
1.5529701772127268e-04 -5.0000000000000196e-04 0.0000000000000000e+00 0.0000000000000000e+00 1.7713065138467161e+00 1.7208904958469970e-06
1.6150889843012358e-04 -5.2000000000000256e-04 0.0000000000000000e+00 0.0000000000000000e+00 1.7713064029848840e+00 1.8613153139438419e-06
1.6772077913897448e-04 -5.4000000000000304e-04 0.0000000000000000e+00 0.0000000000000000e+00 1.7713062921236964e+00 2.0072470057182062e-06
1.7393265984782537e-04 -5.6000000000000364e-04 0.0000000000000000e+00 0.0000000000000000e+00 1.7713061812626416e+00 2.1586855725337213e-06
1.8014454055667627e-04 -5.8000000000000423e-04 0.0000000000000000e+00 0.0000000000000000e+00 1.7713060704012586e+00 2.3156310157540176e-06
1.8635642126552717e-04 -6.0000000000000472e-04 0.0000000000000000e+00 0.0000000000000000e+00 1.7713059595396015e+00 2.4780833367427257e-06
1.9256830197437807e-04 -6.2000000000000510e-04 0.0000000000000000e+00 0.0000000000000000e+00 1.7713058486778597e+00 2.6460425368634746e-06
1.9878018268322897e-04 -6.4000000000000526e-04 0.0000000000000000e+00 0.0000000000000000e+00 1.7713057378168657e+00 2.8195086174798955e-06
2.0499206339207987e-04 -6.6000000000000553e-04 0.0000000000000000e+00 0.0000000000000000e+00 1.7713056269571958e+00 2.9984815799556213e-06
2.1120394410093076e-04 -6.8000000000000569e-04 0.0000000000000000e+00 0.0000000000000000e+00 1.7713055160967819e+00 3.1829614256542804e-06
2.1741582480978166e-04 -7.0000000000000596e-04 0.0000000000000000e+00 0.0000000000000000e+00 1.7713054052356612e+00 3.3729481559395059e-06
2.2362770551863256e-04 -7.2000000000000633e-04 0.0000000000000000e+00 0.0000000000000000e+00 1.7713052943755534e+00 3.5684417721749283e-06
2.2983958622748346e-04 -7.4000000000000649e-04 0.0000000000000000e+00 0.0000000000000000e+00 1.7713051835165914e+00 3.7694422757241759e-06
2.3605146693633436e-04 -7.6000000000000698e-04 0.0000000000000000e+00 0.0000000000000000e+00 1.7713050726562958e+00 3.9759496679508836e-06
2.4226334764518526e-04 -7.8000000000000758e-04 0.0000000000000000e+00 0.0000000000000000e+00 1.7713049617963479e+00 4.1879639502186813e-06
2.4847522835403616e-04 -8.0000000000000784e-04 0.0000000000000000e+00 0.0000000000000000e+00 1.7713048509379801e+00 4.4054851238911938e-06
2.5468710906288705e-04 -8.2000000000000801e-04 0.0000000000000000e+00 0.0000000000000000e+00 1.7713047400781707e+00 4.6285131903320551e-06
2.6089898977173795e-04 -8.4000000000000849e-04 0.0000000000000000e+00 0.0000000000000000e+00 1.7713046292191217e+00 4.8570481509049003e-06
2.6711087048058885e-04 -8.6000000000000876e-04 0.0000000000000000e+00 0.0000000000000000e+00 1.7713045183610177e+00 5.0910900069733550e-06
2.7332275118943975e-04 -8.8000000000000936e-04 0.0000000000000000e+00 0.0000000000000000e+00 1.7713044075016022e+00 5.3306387599010541e-06
2.7953463189829065e-04 -9.0000000000000995e-04 0.0000000000000000e+00 0.0000000000000000e+00 1.7713042966440842e+00 5.5756944110516250e-06
2.8574651260714155e-04 -9.2000000000001065e-04 0.0000000000000000e+00 0.0000000000000000e+00 1.7713041857853995e+00 5.8262569617887025e-06
2.9195839331599244e-04 -9.4000000000001103e-04 0.0000000000000000e+00 0.0000000000000000e+00 1.7713040749273798e+00 6.0823264134759082e-06
2.9817027402484334e-04 -9.6000000000001163e-04 0.0000000000000000e+00 0.0000000000000000e+00 1.7713039640698884e+00 6.3439027674768829e-06
3.0438215473369424e-04 -9.8000000000001255e-04 0.0000000000000000e+00 0.0000000000000000e+00 1.7713038532116574e+00 6.6109860251552555e-06
3.1059403544254514e-04 -1.0000000000000135e-03 0.0000000000000000e+00 0.0000000000000000e+00 1.7713037423549975e+00 6.8835761878746561e-06
3.1680591615139604e-04 -1.0200000000000142e-03 0.0000000000000000e+00 0.0000000000000000e+00 1.7713036314969861e+00 7.1616732569987094e-06
3.2301779686024694e-04 -1.0400000000000153e-03 0.0000000000000000e+00 0.0000000000000000e+00 1.7713035206407424e+00 7.4452772338910571e-06
3.2922967756909784e-04 -1.0600000000000167e-03 0.0000000000000000e+00 0.0000000000000000e+00 1.7713034097831286e+00 7.7343881199153239e-06
3.3544155827794873e-04 -1.0800000000000182e-03 0.0000000000000000e+00 0.0000000000000000e+00 1.7713032989272202e+00 8.0290059164351466e-06
3.4165343898679963e-04 -1.1000000000000202e-03 0.0000000000000000e+00 0.0000000000000000e+00 1.7713031880700132e+00 8.3291306248141534e-06
3.4786531969565053e-04 -1.1200000000000220e-03 0.0000000000000000e+00 0.0000000000000000e+00 1.7713030772144576e+00 8.6347622464159706e-06
3.5407720040450143e-04 -1.1400000000000238e-03 0.0000000000000000e+00 0.0000000000000000e+00 1.7713029663576680e+00 8.9459007826042266e-06
3.6028908111335233e-04 -1.1600000000000258e-03 0.0000000000000000e+00 0.0000000000000000e+00 1.7713028555024599e+00 9.2625462347425595e-06
3.6650096182220323e-04 -1.1800000000000282e-03 0.0000000000000000e+00 0.0000000000000000e+00 1.7713027446460605e+00 9.5846986041946028e-06
3.7271284253105413e-04 -1.2000000000000303e-03 0.0000000000000000e+00 0.0000000000000000e+00 1.7713026337912037e+00 9.9123578923239709e-06
3.7892472323990502e-04 -1.2200000000000325e-03 0.0000000000000000e+00 0.0000000000000000e+00 1.7713025229352291e+00 1.0245524100494309e-05
3.8513660394875592e-04 -1.2400000000000349e-03 0.0000000000000000e+00 0.0000000000000000e+00 1.7713024120806731e+00 1.0584197230069247e-05
3.9134848465760682e-04 -1.2600000000000373e-03 0.0000000000000000e+00 0.0000000000000000e+00 1.7713023012253035e+00 1.0928377282412412e-05
3.9756036536645772e-04 -1.2800000000000394e-03 0.0000000000000000e+00 0.0000000000000000e+00 1.7713021903708182e+00 1.1278064258887424e-05
4.0377224607530862e-04 -1.3000000000000409e-03 0.0000000000000000e+00 0.0000000000000000e+00 1.7713020795162842e+00 1.1633258160857917e-05
4.0998412678415952e-04 -1.3200000000000423e-03 0.0000000000000000e+00 0.0000000000000000e+00 1.7713019686616611e+00 1.1993958989687525e-05
4.1619600749301041e-04 -1.3400000000000436e-03 0.0000000000000000e+00 0.0000000000000000e+00 1.7713018578079540e+00 1.2360166746739883e-05
4.2240788820186131e-04 -1.3600000000000448e-03 0.0000000000000000e+00 0.0000000000000000e+00 1.7713017469533665e+00 1.2731881433378611e-05
4.2861976891071221e-04 -1.3800000000000455e-03 0.0000000000000000e+00 0.0000000000000000e+00 1.7713016361001266e+00 1.3109103050967346e-05
4.3483164961956311e-04 -1.4000000000000457e-03 0.0000000000000000e+00 0.0000000000000000e+00 1.7713015252461091e+00 1.3491831600869713e-05
4.4104353032841401e-04 -1.4200000000000456e-03 0.0000000000000000e+00 0.0000000000000000e+00 1.7713014143928680e+00 1.3880067084449343e-05
4.4725541103726491e-04 -1.4400000000000456e-03 0.0000000000000000e+00 0.0000000000000000e+00 1.7713013035398337e+00 1.4273809503069876e-05
4.5346729174611581e-04 -1.4600000000000461e-03 0.0000000000000000e+00 0.0000000000000000e+00 1.7713011926863640e+00 1.4673058858094950e-05
4.5967917245496670e-04 -1.4800000000000464e-03 0.0000000000000000e+00 0.0000000000000000e+00 1.7713010818340402e+00 1.5077815150888185e-05
4.6589105316381760e-04 -1.5000000000000462e-03 0.0000000000000000e+00 0.0000000000000000e+00 1.7713009709809742e+00 1.5488078382813205e-05
4.7210293387266850e-04 -1.5200000000000465e-03 0.0000000000000000e+00 0.0000000000000000e+00 1.7713008601286968e+00 1.5903848555233658e-05
4.7831481458151940e-04 -1.5400000000000465e-03 0.0000000000000000e+00 0.0000000000000000e+00 1.7713007492766673e+00 1.6325125669513160e-05
4.8452669529037030e-04 -1.5600000000000470e-03 0.0000000000000000e+00 0.0000000000000000e+00 1.7713006384240995e+00 1.6751909727015354e-05
4.9073857599922120e-04 -1.5800000000000471e-03 0.0000000000000000e+00 0.0000000000000000e+00 1.7713005275726574e+00 1.7184200729103857e-05
4.9695045670807209e-04 -1.6000000000000467e-03 0.0000000000000000e+00 0.0000000000000000e+00 1.7713004167208104e+00 1.7621998677142302e-05
5.0316233741692299e-04 -1.6200000000000459e-03 0.0000000000000000e+00 0.0000000000000000e+00 1.7713003058691117e+00 1.8065303572494315e-05
5.0937421812577389e-04 -1.6400000000000451e-03 0.0000000000000000e+00 0.0000000000000000e+00 1.7713001950182254e+00 1.8514115416523533e-05
5.1558609883462479e-04 -1.6600000000000449e-03 0.0000000000000000e+00 0.0000000000000000e+00 1.7713000841667192e+00 1.8968434210593606e-05
5.2179797954347569e-04 -1.6800000000000443e-03 0.0000000000000000e+00 0.0000000000000000e+00 1.7712999733159007e+00 1.9428259956068137e-05
5.2800986025232659e-04 -1.7000000000000437e-03 0.0000000000000000e+00 0.0000000000000000e+00 1.7712998624654726e+00 1.9893592654310766e-05
5.3422174096117749e-04 -1.7200000000000425e-03 0.0000000000000000e+00 0.0000000000000000e+00 1.7712997516144799e+00 2.0364432306685120e-05
5.4043362167002838e-04 -1.7400000000000419e-03 0.0000000000000000e+00 0.0000000000000000e+00 1.7712996407643402e+00 2.0840778914554841e-05
5.4664550237887928e-04 -1.7600000000000415e-03 0.0000000000000000e+00 0.0000000000000000e+00 1.7712995299144216e+00 2.1322632479283567e-05
5.5285738308773018e-04 -1.7800000000000415e-03 0.0000000000000000e+00 0.0000000000000000e+00 1.7712994190639908e+00 2.1809993002234924e-05
5.5906926379658108e-04 -1.8000000000000416e-03 0.0000000000000000e+00 0.0000000000000000e+00 1.7712993082144850e+00 2.2302860484772531e-05
5.6528114450543198e-04 -1.8200000000000419e-03 0.0000000000000000e+00 0.0000000000000000e+00 1.7712991973650809e+00 2.2801234928260033e-05
5.7149302521428288e-04 -1.8400000000000421e-03 0.0000000000000000e+00 0.0000000000000000e+00 1.7712990865152611e+00 2.3305116334061052e-05
5.7770490592313377e-04 -1.8600000000000426e-03 0.0000000000000000e+00 0.0000000000000000e+00 1.7712989756662978e+00 2.3814504703539215e-05
5.8391678663198467e-04 -1.8800000000000437e-03 0.0000000000000000e+00 0.0000000000000000e+00 1.7712988648174792e+00 2.4329400038058177e-05
5.9012866734083557e-04 -1.9000000000000457e-03 0.0000000000000000e+00 0.0000000000000000e+00 1.7712987539682412e+00 2.4849802338981568e-05
5.9634054804968647e-04 -1.9200000000000471e-03 0.0000000000000000e+00 0.0000000000000000e+00 1.7712986431198294e+00 2.5375711607672978e-05
6.0255242875853737e-04 -1.9400000000000491e-03 0.0000000000000000e+00 0.0000000000000000e+00 1.7712985322716055e+00 2.5907127845496076e-05
6.0876430946738827e-04 -1.9600000000000515e-03 0.0000000000000000e+00 0.0000000000000000e+00 1.7712984214229912e+00 2.6444051053814489e-05
6.1497619017623917e-04 -1.9800000000000533e-03 0.0000000000000000e+00 0.0000000000000000e+00 1.7712983105750200e+00 2.6986481233991820e-05
6.2118807088509006e-04 -2.0000000000000556e-03 0.0000000000000000e+00 0.0000000000000000e+00 1.7712981997274404e+00 2.7534418387391719e-05
