8.6491106406735161e-06 -2.0000000000000022e-05 0.0000000000000000e+00 0.0000000000000000e+00 1.6310492720598864e+00 3.4971218118643613e-09
1.7298221281347032e-05 -4.0000000000000024e-05 0.0000000000000000e+00 0.0000000000000000e+00 1.6310492483675691e+00 1.3988487549397771e-08
2.5947331922020550e-05 -6.0000000000000083e-05 0.0000000000000000e+00 0.0000000000000000e+00 1.6310492246389614e+00 3.1474097665510798e-08
3.4596442562694071e-05 -8.0000000000000156e-05 0.0000000000000000e+00 0.0000000000000000e+00 1.6310492009026234e+00 5.5953952613113943e-08
4.3245553203367592e-05 -1.0000000000000032e-04 0.0000000000000000e+00 0.0000000000000000e+00 1.6310491771697220e+00 8.7428052845117829e-08
5.1894663844041114e-05 -1.2000000000000042e-04 0.0000000000000000e+00 0.0000000000000000e+00 1.6310491534425946e+00 1.2589639881443281e-07
6.0543774484714635e-05 -1.4000000000000045e-04 0.0000000000000000e+00 0.0000000000000000e+00 1.6310491297082255e+00 1.7135899097396931e-07
6.9192885125388156e-05 -1.6000000000000064e-04 0.0000000000000000e+00 0.0000000000000000e+00 1.6310491059804544e+00 2.2381582977663830e-07
7.7841995766061677e-05 -1.8000000000000096e-04 0.0000000000000000e+00 0.0000000000000000e+00 1.6310490822452615e+00 2.8326691567535033e-07
8.6491106406735198e-05 -2.0000000000000145e-04 0.0000000000000000e+00 0.0000000000000000e+00 1.6310490585136959e+00 3.4971224912301637e-07
9.5140217047408719e-05 -2.2000000000000215e-04 0.0000000000000000e+00 0.0000000000000000e+00 1.6310490347819686e+00 4.2315183057254689e-07
1.0378932768808224e-04 -2.4000000000000304e-04 0.0000000000000000e+00 0.0000000000000000e+00 1.6310490110518334e+00 5.0358566047685277e-07
1.1243843832875576e-04 -2.6000000000000372e-04 0.0000000000000000e+00 0.0000000000000000e+00 1.6310489873209617e+00 5.9101373928884290e-07
1.2108754896942928e-04 -2.8000000000000431e-04 0.0000000000000000e+00 0.0000000000000000e+00 1.6310489635866743e+00 6.8543606746142851e-07
1.2973665961010279e-04 -3.0000000000000632e-04 0.0000000000000000e+00 0.0000000000000000e+00 1.6310489398572110e+00 7.8685264544752636e-07
1.3838577025077628e-04 -3.2000000000000837e-04 0.0000000000000000e+00 0.0000000000000000e+00 1.6310489161232160e+00 8.9526347370004211e-07
1.4703488089144978e-04 -3.4000000000001022e-04 0.0000000000000000e+00 0.0000000000000000e+00 1.6310488923919084e+00 1.0106685526718845e-06
1.5568399153212327e-04 -3.6000000000001206e-04 0.0000000000000000e+00 0.0000000000000000e+00 1.6310488686613036e+00 1.1330678828159654e-06
1.6433310217279677e-04 -3.8000000000001368e-04 0.0000000000000000e+00 0.0000000000000000e+00 1.6310488449285943e+00 1.2624614645851936e-06
1.7298221281347026e-04 -4.0000000000001531e-04 0.0000000000000000e+00 0.0000000000000000e+00 1.6310488211957059e+00 1.3988492984324812e-06
1.8163132345414376e-04 -4.2000000000001709e-04 0.0000000000000000e+00 0.0000000000000000e+00 1.6310487974636927e+00 1.5422313848107397e-06
1.9028043409481725e-04 -4.4000000000001877e-04 0.0000000000000000e+00 0.0000000000000000e+00 1.6310487737320518e+00 1.6926077241728775e-06
1.9892954473549074e-04 -4.6000000000002007e-04 0.0000000000000000e+00 0.0000000000000000e+00 1.6310487500004489e+00 1.8499783169718034e-06
2.0757865537616424e-04 -4.8000000000002159e-04 0.0000000000000000e+00 0.0000000000000000e+00 1.6310487262683588e+00 2.0143431636604323e-06
2.1622776601683773e-04 -5.0000000000002365e-04 0.0000000000000000e+00 0.0000000000000000e+00 1.6310487025365219e+00 2.1857022646916768e-06
2.2487687665751123e-04 -5.2000000000002608e-04 0.0000000000000000e+00 0.0000000000000000e+00 1.6310486788042808e+00 2.3640556205184472e-06
2.3352598729818472e-04 -5.4000000000002852e-04 0.0000000000000000e+00 0.0000000000000000e+00 1.6310486550723811e+00 2.5494032315936503e-06
2.4217509793885821e-04 -5.6000000000003139e-04 0.0000000000000000e+00 0.0000000000000000e+00 1.6310486313405630e+00 2.7417450983702015e-06
2.5082420857953171e-04 -5.8000000000003383e-04 0.0000000000000000e+00 0.0000000000000000e+00 1.6310486076092354e+00 2.9410812213010030e-06
2.5947331922020520e-04 -6.0000000000003638e-04 0.0000000000000000e+00 0.0000000000000000e+00 1.6310485838778528e+00 3.1474116008389703e-06
2.6812242986087870e-04 -6.2000000000003936e-04 0.0000000000000000e+00 0.0000000000000000e+00 1.6310485601458700e+00 3.3607362374370172e-06
2.7677154050155219e-04 -6.4000000000004277e-04 0.0000000000000000e+00 0.0000000000000000e+00 1.6310485364135230e+00 3.5810551315480552e-06
2.8542065114222568e-04 -6.6000000000004597e-04 0.0000000000000000e+00 0.0000000000000000e+00 1.6310485126810748e+00 3.8083682836249867e-06
2.9406976178289918e-04 -6.8000000000004938e-04 0.0000000000000000e+00 0.0000000000000000e+00 1.6310484889496224e+00 4.0426756941207289e-06
3.0271887242357267e-04 -7.0000000000005214e-04 0.0000000000000000e+00 0.0000000000000000e+00 1.6310484652183441e+00 4.2839773634881816e-06
3.1136798306424617e-04 -7.2000000000005426e-04 0.0000000000000000e+00 0.0000000000000000e+00 1.6310484414857402e+00 4.5322732921802553e-06
3.2001709370491966e-04 -7.4000000000005658e-04 0.0000000000000000e+00 0.0000000000000000e+00 1.6310484177536033e+00 4.7875634806498693e-06
3.2866620434559315e-04 -7.6000000000005956e-04 0.0000000000000000e+00 0.0000000000000000e+00 1.6310483940226610e+00 5.0498479293499407e-06
3.3731531498626665e-04 -7.8000000000006309e-04 0.0000000000000000e+00 0.0000000000000000e+00 1.6310483702905374e+00 5.3191266387333771e-06
3.4596442562694014e-04 -8.0000000000006585e-04 0.0000000000000000e+00 0.0000000000000000e+00 1.6310483465580048e+00 5.5953996092530752e-06
3.5461353626761364e-04 -8.2000000000006796e-04 0.0000000000000000e+00 0.0000000000000000e+00 1.6310483228269352e+00 5.8786668413619461e-06
3.6326264690828713e-04 -8.4000000000007018e-04 0.0000000000000000e+00 0.0000000000000000e+00 1.6310482990948105e+00 6.1689283355129084e-06
3.7191175754896062e-04 -8.6000000000007316e-04 0.0000000000000000e+00 0.0000000000000000e+00 1.6310482753625923e+00 6.4661840921588825e-06
3.8056086818963412e-04 -8.8000000000007712e-04 0.0000000000000000e+00 0.0000000000000000e+00 1.6310482516314555e+00 6.7704341117527821e-06
3.8920997883030761e-04 -9.0000000000008172e-04 0.0000000000000000e+00 0.0000000000000000e+00 1.6310482278989129e+00 7.0816783947475130e-06
3.9785908947098111e-04 -9.2000000000008557e-04 0.0000000000000000e+00 0.0000000000000000e+00 1.6310482041676484e+00 7.3999169415959694e-06
4.0650820011165460e-04 -9.4000000000008985e-04 0.0000000000000000e+00 0.0000000000000000e+00 1.6310481804356489e+00 7.7251497527510743e-06
4.1515731075232810e-04 -9.6000000000009478e-04 0.0000000000000000e+00 0.0000000000000000e+00 1.6310481567034565e+00 8.0573768286657454e-06
4.2380642139300159e-04 -9.8000000000009971e-04 0.0000000000000000e+00 0.0000000000000000e+00 1.6310481329722151e+00 8.3965981697928819e-06
4.3245553203367508e-04 -1.0000000000001050e-03 0.0000000000000000e+00 0.0000000000000000e+00 1.6310481092396956e+00 8.7428137765854026e-06
4.4110464267434858e-04 -1.0200000000001102e-03 0.0000000000000000e+00 0.0000000000000000e+00 1.6310480855085991e+00 9.0960236494962075e-06
4.4975375331502207e-04 -1.0400000000001151e-03 0.0000000000000000e+00 0.0000000000000000e+00 1.6310480617761793e+00 9.4562277889782034e-06
4.5840286395569557e-04 -1.0600000000001199e-03 0.0000000000000000e+00 0.0000000000000000e+00 1.6310480380449706e+00 9.8234261954843073e-06
4.6705197459636906e-04 -1.0800000000001256e-03 0.0000000000000000e+00 0.0000000000000000e+00 1.6310480143125698e+00 1.0197618869467446e-05
4.7570108523704255e-04 -1.1000000000001317e-03 0.0000000000000000e+00 0.0000000000000000e+00 1.6310479905812829e+00 1.0578805811380519e-05
4.8435019587771605e-04 -1.1200000000001367e-03 0.0000000000000000e+00 0.0000000000000000e+00 1.6310479668490854e+00 1.0966987021676416e-05
4.9299930651838949e-04 -1.1400000000001424e-03 0.0000000000000000e+00 0.0000000000000000e+00 1.6310479431177778e+00 1.1362162500808075e-05
5.0164841715906287e-04 -1.1600000000001488e-03 0.0000000000000000e+00 0.0000000000000000e+00 1.6310479193854248e+00 1.1764332249228402e-05
5.1029752779973626e-04 -1.1800000000001547e-03 0.0000000000000000e+00 0.0000000000000000e+00 1.6310478956541994e+00 1.2173496267390297e-05
5.1894663844040964e-04 -1.2000000000001604e-03 0.0000000000000000e+00 0.0000000000000000e+00 1.6310478719219113e+00 1.2589654555746668e-05
5.2759574908108303e-04 -1.2200000000001673e-03 0.0000000000000000e+00 0.0000000000000000e+00 1.6310478481906894e+00 1.3012807114750458e-05
5.3624485972175642e-04 -1.2400000000001746e-03 0.0000000000000000e+00 0.0000000000000000e+00 1.6310478244583670e+00 1.3442953944854554e-05
5.4489397036242980e-04 -1.2600000000001831e-03 0.0000000000000000e+00 0.0000000000000000e+00 1.6310478007271625e+00 1.3880095046511893e-05
5.5354308100310319e-04 -1.2800000000001903e-03 0.0000000000000000e+00 0.0000000000000000e+00 1.6310477769948704e+00 1.4324230420175330e-05
5.6219219164377657e-04 -1.3000000000001981e-03 0.0000000000000000e+00 0.0000000000000000e+00 1.6310477532635508e+00 1.4775360066297816e-05
5.7084130228444996e-04 -1.3200000000002049e-03 0.0000000000000000e+00 0.0000000000000000e+00 1.6310477295314978e+00 1.5233483985332224e-05
5.7949041292512334e-04 -1.3400000000002102e-03 0.0000000000000000e+00 0.0000000000000000e+00 1.6310477057999508e+00 1.5698602177731461e-05
5.8813952356579673e-04 -1.3600000000002141e-03 0.0000000000000000e+00 0.0000000000000000e+00 1.6310476820683681e+00 1.6170714643948432e-05
5.9678863420647012e-04 -1.3800000000002181e-03 0.0000000000000000e+00 0.0000000000000000e+00 1.6310476583363529e+00 1.6649821384436083e-05
6.0543774484714350e-04 -1.4000000000002227e-03 0.0000000000000000e+00 0.0000000000000000e+00 1.6310476346050289e+00 1.7135922399647336e-05
6.1408685548781689e-04 -1.4200000000002279e-03 0.0000000000000000e+00 0.0000000000000000e+00 1.6310476108727994e+00 1.7629017690035096e-05
6.2273596612849027e-04 -1.4400000000002345e-03 0.0000000000000000e+00 0.0000000000000000e+00 1.6310475871414829e+00 1.8129107256052288e-05
6.3138507676916366e-04 -1.4600000000002415e-03 0.0000000000000000e+00 0.0000000000000000e+00 1.6310475634095600e+00 1.8636191098151818e-05
6.4003418740983704e-04 -1.4800000000002496e-03 0.0000000000000000e+00 0.0000000000000000e+00 1.6310475396778923e+00 1.9150269216786598e-05
6.4868329805051043e-04 -1.5000000000002470e-03 0.0000000000000000e+00 0.0000000000000000e+00 1.6310475159465139e+00 1.9671341612409274e-05
6.5733240869118382e-04 -1.5200000000002432e-03 0.0000000000000000e+00 0.0000000000000000e+00 1.6310474922143419e+00 2.0199408285472963e-05
6.6598151933185720e-04 -1.5400000000002391e-03 0.0000000000000000e+00 0.0000000000000000e+00 1.6310474684830807e+00 2.0734469236430607e-05
6.7463062997253059e-04 -1.5600000000002337e-03 0.0000000000000000e+00 0.0000000000000000e+00 1.6310474447512142e+00 2.1276524465735080e-05
6.8327974061320397e-04 -1.5800000000002268e-03 0.0000000000000000e+00 0.0000000000000000e+00 1.6310474210194243e+00 2.1825573973839291e-05
6.9192885125387736e-04 -1.6000000000002206e-03 0.0000000000000000e+00 0.0000000000000000e+00 1.6310473972881228e+00 2.2381617761196206e-05
7.0057796189455074e-04 -1.6200000000002126e-03 0.0000000000000000e+00 0.0000000000000000e+00 1.6310473735560458e+00 2.2944655828258670e-05
7.0922707253522413e-04 -1.6400000000002064e-03 0.0000000000000000e+00 0.0000000000000000e+00 1.6310473498246301e+00 2.3514688175479684e-05
7.1787618317589751e-04 -1.6600000000001995e-03 0.0000000000000000e+00 0.0000000000000000e+00 1.6310473260931411e+00 2.4091714803312095e-05
7.2652529381657090e-04 -1.6800000000001926e-03 0.0000000000000000e+00 0.0000000000000000e+00 1.6310473023610825e+00 2.4675735712208837e-05
7.3517440445724429e-04 -1.7000000000001844e-03 0.0000000000000000e+00 0.0000000000000000e+00 1.6310472786297527e+00 2.5266750902622778e-05
7.4382351509791767e-04 -1.7200000000001778e-03 0.0000000000000000e+00 0.0000000000000000e+00 1.6310472548980786e+00 2.5864760375006914e-05
7.5247262573859106e-04 -1.7400000000001698e-03 0.0000000000000000e+00 0.0000000000000000e+00 1.6310472311662383e+00 2.6469764129814064e-05
7.6112173637926444e-04 -1.7600000000001610e-03 0.0000000000000000e+00 0.0000000000000000e+00 1.6310472074349471e+00 2.7081762167497159e-05
7.6977084701993783e-04 -1.7800000000001513e-03 0.0000000000000000e+00 0.0000000000000000e+00 1.6310471837032141e+00 2.7700754488509113e-05
7.7841995766061121e-04 -1.8000000000001420e-03 0.0000000000000000e+00 0.0000000000000000e+00 1.6310471599714471e+00 2.8326741093302861e-05
7.8706906830128460e-04 -1.8200000000001336e-03 0.0000000000000000e+00 0.0000000000000000e+00 1.6310471362401464e+00 2.8959721982331340e-05
7.9571817894195799e-04 -1.8400000000001269e-03 0.0000000000000000e+00 0.0000000000000000e+00 1.6310471125083192e+00 2.9599697156047469e-05
8.0436728958263137e-04 -1.8600000000001209e-03 0.0000000000000000e+00 0.0000000000000000e+00 1.6310470887766129e+00 3.0246666614904144e-05
8.1301640022330476e-04 -1.8800000000001140e-03 0.0000000000000000e+00 0.0000000000000000e+00 1.6310470650453344e+00 3.0900630359354225e-05
8.2166551086397814e-04 -1.9000000000001062e-03 0.0000000000000000e+00 0.0000000000000000e+00 1.6310470413135358e+00 3.1561588389850621e-05
8.3031462150465153e-04 -1.9200000000000998e-03 0.0000000000000000e+00 0.0000000000000000e+00 1.6310470175818925e+00 3.2229540706846314e-05
8.3896373214532491e-04 -1.9400000000000927e-03 0.0000000000000000e+00 0.0000000000000000e+00 1.6310469938506063e+00 3.2904487310794143e-05
8.4761284278599830e-04 -1.9600000000000858e-03 0.0000000000000000e+00 0.0000000000000000e+00 1.6310469701189108e+00 3.3586428202147046e-05
8.5626195342667169e-04 -1.9800000000000781e-03 0.0000000000000000e+00 0.0000000000000000e+00 1.6310469463871322e+00 3.4275363381357915e-05
8.6491106406734507e-04 -2.0000000000000690e-03 0.0000000000000000e+00 0.0000000000000000e+00 1.6310469226559079e+00 3.4971292848879642e-05
