8.6491106406735161e-06 -2.0000000000000019e-05 0.0000000000000000e+00 0.0000000000000000e+00 1.6310491567897996e+00 3.4971221785062005e-09
1.7298221281347032e-05 -4.0000000000000003e-05 0.0000000000000000e+00 0.0000000000000000e+00 1.6310490178275749e+00 1.3988490482532487e-08
2.5947331922020550e-05 -6.0000000000000022e-05 0.0000000000000000e+00 0.0000000000000000e+00 1.6310488788292397e+00 3.1474107564840439e-08
3.4596442562694071e-05 -8.0000000000000074e-05 0.0000000000000000e+00 0.0000000000000000e+00 1.6310487398233529e+00 5.5953976078191648e-08
4.3245553203367592e-05 -1.0000000000000006e-04 0.0000000000000000e+00 0.0000000000000000e+00 1.6310486008210834e+00 8.7428098675347540e-08
5.1894663844041114e-05 -1.1999999999999992e-04 0.0000000000000000e+00 0.0000000000000000e+00 1.6310484618247669e+00 1.2589647800906952e-07
6.0543774484714635e-05 -1.3999999999999977e-04 0.0000000000000000e+00 0.0000000000000000e+00 1.6310483228213886e+00 1.7135911673211923e-07
6.9192885125388156e-05 -1.5999999999999958e-04 0.0000000000000000e+00 0.0000000000000000e+00 1.6310481838247881e+00 2.2381601749725819e-07
7.7841995766061677e-05 -1.7999999999999923e-04 0.0000000000000000e+00 0.0000000000000000e+00 1.6310480448209448e+00 2.8326718295724757e-07
8.6491106406735198e-05 -1.9999999999999879e-04 0.0000000000000000e+00 0.0000000000000000e+00 1.6310479058209086e+00 3.4971261576484898e-07
9.5140217047408719e-05 -2.1999999999999825e-04 0.0000000000000000e+00 0.0000000000000000e+00 1.6310477668208905e+00 4.2315231857282378e-07
1.0378932768808224e-04 -2.3999999999999773e-04 0.0000000000000000e+00 0.0000000000000000e+00 1.6310476278226442e+00 5.0358629403393402e-07
1.1243843832875576e-04 -2.5999999999999700e-04 0.0000000000000000e+00 0.0000000000000000e+00 1.6310474888238398e+00 5.9101454480094034e-07
1.2108754896942928e-04 -2.7999999999999634e-04 0.0000000000000000e+00 0.0000000000000000e+00 1.6310473498217997e+00 6.8543707352660520e-07
1.2973665961010279e-04 -2.9999999999999661e-04 0.0000000000000000e+00 0.0000000000000000e+00 1.6310472108247638e+00 7.8685388286369433e-07
1.3838577025077628e-04 -3.1999999999999710e-04 0.0000000000000000e+00 0.0000000000000000e+00 1.6310470718233758e+00 8.9526497546496649e-07
1.4703488089144978e-04 -3.3999999999999796e-04 0.0000000000000000e+00 0.0000000000000000e+00 1.6310469328248536e+00 1.0106703539831844e-06
1.5568399153212327e-04 -3.5999999999999883e-04 0.0000000000000000e+00 0.0000000000000000e+00 1.6310467938272148e+00 1.1330700210711078e-06
1.6433310217279677e-04 -3.7999999999999964e-04 0.0000000000000000e+00 0.0000000000000000e+00 1.6310466548276512e+00 1.2624639793814978e-06
1.7298221281347026e-04 -4.0000000000000056e-04 0.0000000000000000e+00 0.0000000000000000e+00 1.6310465158280882e+00 1.3988522315671168e-06
1.8163132345414376e-04 -4.2000000000000116e-04 0.0000000000000000e+00 0.0000000000000000e+00 1.6310463768295791e+00 1.5422347802807243e-06
1.9028043409481725e-04 -4.4000000000000218e-04 0.0000000000000000e+00 0.0000000000000000e+00 1.6310462378316217e+00 1.6926116281750861e-06
1.9892954473549074e-04 -4.6000000000000321e-04 0.0000000000000000e+00 0.0000000000000000e+00 1.6310460988338824e+00 1.8499827779029614e-06
2.0757865537616424e-04 -4.8000000000000375e-04 0.0000000000000000e+00 0.0000000000000000e+00 1.6310459598358358e+00 2.0143482321171078e-06
2.1622776601683773e-04 -5.0000000000000424e-04 0.0000000000000000e+00 0.0000000000000000e+00 1.6310458208382217e+00 2.1857079934702902e-06
2.2487687665751123e-04 -5.2000000000000527e-04 0.0000000000000000e+00 0.0000000000000000e+00 1.6310456818403827e+00 2.3640620646152750e-06
2.3352598729818472e-04 -5.4000000000000597e-04 0.0000000000000000e+00 0.0000000000000000e+00 1.6310455428430650e+00 2.5494104482048154e-06
2.4217509793885821e-04 -5.6000000000000711e-04 0.0000000000000000e+00 0.0000000000000000e+00 1.6310454038460083e+00 2.7417531468916816e-06
2.5082420857953171e-04 -5.8000000000000846e-04 0.0000000000000000e+00 0.0000000000000000e+00 1.6310452648496223e+00 2.9410901633286324e-06
2.5947331922020520e-04 -6.0000000000001036e-04 0.0000000000000000e+00 0.0000000000000000e+00 1.6310451258533596e+00 3.1474215001684319e-06
2.6812242986087870e-04 -6.2000000000001269e-04 0.0000000000000000e+00 0.0000000000000000e+00 1.6310449868566759e+00 3.3607471600638424e-06
2.7677154050155219e-04 -6.4000000000001501e-04 0.0000000000000000e+00 0.0000000000000000e+00 1.6310448478598083e+00 3.5810671456676217e-06
2.8542065114222568e-04 -6.6000000000001756e-04 0.0000000000000000e+00 0.0000000000000000e+00 1.6310447088630196e+00 3.8083814596325325e-06
2.9406976178289918e-04 -6.8000000000001967e-04 0.0000000000000000e+00 0.0000000000000000e+00 1.6310445698674065e+00 4.0426901046113290e-06
3.0271887242357267e-04 -7.0000000000002113e-04 0.0000000000000000e+00 0.0000000000000000e+00 1.6310444308721457e+00 4.2839930832567725e-06
3.1136798306424617e-04 -7.2000000000002227e-04 0.0000000000000000e+00 0.0000000000000000e+00 1.6310442918757391e+00 4.5322903982216269e-06
3.2001709370491966e-04 -7.4000000000002352e-04 0.0000000000000000e+00 0.0000000000000000e+00 1.6310441528799799e+00 4.7875820521586563e-06
3.2866620434559315e-04 -7.6000000000002444e-04 0.0000000000000000e+00 0.0000000000000000e+00 1.6310440138855946e+00 5.0498680477206187e-06
3.3731531498626665e-04 -7.8000000000002492e-04 0.0000000000000000e+00 0.0000000000000000e+00 1.6310438748902067e+00 5.3191483875602749e-06
3.4596442562694014e-04 -8.0000000000002519e-04 0.0000000000000000e+00 0.0000000000000000e+00 1.6310437358945902e+00 5.5954230743303872e-06
3.5461353626761364e-04 -8.2000000000002633e-04 0.0000000000000000e+00 0.0000000000000000e+00 1.6310435969006165e+00 5.8786921106837315e-06
3.6326264690828713e-04 -8.4000000000002833e-04 0.0000000000000000e+00 0.0000000000000000e+00 1.6310434579057658e+00 6.1689554992730692e-06
3.7191175754896062e-04 -8.6000000000003044e-04 0.0000000000000000e+00 0.0000000000000000e+00 1.6310433189110027e+00 6.4662132427511552e-06
3.8056086818963412e-04 -8.8000000000003180e-04 0.0000000000000000e+00 0.0000000000000000e+00 1.6310431799174996e+00 6.7704653437707364e-06
3.8920997883030761e-04 -9.0000000000003239e-04 0.0000000000000000e+00 0.0000000000000000e+00 1.6310430409227699e+00 7.0817118049845754e-06
3.9785908947098111e-04 -9.2000000000003245e-04 0.0000000000000000e+00 0.0000000000000000e+00 1.6310429019294996e+00 7.3999526290454343e-06
4.0650820011165460e-04 -9.4000000000003206e-04 0.0000000000000000e+00 0.0000000000000000e+00 1.6310427629356716e+00 7.7251878186060790e-06
4.1515731075232810e-04 -9.6000000000003179e-04 0.0000000000000000e+00 0.0000000000000000e+00 1.6310426239418325e+00 8.0574173763192760e-06
4.2380642139300159e-04 -9.8000000000003249e-04 0.0000000000000000e+00 0.0000000000000000e+00 1.6310424849491216e+00 8.3966413048377987e-06
4.3245553203367508e-04 -1.0000000000000334e-03 0.0000000000000000e+00 0.0000000000000000e+00 1.6310423459553132e+00 8.7428596068144035e-06
4.4110464267434858e-04 -1.0200000000000332e-03 0.0000000000000000e+00 0.0000000000000000e+00 1.6310422069631076e+00 9.0960722849018248e-06
4.4975375331502207e-04 -1.0400000000000335e-03 0.0000000000000000e+00 0.0000000000000000e+00 1.6310420679697577e+00 9.4562793417528530e-06
4.5840286395569557e-04 -1.0600000000000336e-03 0.0000000000000000e+00 0.0000000000000000e+00 1.6310419289777993e+00 9.8234807800202341e-06
4.6705197459636906e-04 -1.0800000000000345e-03 0.0000000000000000e+00 0.0000000000000000e+00 1.6310417899848266e+00 1.0197676602356754e-05
4.7570108523704255e-04 -1.1000000000000361e-03 0.0000000000000000e+00 0.0000000000000000e+00 1.6310416509931498e+00 1.0578866811415166e-05
4.8435019587771605e-04 -1.1200000000000372e-03 0.0000000000000000e+00 0.0000000000000000e+00 1.6310415120007398e+00 1.0967051409848218e-05
4.9299930651838949e-04 -1.1400000000000388e-03 0.0000000000000000e+00 0.0000000000000000e+00 1.6310413730094009e+00 1.1362230400308679e-05
5.0164841715906287e-04 -1.1600000000000395e-03 0.0000000000000000e+00 0.0000000000000000e+00 1.6310412340171943e+00 1.1764403785449297e-05
5.1029752779973626e-04 -1.1800000000000404e-03 0.0000000000000000e+00 0.0000000000000000e+00 1.6310410950262961e+00 1.2173571567922844e-05
5.1894663844040964e-04 -1.2000000000000420e-03 0.0000000000000000e+00 0.0000000000000000e+00 1.6310409560345136e+00 1.2589733750382098e-05
5.2759574908108303e-04 -1.2200000000000435e-03 0.0000000000000000e+00 0.0000000000000000e+00 1.6310408170439779e+00 1.3012890335479802e-05
5.3624485972175642e-04 -1.2400000000000453e-03 0.0000000000000000e+00 0.0000000000000000e+00 1.6310406780525206e+00 1.3443041325868725e-05
5.4489397036242980e-04 -1.2600000000000480e-03 0.0000000000000000e+00 0.0000000000000000e+00 1.6310405390623612e+00 1.3880186724201642e-05
5.5354308100310319e-04 -1.2800000000000506e-03 0.0000000000000000e+00 0.0000000000000000e+00 1.6310404000712935e+00 1.4324326533131296e-05
5.6219219164377657e-04 -1.3000000000000526e-03 0.0000000000000000e+00 0.0000000000000000e+00 1.6310402610813772e+00 1.4775460755310438e-05
5.7084130228444996e-04 -1.3200000000000542e-03 0.0000000000000000e+00 0.0000000000000000e+00 1.6310401220909083e+00 1.5233589393391829e-05
5.7949041292512334e-04 -1.3400000000000558e-03 0.0000000000000000e+00 0.0000000000000000e+00 1.6310399831011229e+00 1.5698712450028245e-05
5.8813952356579673e-04 -1.3600000000000565e-03 0.0000000000000000e+00 0.0000000000000000e+00 1.6310398441114837e+00 1.6170829927872424e-05
5.9678863420647012e-04 -1.3800000000000570e-03 0.0000000000000000e+00 0.0000000000000000e+00 1.6310397051215895e+00 1.6649941829577140e-05
6.0543774484714350e-04 -1.4000000000000568e-03 0.0000000000000000e+00 0.0000000000000000e+00 1.6310395661325672e+00 1.7136048157795155e-05
6.1408685548781689e-04 -1.4200000000000582e-03 0.0000000000000000e+00 0.0000000000000000e+00 1.6310394271428186e+00 1.7629148915179270e-05
6.2273596612849027e-04 -1.4400000000000597e-03 0.0000000000000000e+00 0.0000000000000000e+00 1.6310392881541620e+00 1.8129244104382218e-05
6.3138507676916366e-04 -1.4600000000000615e-03 0.0000000000000000e+00 0.0000000000000000e+00 1.6310391491650800e+00 1.8636333728056755e-05
6.4003418740983704e-04 -1.4800000000000626e-03 0.0000000000000000e+00 0.0000000000000000e+00 1.6310390101764305e+00 1.9150417788855640e-05
6.4868329805051043e-04 -1.5000000000000553e-03 0.0000000000000000e+00 0.0000000000000000e+00 1.6310388711882506e+00 1.9671496289431441e-05
6.5733240869118382e-04 -1.5200000000000495e-03 0.0000000000000000e+00 0.0000000000000000e+00 1.6310387321994575e+00 2.0199569232437148e-05
6.6598151933185720e-04 -1.5400000000000437e-03 0.0000000000000000e+00 0.0000000000000000e+00 1.6310385932117537e+00 2.0734636620525483e-05
6.7463062997253059e-04 -1.5600000000000364e-03 0.0000000000000000e+00 0.0000000000000000e+00 1.6310384542236258e+00 2.1276698456349179e-05
6.8327974061320397e-04 -1.5800000000000286e-03 0.0000000000000000e+00 0.0000000000000000e+00 1.6310383152357513e+00 2.1825754742561026e-05
6.9192885125387736e-04 -1.6000000000000215e-03 0.0000000000000000e+00 0.0000000000000000e+00 1.6310381762485464e+00 2.2381805481813798e-05
7.0057796189455074e-04 -1.6200000000000147e-03 0.0000000000000000e+00 0.0000000000000000e+00 1.6310380372607454e+00 2.2944850676760264e-05
7.0922707253522413e-04 -1.6400000000000091e-03 0.0000000000000000e+00 0.0000000000000000e+00 1.6310378982737841e+00 2.3514890330053188e-05
7.1787618317589751e-04 -1.6600000000000028e-03 0.0000000000000000e+00 0.0000000000000000e+00 1.6310377592869305e+00 2.4091924444345306e-05
7.2652529381657090e-04 -1.6799999999999973e-03 0.0000000000000000e+00 0.0000000000000000e+00 1.6310376202996861e+00 2.4675953022289405e-05
7.3517440445724429e-04 -1.6999999999999921e-03 0.0000000000000000e+00 0.0000000000000000e+00 1.6310374813133492e+00 2.5266976066538241e-05
7.4382351509791767e-04 -1.7199999999999880e-03 0.0000000000000000e+00 0.0000000000000000e+00 1.6310373423268498e+00 2.5864993579744590e-05
7.5247262573859106e-04 -1.7399999999999857e-03 0.0000000000000000e+00 0.0000000000000000e+00 1.6310372033403608e+00 2.6470005564561238e-05
7.6112173637926444e-04 -1.7599999999999816e-03 0.0000000000000000e+00 0.0000000000000000e+00 1.6310370643546017e+00 2.7082012023640851e-05
7.6977084701993783e-04 -1.7799999999999765e-03 0.0000000000000000e+00 0.0000000000000000e+00 1.6310369253685812e+00 2.7701012959636204e-05
7.7841995766061121e-04 -1.7999999999999709e-03 0.0000000000000000e+00 0.0000000000000000e+00 1.6310367863827042e+00 2.8327008375200085e-05
7.8706906830128460e-04 -1.8199999999999644e-03 0.0000000000000000e+00 0.0000000000000000e+00 1.6310366473974744e+00 2.8959998272985233e-05
7.9571817894195799e-04 -1.8399999999999569e-03 0.0000000000000000e+00 0.0000000000000000e+00 1.6310365084118981e+00 2.9599982655644401e-05
8.0436728958263137e-04 -1.8599999999999509e-03 0.0000000000000000e+00 0.0000000000000000e+00 1.6310363694266199e+00 3.0246961525830434e-05
8.1301640022330476e-04 -1.8799999999999457e-03 0.0000000000000000e+00 0.0000000000000000e+00 1.6310362304419503e+00 3.0900934886196079e-05
8.2166551086397814e-04 -1.8999999999999393e-03 0.0000000000000000e+00 0.0000000000000000e+00 1.6310360914569415e+00 3.1561902739394019e-05
8.3031462150465153e-04 -1.9199999999999337e-03 0.0000000000000000e+00 0.0000000000000000e+00 1.6310359524722646e+00 3.2229865088077087e-05
8.3896373214532491e-04 -1.9399999999999279e-03 0.0000000000000000e+00 0.0000000000000000e+00 1.6310358134881260e+00 3.2904821934898014e-05
8.4761284278599830e-04 -1.9599999999999201e-03 0.0000000000000000e+00 0.0000000000000000e+00 1.6310356745037586e+00 3.3586773282509511e-05
8.5626195342667169e-04 -1.9799999999999115e-03 0.0000000000000000e+00 0.0000000000000000e+00 1.6310355355194848e+00 3.4275719133564363e-05
8.6491106406734507e-04 -1.9999999999999020e-03 0.0000000000000000e+00 0.0000000000000000e+00 1.6310353965359465e+00 3.4971659490715335e-05
