8.6491106406735161e-06 -2.0000000000000012e-05 0.0000000000000000e+00 0.0000000000000000e+00 1.6310488686151390e+00 3.4971230951108007e-09
1.7298221281347032e-05 -3.9999999999999990e-05 0.0000000000000000e+00 0.0000000000000000e+00 1.6310484414798152e+00 1.3988497815369296e-08
2.5947331922020550e-05 -6.0000000000000008e-05 0.0000000000000000e+00 0.0000000000000000e+00 1.6310480143099433e+00 3.1474132313164687e-08
3.4596442562694071e-05 -7.9999999999999966e-05 0.0000000000000000e+00 0.0000000000000000e+00 1.6310475871340815e+00 5.5954034740886051e-08
4.3245553203367592e-05 -9.9999999999999951e-05 0.0000000000000000e+00 0.0000000000000000e+00 1.6310471599633987e+00 8.7428213250922644e-08
5.1894663844041114e-05 -1.1999999999999998e-04 0.0000000000000000e+00 0.0000000000000000e+00 1.6310467328002305e+00 1.2589667599566369e-07
6.0543774484714635e-05 -1.4000000000000001e-04 0.0000000000000000e+00 0.0000000000000000e+00 1.6310463056315627e+00 1.7135943112749828e-07
6.9192885125388156e-05 -1.6000000000000020e-04 0.0000000000000000e+00 0.0000000000000000e+00 1.6310458784712358e+00 2.2381648679881603e-07
7.7841995766061677e-05 -1.8000000000000039e-04 0.0000000000000000e+00 0.0000000000000000e+00 1.6310454513052262e+00 2.8326785116200575e-07
8.6491106406735198e-05 -2.0000000000000052e-04 0.0000000000000000e+00 0.0000000000000000e+00 1.6310450241445846e+00 3.4971353236945648e-07
9.5140217047408719e-05 -2.2000000000000047e-04 0.0000000000000000e+00 0.0000000000000000e+00 1.6310445969855241e+00 4.2315353857355676e-07
1.0378932768808224e-04 -2.4000000000000066e-04 0.0000000000000000e+00 0.0000000000000000e+00 1.6310441698297977e+00 5.0358787792669735e-07
1.1243843832875576e-04 -2.6000000000000101e-04 0.0000000000000000e+00 0.0000000000000000e+00 1.6310437426750712e+00 5.9101655858126732e-07
1.2108754896942928e-04 -2.8000000000000144e-04 0.0000000000000000e+00 0.0000000000000000e+00 1.6310433155186741e+00 6.8543958868965557e-07
1.2973665961010279e-04 -3.0000000000000203e-04 0.0000000000000000e+00 0.0000000000000000e+00 1.6310428883688415e+00 7.8685697640425159e-07
1.3838577025077628e-04 -3.2000000000000241e-04 0.0000000000000000e+00 0.0000000000000000e+00 1.6310424612162191e+00 8.9526872987744301e-07
1.4703488089144978e-04 -3.4000000000000306e-04 0.0000000000000000e+00 0.0000000000000000e+00 1.6310420340680214e+00 1.0106748572616212e-06
1.5568399153212327e-04 -3.6000000000000409e-04 0.0000000000000000e+00 0.0000000000000000e+00 1.6310416069222717e+00 1.1330753667091762e-06
1.6433310217279677e-04 -3.8000000000000523e-04 0.0000000000000000e+00 0.0000000000000000e+00 1.6310411797761588e+00 1.2624702663724964e-06
1.7298221281347026e-04 -4.0000000000000620e-04 0.0000000000000000e+00 0.0000000000000000e+00 1.6310407526316046e+00 1.3988595644039688e-06
1.8163132345414376e-04 -4.2000000000000755e-04 0.0000000000000000e+00 0.0000000000000000e+00 1.6310403254896668e+00 1.5422432689559860e-06
1.9028043409481725e-04 -4.4000000000000874e-04 0.0000000000000000e+00 0.0000000000000000e+00 1.6310398983498420e+00 1.6926213881809345e-06
1.9892954473549074e-04 -4.6000000000001010e-04 0.0000000000000000e+00 0.0000000000000000e+00 1.6310394712117966e+00 1.8499939302312043e-06
2.0757865537616424e-04 -4.8000000000001183e-04 0.0000000000000000e+00 0.0000000000000000e+00 1.6310390440750058e+00 2.0143609032591877e-06
2.1622776601683773e-04 -5.0000000000001345e-04 0.0000000000000000e+00 0.0000000000000000e+00 1.6310386169402085e+00 2.1857223154172690e-06
2.2487687665751123e-04 -5.2000000000001535e-04 0.0000000000000000e+00 0.0000000000000000e+00 1.6310381898067476e+00 2.3640781748578425e-06
2.3352598729818472e-04 -5.4000000000001746e-04 0.0000000000000000e+00 0.0000000000000000e+00 1.6310377626753692e+00 2.5494284897332951e-06
2.4217509793885821e-04 -5.6000000000001979e-04 0.0000000000000000e+00 0.0000000000000000e+00 1.6310373355458134e+00 2.7417732681960167e-06
2.5082420857953171e-04 -5.8000000000002245e-04 0.0000000000000000e+00 0.0000000000000000e+00 1.6310369084184895e+00 2.9411125183983990e-06
2.5947331922020520e-04 -6.0000000000002488e-04 0.0000000000000000e+00 0.0000000000000000e+00 1.6310364812928484e+00 3.1474462484928239e-06
2.6812242986087870e-04 -6.2000000000002732e-04 0.0000000000000000e+00 0.0000000000000000e+00 1.6310360541683466e+00 3.3607744666316846e-06
2.7677154050155219e-04 -6.4000000000002922e-04 0.0000000000000000e+00 0.0000000000000000e+00 1.6310356270452229e+00 3.5810971809673644e-06
2.8542065114222568e-04 -6.6000000000003155e-04 0.0000000000000000e+00 0.0000000000000000e+00 1.6310351999237402e+00 3.8084143996522612e-06
2.9406976178289918e-04 -6.8000000000003442e-04 0.0000000000000000e+00 0.0000000000000000e+00 1.6310347728049945e+00 4.0427261308387659e-06
3.0271887242357267e-04 -7.0000000000003794e-04 0.0000000000000000e+00 0.0000000000000000e+00 1.6310343456881589e+00 4.2840323826792704e-06
3.1136798306424617e-04 -7.2000000000004081e-04 0.0000000000000000e+00 0.0000000000000000e+00 1.6310339185717395e+00 4.5323331633261491e-06
3.2001709370491966e-04 -7.4000000000004390e-04 0.0000000000000000e+00 0.0000000000000000e+00 1.6310334914575306e+00 4.7876284809318003e-06
3.2866620434559315e-04 -7.6000000000004634e-04 0.0000000000000000e+00 0.0000000000000000e+00 1.6310330643462547e+00 5.0499183436486035e-06
3.3731531498626665e-04 -7.8000000000004910e-04 0.0000000000000000e+00 0.0000000000000000e+00 1.6310326372355353e+00 5.3192027596289594e-06
3.4596442562694014e-04 -8.0000000000005241e-04 0.0000000000000000e+00 0.0000000000000000e+00 1.6310322101261507e+00 5.5954817370252587e-06
3.5461353626761364e-04 -8.2000000000005495e-04 0.0000000000000000e+00 0.0000000000000000e+00 1.6310317830199696e+00 5.8787552839898766e-06
3.6326264690828713e-04 -8.4000000000005696e-04 0.0000000000000000e+00 0.0000000000000000e+00 1.6310313559144687e+00 6.1690234086752029e-06
3.7191175754896062e-04 -8.6000000000005918e-04 0.0000000000000000e+00 0.0000000000000000e+00 1.6310309288106208e+00 6.4662861192336375e-06
3.8056086818963412e-04 -8.8000000000006107e-04 0.0000000000000000e+00 0.0000000000000000e+00 1.6310305017095896e+00 6.7705434238175616e-06
3.8920997883030761e-04 -9.0000000000006373e-04 0.0000000000000000e+00 0.0000000000000000e+00 1.6310300746088928e+00 7.0817953305793785e-06
3.9785908947098111e-04 -9.2000000000006562e-04 0.0000000000000000e+00 0.0000000000000000e+00 1.6310296475112196e+00 7.4000418476714584e-06
4.0650820011165460e-04 -9.4000000000006665e-04 0.0000000000000000e+00 0.0000000000000000e+00 1.6310292204145440e+00 7.7252829832461852e-06
4.1515731075232810e-04 -9.6000000000006865e-04 0.0000000000000000e+00 0.0000000000000000e+00 1.6310287933194223e+00 8.0575187454559799e-06
4.2380642139300159e-04 -9.8000000000007022e-04 0.0000000000000000e+00 0.0000000000000000e+00 1.6310283662269862e+00 8.3967491424532043e-06
4.3245553203367508e-04 -1.0000000000000709e-03 0.0000000000000000e+00 0.0000000000000000e+00 1.6310279391350144e+00 8.7429741823902456e-06
4.4110464267434858e-04 -1.0200000000000714e-03 0.0000000000000000e+00 0.0000000000000000e+00 1.6310275120462052e+00 9.0961938734195011e-06
4.4975375331502207e-04 -1.0400000000000728e-03 0.0000000000000000e+00 0.0000000000000000e+00 1.6310270849578115e+00 9.4564082236933766e-06
4.5840286395569557e-04 -1.0600000000000739e-03 0.0000000000000000e+00 0.0000000000000000e+00 1.6310266578723716e+00 9.8236172413642441e-06
4.6705197459636906e-04 -1.0800000000000750e-03 0.0000000000000000e+00 0.0000000000000000e+00 1.6310262307874754e+00 1.0197820934584499e-05
4.7570108523704255e-04 -1.1000000000000760e-03 0.0000000000000000e+00 0.0000000000000000e+00 1.6310258037054388e+00 1.0579019311506521e-05
4.8435019587771605e-04 -1.1200000000000780e-03 0.0000000000000000e+00 0.0000000000000000e+00 1.6310253766242238e+00 1.0967212380282728e-05
4.9299930651838949e-04 -1.1400000000000798e-03 0.0000000000000000e+00 0.0000000000000000e+00 1.6310249495456450e+00 1.1362400149065481e-05
5.0164841715906287e-04 -1.1600000000000820e-03 0.0000000000000000e+00 0.0000000000000000e+00 1.6310245224677551e+00 1.1764582626007187e-05
5.1029752779973626e-04 -1.1800000000000855e-03 0.0000000000000000e+00 0.0000000000000000e+00 1.6310240953927371e+00 1.2173759819260246e-05
5.1894663844040964e-04 -1.2000000000000901e-03 0.0000000000000000e+00 0.0000000000000000e+00 1.6310236683183914e+00 1.2589931736977046e-05
5.2759574908108303e-04 -1.2200000000000956e-03 0.0000000000000000e+00 0.0000000000000000e+00 1.6310232412468548e+00 1.3013098387309976e-05
5.3624485972175642e-04 -1.2400000000001019e-03 0.0000000000000000e+00 0.0000000000000000e+00 1.6310228141759560e+00 1.3443259778411423e-05
5.4489397036242980e-04 -1.2600000000001070e-03 0.0000000000000000e+00 0.0000000000000000e+00 1.6310223871079155e+00 1.3880415918433736e-05
5.5354308100310319e-04 -1.2800000000001118e-03 0.0000000000000000e+00 0.0000000000000000e+00 1.6310219600405274e+00 1.4324566815529321e-05
5.6219219164377657e-04 -1.3000000000001175e-03 0.0000000000000000e+00 0.0000000000000000e+00 1.6310215329758475e+00 1.4775712477850596e-05
5.7084130228444996e-04 -1.3200000000001240e-03 0.0000000000000000e+00 0.0000000000000000e+00 1.6310211059121791e+00 1.5233852913549943e-05
5.7949041292512334e-04 -1.3400000000001299e-03 0.0000000000000000e+00 0.0000000000000000e+00 1.6310206788507497e+00 1.5698988130779726e-05
5.8813952356579673e-04 -1.3600000000001367e-03 0.0000000000000000e+00 0.0000000000000000e+00 1.6310202517910317e+00 1.6171118137692362e-05
5.9678863420647012e-04 -1.3800000000001424e-03 0.0000000000000000e+00 0.0000000000000000e+00 1.6310198247326120e+00 1.6650242942440204e-05
6.0543774484714350e-04 -1.4000000000001479e-03 0.0000000000000000e+00 0.0000000000000000e+00 1.6310193976766283e+00 1.7136362553175653e-05
6.1408685548781689e-04 -1.4200000000001536e-03 0.0000000000000000e+00 0.0000000000000000e+00 1.6310189706214777e+00 1.7629476978051108e-05
6.2273596612849027e-04 -1.4400000000001593e-03 0.0000000000000000e+00 0.0000000000000000e+00 1.6310185435689768e+00 1.8129586225218961e-05
6.3138507676916366e-04 -1.4600000000001645e-03 0.0000000000000000e+00 0.0000000000000000e+00 1.6310181165176141e+00 1.8636690302831582e-05
6.4003418740983704e-04 -1.4800000000001700e-03 0.0000000000000000e+00 0.0000000000000000e+00 1.6310176894682380e+00 1.9150789219041381e-05
6.4868329805051043e-04 -1.5000000000001720e-03 0.0000000000000000e+00 0.0000000000000000e+00 1.6310172624208956e+00 1.9671882982000662e-05
6.5733240869118382e-04 -1.5200000000001738e-03 0.0000000000000000e+00 0.0000000000000000e+00 1.6310168353744989e+00 2.0199971599861879e-05
6.6598151933185720e-04 -1.5400000000001745e-03 0.0000000000000000e+00 0.0000000000000000e+00 1.6310164083307486e+00 2.0735055080777413e-05
6.7463062997253059e-04 -1.5600000000001756e-03 0.0000000000000000e+00 0.0000000000000000e+00 1.6310159812881375e+00 2.1277133432899685e-05
6.8327974061320397e-04 -1.5800000000001765e-03 0.0000000000000000e+00 0.0000000000000000e+00 1.6310155542473344e+00 2.1826206664381057e-05
6.9192885125387736e-04 -1.6000000000001785e-03 0.0000000000000000e+00 0.0000000000000000e+00 1.6310151272087638e+00 2.2382274783373966e-05
7.0057796189455074e-04 -1.6200000000001808e-03 0.0000000000000000e+00 0.0000000000000000e+00 1.6310147001711566e+00 2.2945337798030763e-05
7.0922707253522413e-04 -1.6400000000001830e-03 0.0000000000000000e+00 0.0000000000000000e+00 1.6310142731359458e+00 2.3515395716503854e-05
7.1787618317589751e-04 -1.6600000000001867e-03 0.0000000000000000e+00 0.0000000000000000e+00 1.6310138461024064e+00 2.4092448546945652e-05
7.2652529381657090e-04 -1.6800000000001907e-03 0.0000000000000000e+00 0.0000000000000000e+00 1.6310134190700318e+00 2.4676496297508514e-05
7.3517440445724429e-04 -1.7000000000001957e-03 0.0000000000000000e+00 0.0000000000000000e+00 1.6310129920401237e+00 2.5267538976344862e-05
7.4382351509791767e-04 -1.7200000000002008e-03 0.0000000000000000e+00 0.0000000000000000e+00 1.6310125650116174e+00 2.5865576591607044e-05
7.5247262573859106e-04 -1.7400000000002067e-03 0.0000000000000000e+00 0.0000000000000000e+00 1.6310121379846747e+00 2.6470609151447487e-05
7.6112173637926444e-04 -1.7600000000002115e-03 0.0000000000000000e+00 0.0000000000000000e+00 1.6310117109600233e+00 2.7082636664018512e-05
7.6977084701993783e-04 -1.7800000000002170e-03 0.0000000000000000e+00 0.0000000000000000e+00 1.6310112839366726e+00 2.7701659137472570e-05
7.7841995766061121e-04 -1.8000000000002218e-03 0.0000000000000000e+00 0.0000000000000000e+00 1.6310108569150188e+00 2.8327676579962000e-05
7.8706906830128460e-04 -1.8200000000002283e-03 0.0000000000000000e+00 0.0000000000000000e+00 1.6310104298955750e+00 2.8960688999639271e-05
7.9571817894195799e-04 -1.8400000000002353e-03 0.0000000000000000e+00 0.0000000000000000e+00 1.6310100028773458e+00 2.9600696404656731e-05
8.0436728958263137e-04 -1.8600000000002430e-03 0.0000000000000000e+00 0.0000000000000000e+00 1.6310095758609684e+00 3.0247698803166774e-05
8.1301640022330476e-04 -1.8800000000002489e-03 0.0000000000000000e+00 0.0000000000000000e+00 1.6310091488467615e+00 3.0901696203321726e-05
8.2166551086397814e-04 -1.9000000000002535e-03 0.0000000000000000e+00 0.0000000000000000e+00 1.6310087218337768e+00 3.1562688613273981e-05
8.3031462150465153e-04 -1.9200000000002570e-03 0.0000000000000000e+00 0.0000000000000000e+00 1.6310082948226774e+00 3.2230676041175936e-05
8.3896373214532491e-04 -1.9400000000002592e-03 0.0000000000000000e+00 0.0000000000000000e+00 1.6310078678136788e+00 3.2905658495179971e-05
8.4761284278599830e-04 -1.9600000000002632e-03 0.0000000000000000e+00 0.0000000000000000e+00 1.6310074408060122e+00 3.3587635983438570e-05
8.5626195342667169e-04 -1.9800000000002654e-03 0.0000000000000000e+00 0.0000000000000000e+00 1.6310070137999935e+00 3.4276608514104010e-05
8.6491106406734507e-04 -2.0000000000002663e-03 0.0000000000000000e+00 0.0000000000000000e+00 1.6310065867962704e+00 3.4972576095328712e-05
