6.2118807088509078e-06 -2.0000000000000005e-05 0.0000000000000000e+00 0.0000000000000000e+00 1.7713092143981717e+00 2.7534192571565462e-09
1.2423761417701816e-05 -4.0000000000000017e-05 0.0000000000000000e+00 0.0000000000000000e+00 1.7713091433874919e+00 1.1013677611010136e-08
1.8635642126552723e-05 -6.0000000000000056e-05 0.0000000000000000e+00 0.0000000000000000e+00 1.7713090723731879e+00 2.4780775935136708e-08
2.4847522835403628e-05 -8.0000000000000115e-05 0.0000000000000000e+00 0.0000000000000000e+00 1.7713090013607307e+00 4.4054715103112211e-08
3.1059403544254533e-05 -1.0000000000000015e-04 0.0000000000000000e+00 0.0000000000000000e+00 1.7713089303389040e+00 6.8835495988512519e-08
3.7271284253105438e-05 -1.2000000000000017e-04 0.0000000000000000e+00 0.0000000000000000e+00 1.7713088593165922e+00 9.9123119464913530e-08
4.3483164961956344e-05 -1.4000000000000023e-04 0.0000000000000000e+00 0.0000000000000000e+00 1.7713087882923082e+00 1.3491758640589130e-07
4.9695045670807249e-05 -1.6000000000000034e-04 0.0000000000000000e+00 0.0000000000000000e+00 1.7713087172659567e+00 1.7621889768502174e-07
5.5906926379658154e-05 -1.8000000000000045e-04 0.0000000000000000e+00 0.0000000000000000e+00 1.7713086462426741e+00 2.2302705417588077e-07
6.2118807088509066e-05 -2.0000000000000058e-04 0.0000000000000000e+00 0.0000000000000000e+00 1.7713085752202629e+00 2.7534205675204431e-07
6.8330687797359978e-05 -2.2000000000000074e-04 0.0000000000000000e+00 0.0000000000000000e+00 1.7713085041967072e+00 3.3316390628708835e-07
7.4542568506210890e-05 -2.4000000000000093e-04 0.0000000000000000e+00 0.0000000000000000e+00 1.7713084331748292e+00 3.9649260365458885e-07
8.0754449215061802e-05 -2.6000000000000112e-04 0.0000000000000000e+00 0.0000000000000000e+00 1.7713083621539116e+00 4.6532814972812155e-07
8.6966329923912714e-05 -2.8000000000000133e-04 0.0000000000000000e+00 0.0000000000000000e+00 1.7713082911281861e+00 5.3967054538126264e-07
9.3178210632763626e-05 -3.0000000000000149e-04 0.0000000000000000e+00 0.0000000000000000e+00 1.7713082201079708e+00 6.1951979148758760e-07
9.9390091341614538e-05 -3.2000000000000165e-04 0.0000000000000000e+00 0.0000000000000000e+00 1.7713081490831215e+00 7.0487588892067262e-07
1.0560197205046545e-04 -3.4000000000000176e-04 0.0000000000000000e+00 0.0000000000000000e+00 1.7713080780607862e+00 7.9573883855409340e-07
1.1181385275931636e-04 -3.6000000000000197e-04 0.0000000000000000e+00 0.0000000000000000e+00 1.7713080070395513e+00 8.9210864126142645e-07
1.1802573346816727e-04 -3.8000000000000219e-04 0.0000000000000000e+00 0.0000000000000000e+00 1.7713079360170887e+00 9.9398529791624746e-07
1.2423761417701819e-04 -4.0000000000000230e-04 0.0000000000000000e+00 0.0000000000000000e+00 1.7713078649934118e+00 1.1013688093921316e-06
1.3044949488586908e-04 -4.2000000000000235e-04 0.0000000000000000e+00 0.0000000000000000e+00 1.7713077939702651e+00 1.2142591765626549e-06
1.3666137559471998e-04 -4.4000000000000240e-04 0.0000000000000000e+00 0.0000000000000000e+00 1.7713077229478429e+00 1.3326564003013940e-06
1.4287325630357088e-04 -4.6000000000000262e-04 0.0000000000000000e+00 0.0000000000000000e+00 1.7713076519255062e+00 1.4565604814819252e-06
1.4908513701242178e-04 -4.8000000000000278e-04 0.0000000000000000e+00 0.0000000000000000e+00 1.7713075809033685e+00 1.5859714209778235e-06
1.5529701772127268e-04 -5.0000000000000294e-04 0.0000000000000000e+00 0.0000000000000000e+00 1.7713075098813833e+00 1.7208892196626655e-06
1.6150889843012358e-04 -5.2000000000000321e-04 0.0000000000000000e+00 0.0000000000000000e+00 1.7713074388594694e+00 1.8613138784100271e-06
1.6772077913897448e-04 -5.4000000000000326e-04 0.0000000000000000e+00 0.0000000000000000e+00 1.7713073678380875e+00 2.0072453980934825e-06
1.7393265984782537e-04 -5.6000000000000342e-04 0.0000000000000000e+00 0.0000000000000000e+00 1.7713072968167258e+00 2.1586837795866100e-06
1.8014454055667627e-04 -5.8000000000000336e-04 0.0000000000000000e+00 0.0000000000000000e+00 1.7713072257949225e+00 2.3156290237629830e-06
1.8635642126552717e-04 -6.0000000000000320e-04 0.0000000000000000e+00 0.0000000000000000e+00 1.7713071547727322e+00 2.4780811314961778e-06
1.9256830197437807e-04 -6.2000000000000282e-04 0.0000000000000000e+00 0.0000000000000000e+00 1.7713070837503444e+00 2.6460401036597693e-06
1.9878018268322897e-04 -6.4000000000000265e-04 0.0000000000000000e+00 0.0000000000000000e+00 1.7713070127285910e+00 2.8195059411273371e-06
2.0499206339207987e-04 -6.6000000000000227e-04 0.0000000000000000e+00 0.0000000000000000e+00 1.7713069417080491e+00 2.9984786447724536e-06
2.1120394410093076e-04 -6.8000000000000178e-04 0.0000000000000000e+00 0.0000000000000000e+00 1.7713068706866506e+00 3.1829582154686959e-06
2.1741582480978166e-04 -7.0000000000000119e-04 0.0000000000000000e+00 0.0000000000000000e+00 1.7713067996644321e+00 3.3729446540896397e-06
2.2362770551863256e-04 -7.2000000000000048e-04 0.0000000000000000e+00 0.0000000000000000e+00 1.7713067286431137e+00 3.5684379615088605e-06
2.2983958622748346e-04 -7.4000000000000010e-04 0.0000000000000000e+00 0.0000000000000000e+00 1.7713066576228280e+00 3.7694381385999373e-06
2.3605146693633436e-04 -7.6000000000000004e-04 0.0000000000000000e+00 0.0000000000000000e+00 1.7713065866010957e+00 3.9759451862364481e-06
2.4226334764518526e-04 -7.8000000000000020e-04 0.0000000000000000e+00 0.0000000000000000e+00 1.7713065155795984e+00 4.1879591052919669e-06
2.4847522835403616e-04 -8.0000000000000004e-04 0.0000000000000000e+00 0.0000000000000000e+00 1.7713064445595683e+00 4.4054798966400650e-06
2.5468710906288705e-04 -8.1999999999999987e-04 0.0000000000000000e+00 0.0000000000000000e+00 1.7713063735379837e+00 4.6285075611543205e-06
2.6089898977173795e-04 -8.4000000000000003e-04 0.0000000000000000e+00 0.0000000000000000e+00 1.7713063025170463e+00 4.8570420997083141e-06
2.6711087048058885e-04 -8.6000000000000009e-04 0.0000000000000000e+00 0.0000000000000000e+00 1.7713062314969410e+00 5.0910835131756154e-06
2.7332275118943975e-04 -8.8000000000000003e-04 0.0000000000000000e+00 0.0000000000000000e+00 1.7713061604754115e+00 5.3306318024298017e-06
2.7953463189829065e-04 -8.9999999999999998e-04 0.0000000000000000e+00 0.0000000000000000e+00 1.7713060894556660e+00 5.5756869683444502e-06
2.8574651260714155e-04 -9.2000000000000003e-04 0.0000000000000000e+00 0.0000000000000000e+00 1.7713060184346423e+00 5.8262490117931382e-06
2.9195839331599244e-04 -9.4000000000000019e-04 0.0000000000000000e+00 0.0000000000000000e+00 1.7713059474141695e+00 6.0823179336494396e-06
2.9817027402484334e-04 -9.6000000000000013e-04 0.0000000000000000e+00 0.0000000000000000e+00 1.7713058763941127e+00 6.3438937347869274e-06
3.0438215473369424e-04 -9.8000000000000040e-04 0.0000000000000000e+00 0.0000000000000000e+00 1.7713058053732031e+00 6.6109764160791865e-06
3.1059403544254514e-04 -1.0000000000000009e-03 0.0000000000000000e+00 0.0000000000000000e+00 1.7713057343537517e+00 6.8835659783997899e-06
3.1680591615139604e-04 -1.0200000000000012e-03 0.0000000000000000e+00 0.0000000000000000e+00 1.7713056633328355e+00 7.1616624226223073e-06
3.2301779686024694e-04 -1.0400000000000012e-03 0.0000000000000000e+00 0.0000000000000000e+00 1.7713055923135748e+00 7.4452657496203151e-06
3.2922967756909784e-04 -1.0600000000000015e-03 0.0000000000000000e+00 0.0000000000000000e+00 1.7713055212928310e+00 7.7343759602673948e-06
3.3544155827794873e-04 -1.0800000000000017e-03 0.0000000000000000e+00 0.0000000000000000e+00 1.7713054502736794e+00 8.0289930554371186e-06
3.4165343898679963e-04 -1.1000000000000018e-03 0.0000000000000000e+00 0.0000000000000000e+00 1.7713053792531170e+00 8.3291170360030620e-06
3.4786531969565053e-04 -1.1200000000000016e-03 0.0000000000000000e+00 0.0000000000000000e+00 1.7713053082340915e+00 8.6347479028387973e-06
3.5407720040450143e-04 -1.1400000000000015e-03 0.0000000000000000e+00 0.0000000000000000e+00 1.7713052372137206e+00 8.9458856568179067e-06
3.6028908111335233e-04 -1.1600000000000013e-03 0.0000000000000000e+00 0.0000000000000000e+00 1.7713051661948176e+00 9.2625302988139659e-06
3.6650096182220323e-04 -1.1800000000000016e-03 0.0000000000000000e+00 0.0000000000000000e+00 1.7713050951746108e+00 9.5846818297005555e-06
3.7271284253105413e-04 -1.2000000000000016e-03 0.0000000000000000e+00 0.0000000000000000e+00 1.7713050241558332e+00 9.9123402503512392e-06
3.7892472323990502e-04 -1.2200000000000015e-03 0.0000000000000000e+00 0.0000000000000000e+00 1.7713049531358256e+00 1.0245505561639601e-05
3.8513660394875592e-04 -1.2400000000000011e-03 0.0000000000000000e+00 0.0000000000000000e+00 1.7713048821171233e+00 1.0584177764439208e-05
3.9134848465760682e-04 -1.2600000000000003e-03 0.0000000000000000e+00 0.0000000000000000e+00 1.7713048110974943e+00 1.0928356859623636e-05
3.9756036536645772e-04 -1.2799999999999990e-03 0.0000000000000000e+00 0.0000000000000000e+00 1.7713047400786373e+00 1.1278042848066462e-05
4.0377224607530862e-04 -1.2999999999999980e-03 0.0000000000000000e+00 0.0000000000000000e+00 1.7713046690596177e+00 1.1633235730641272e-05
4.0998412678415952e-04 -1.3199999999999965e-03 0.0000000000000000e+00 0.0000000000000000e+00 1.7713045980403976e+00 1.1993935508221628e-05
4.1619600749301041e-04 -1.3399999999999953e-03 0.0000000000000000e+00 0.0000000000000000e+00 1.7713045270219794e+00 1.2360142181681122e-05
4.2240788820186131e-04 -1.3599999999999934e-03 0.0000000000000000e+00 0.0000000000000000e+00 1.7713044560025686e+00 1.2731855751893308e-05
4.2861976891071221e-04 -1.3799999999999919e-03 0.0000000000000000e+00 0.0000000000000000e+00 1.7713043849843915e+00 1.3109076219731787e-05
4.3483164961956311e-04 -1.3999999999999900e-03 0.0000000000000000e+00 0.0000000000000000e+00 1.7713043139653251e+00 1.3491803586070116e-05
4.4104353032841401e-04 -1.4199999999999881e-03 0.0000000000000000e+00 0.0000000000000000e+00 1.7713042429469219e+00 1.3880037851781882e-05
4.4725541103726491e-04 -1.4399999999999862e-03 0.0000000000000000e+00 0.0000000000000000e+00 1.7713041719286120e+00 1.4273779017740654e-05
4.5346729174611581e-04 -1.4599999999999847e-03 0.0000000000000000e+00 0.0000000000000000e+00 1.7713041009097548e+00 1.4673027084820027e-05
4.5967917245496670e-04 -1.4799999999999826e-03 0.0000000000000000e+00 0.0000000000000000e+00 1.7713040298919300e+00 1.5077782053893546e-05
4.6589105316381760e-04 -1.4999999999999801e-03 0.0000000000000000e+00 0.0000000000000000e+00 1.7713039588732502e+00 1.5488043925834796e-05
4.7210293387266850e-04 -1.5199999999999782e-03 0.0000000000000000e+00 0.0000000000000000e+00 1.7713038878552458e+00 1.5903812701517371e-05
4.7831481458151940e-04 -1.5399999999999763e-03 0.0000000000000000e+00 0.0000000000000000e+00 1.7713038168373767e+00 1.6325088381814840e-05
4.8452669529037030e-04 -1.5599999999999746e-03 0.0000000000000000e+00 0.0000000000000000e+00 1.7713037458188570e+00 1.6751870967600778e-05
4.9073857599922120e-04 -1.5799999999999731e-03 0.0000000000000000e+00 0.0000000000000000e+00 1.7713036748013495e+00 1.7184160459748763e-05
4.9695045670807209e-04 -1.5999999999999715e-03 0.0000000000000000e+00 0.0000000000000000e+00 1.7713036037833236e+00 1.7621956859132357e-05
5.0316233741692299e-04 -1.6199999999999696e-03 0.0000000000000000e+00 0.0000000000000000e+00 1.7713035327653346e+00 1.8065260166625145e-05
5.0937421812577389e-04 -1.6399999999999681e-03 0.0000000000000000e+00 0.0000000000000000e+00 1.7713034617480443e+00 1.8514070383100714e-05
5.1558609883462479e-04 -1.6599999999999664e-03 0.0000000000000000e+00 0.0000000000000000e+00 1.7713033907300215e+00 1.8968387509432622e-05
5.2179797954347569e-04 -1.6799999999999649e-03 0.0000000000000000e+00 0.0000000000000000e+00 1.7713033197125736e+00 1.9428211546494455e-05
5.2800986025232659e-04 -1.6999999999999641e-03 0.0000000000000000e+00 0.0000000000000000e+00 1.7713032486954023e+00 1.9893542495159801e-05
5.3422174096117749e-04 -1.7199999999999629e-03 0.0000000000000000e+00 0.0000000000000000e+00 1.7713031776775541e+00 2.0364380356302213e-05
5.4043362167002838e-04 -1.7399999999999614e-03 0.0000000000000000e+00 0.0000000000000000e+00 1.7713031066604470e+00 2.0840725130795267e-05
5.4664550237887928e-04 -1.7599999999999593e-03 0.0000000000000000e+00 0.0000000000000000e+00 1.7713030356434465e+00 2.1322576819512534e-05
5.5285738308773018e-04 -1.7799999999999565e-03 0.0000000000000000e+00 0.0000000000000000e+00 1.7713029646258220e+00 2.1809935423327587e-05
5.5906926379658108e-04 -1.7999999999999531e-03 0.0000000000000000e+00 0.0000000000000000e+00 1.7713028936090092e+00 2.2302800943114001e-05
5.6528114450543198e-04 -1.8199999999999495e-03 0.0000000000000000e+00 0.0000000000000000e+00 1.7713028225921854e+00 2.2801173379745362e-05
5.7149302521428288e-04 -1.8399999999999456e-03 0.0000000000000000e+00 0.0000000000000000e+00 1.7713027515748330e+00 2.3305052734095249e-05
5.7770490592313377e-04 -1.8599999999999418e-03 0.0000000000000000e+00 0.0000000000000000e+00 1.7713026805582246e+00 2.3814439007037235e-05
5.8391678663198467e-04 -1.8799999999999379e-03 0.0000000000000000e+00 0.0000000000000000e+00 1.7713026095416471e+00 2.4329332199444907e-05
5.9012866734083557e-04 -1.8999999999999347e-03 0.0000000000000000e+00 0.0000000000000000e+00 1.7713025385245385e+00 2.4849732312191843e-05
5.9634054804968647e-04 -1.9199999999999322e-03 0.0000000000000000e+00 0.0000000000000000e+00 1.7713024675081426e+00 2.5375639346151633e-05
6.0255242875853737e-04 -1.9399999999999298e-03 0.0000000000000000e+00 0.0000000000000000e+00 1.7713023964918224e+00 2.5907053302197835e-05
6.0876430946738827e-04 -1.9599999999999275e-03 0.0000000000000000e+00 0.0000000000000000e+00 1.7713023254749973e+00 2.6443974181204025e-05
6.1497619017623917e-04 -1.9799999999999254e-03 0.0000000000000000e+00 0.0000000000000000e+00 1.7713022544587043e+00 2.6986401984043771e-05
6.2118807088509006e-04 -1.9999999999999237e-03 0.0000000000000000e+00 0.0000000000000000e+00 1.7713021834426890e+00 2.7534336711590678e-05
