6.2118807088509078e-06 -2.0000000000000005e-05 0.0000000000000000e+00 0.0000000000000000e+00 1.7713088956569287e+00 2.7534199105629274e-09
1.2423761417701816e-05 -4.0000000000000024e-05 0.0000000000000000e+00 0.0000000000000000e+00 1.7713085059072937e+00 1.1013682838261186e-08
1.8635642126552723e-05 -6.0000000000000042e-05 0.0000000000000000e+00 0.0000000000000000e+00 1.7713081161563244e+00 2.4780793577108990e-08
2.4847522835403628e-05 -8.0000000000000034e-05 0.0000000000000000e+00 0.0000000000000000e+00 1.7713077264094925e+00 4.4054756921120518e-08
3.1059403544254533e-05 -9.9999999999999991e-05 0.0000000000000000e+00 0.0000000000000000e+00 1.7713073366555769e+00 6.8835577664309937e-08
3.7271284253105438e-05 -1.1999999999999994e-04 0.0000000000000000e+00 0.0000000000000000e+00 1.7713069469034672e+00 9.9123260600691491e-08
4.3483164961956344e-05 -1.3999999999999988e-04 0.0000000000000000e+00 0.0000000000000000e+00 1.7713065571516731e+00 1.3491781052427934e-07
4.9695045670807249e-05 -1.5999999999999988e-04 0.0000000000000000e+00 0.0000000000000000e+00 1.7713061674001025e+00 1.7621923222908789e-07
5.5906926379658154e-05 -1.7999999999999982e-04 0.0000000000000000e+00 0.0000000000000000e+00 1.7713057776538863e+00 2.2302753050913106e-07
6.2118807088509066e-05 -1.9999999999999971e-04 0.0000000000000000e+00 0.0000000000000000e+00 1.7713053879108316e+00 2.7534271015842307e-07
6.8330687797359978e-05 -2.1999999999999955e-04 0.0000000000000000e+00 0.0000000000000000e+00 1.7713049981689215e+00 3.3316477597097818e-07
7.4542568506210890e-05 -2.3999999999999936e-04 0.0000000000000000e+00 0.0000000000000000e+00 1.7713046084309794e+00 3.9649373274081037e-07
8.0754449215061802e-05 -2.5999999999999906e-04 0.0000000000000000e+00 0.0000000000000000e+00 1.7713042186962824e+00 4.6532958526193380e-07
8.6966329923912714e-05 -2.7999999999999884e-04 0.0000000000000000e+00 0.0000000000000000e+00 1.7713038289590679e+00 5.3967233832836325e-07
9.3178210632763626e-05 -2.9999999999999873e-04 0.0000000000000000e+00 0.0000000000000000e+00 1.7713034392296514e+00 6.1952199673411289e-07
9.9390091341614538e-05 -3.1999999999999867e-04 0.0000000000000000e+00 0.0000000000000000e+00 1.7713030494978914e+00 7.0487856527319701e-07
1.0560197205046545e-04 -3.3999999999999851e-04 0.0000000000000000e+00 0.0000000000000000e+00 1.7713026597709294e+00 7.9574204873962908e-07
1.1181385275931636e-04 -3.5999999999999840e-04 0.0000000000000000e+00 0.0000000000000000e+00 1.7713022700473591e+00 8.9211245192742406e-07
1.1802573346816727e-04 -3.7999999999999839e-04 0.0000000000000000e+00 0.0000000000000000e+00 1.7713018803248497e+00 9.9398977963059614e-07
1.2423761417701819e-04 -3.9999999999999839e-04 0.0000000000000000e+00 0.0000000000000000e+00 1.7713014906034141e+00 1.1013740366431597e-06
1.3044949488586908e-04 -4.1999999999999845e-04 0.0000000000000000e+00 0.0000000000000000e+00 1.7713011008847952e+00 1.2142652277591284e-06
1.3666137559471998e-04 -4.3999999999999839e-04 0.0000000000000000e+00 0.0000000000000000e+00 1.7713007111691890e+00 1.3326633577725164e-06
1.4287325630357088e-04 -4.5999999999999844e-04 0.0000000000000000e+00 0.0000000000000000e+00 1.7713003214559557e+00 1.4565684314773385e-06
1.4908513701242178e-04 -4.7999999999999849e-04 0.0000000000000000e+00 0.0000000000000000e+00 1.7712999317452105e+00 1.5859804536676084e-06
1.5529701772127268e-04 -4.9999999999999838e-04 0.0000000000000000e+00 0.0000000000000000e+00 1.7712995420369055e+00 1.7208994291373399e-06
1.6150889843012358e-04 -5.1999999999999811e-04 0.0000000000000000e+00 0.0000000000000000e+00 1.7712991523309596e+00 1.8613253626805458e-06
1.6772077913897448e-04 -5.3999999999999784e-04 0.0000000000000000e+00 0.0000000000000000e+00 1.7712987626278334e+00 2.0072582590912429e-06
1.7393265984782537e-04 -5.5999999999999746e-04 0.0000000000000000e+00 0.0000000000000000e+00 1.7712983729270140e+00 2.1586981231634433e-06
1.8014454055667627e-04 -5.7999999999999686e-04 0.0000000000000000e+00 0.0000000000000000e+00 1.7712979832280396e+00 2.3156449596911611e-06
1.8635642126552717e-04 -5.9999999999999615e-04 0.0000000000000000e+00 0.0000000000000000e+00 1.7712975935309661e+00 2.4780987734684106e-06
1.9256830197437807e-04 -6.1999999999999566e-04 0.0000000000000000e+00 0.0000000000000000e+00 1.7712972038359840e+00 2.6460595692892094e-06
1.9878018268322897e-04 -6.3999999999999539e-04 0.0000000000000000e+00 0.0000000000000000e+00 1.7712968141439251e+00 2.8195273519475708e-06
2.0499206339207987e-04 -6.5999999999999533e-04 0.0000000000000000e+00 0.0000000000000000e+00 1.7712964244553639e+00 2.9985021262375102e-06
2.1120394410093076e-04 -6.7999999999999560e-04 0.0000000000000000e+00 0.0000000000000000e+00 1.7712960347682305e+00 3.1829838969530420e-06
2.1741582480978166e-04 -6.9999999999999566e-04 0.0000000000000000e+00 0.0000000000000000e+00 1.7712956450825663e+00 3.3729726688881760e-06
2.2362770551863256e-04 -7.1999999999999571e-04 0.0000000000000000e+00 0.0000000000000000e+00 1.7712952554000918e+00 3.5684684468369290e-06
2.2983958622748346e-04 -7.3999999999999544e-04 0.0000000000000000e+00 0.0000000000000000e+00 1.7712948657209335e+00 3.7694712355933115e-06
2.3605146693633436e-04 -7.5999999999999516e-04 0.0000000000000000e+00 0.0000000000000000e+00 1.7712944760426159e+00 3.9759810399513409e-06
2.4226334764518526e-04 -7.7999999999999500e-04 0.0000000000000000e+00 0.0000000000000000e+00 1.7712940863668238e+00 4.1879978647050315e-06
2.4847522835403616e-04 -7.9999999999999505e-04 0.0000000000000000e+00 0.0000000000000000e+00 1.7712936966947821e+00 4.4055217146483997e-06
2.5468710906288705e-04 -8.1999999999999500e-04 0.0000000000000000e+00 0.0000000000000000e+00 1.7712933070234731e+00 4.6285525945754562e-06
2.6089898977173795e-04 -8.3999999999999505e-04 0.0000000000000000e+00 0.0000000000000000e+00 1.7712929173551017e+00 4.8570905092802186e-06
2.6711087048058885e-04 -8.5999999999999499e-04 0.0000000000000000e+00 0.0000000000000000e+00 1.7712925276898446e+00 5.0911354635566962e-06
2.7332275118943975e-04 -8.7999999999999515e-04 0.0000000000000000e+00 0.0000000000000000e+00 1.7712921380254520e+00 5.3306874621989088e-06
2.7953463189829065e-04 -8.9999999999999499e-04 0.0000000000000000e+00 0.0000000000000000e+00 1.7712917483651316e+00 5.5757465100008642e-06
2.8574651260714155e-04 -9.1999999999999439e-04 0.0000000000000000e+00 0.0000000000000000e+00 1.7712913587058150e+00 5.8263126117565755e-06
2.9195839331599244e-04 -9.3999999999999368e-04 0.0000000000000000e+00 0.0000000000000000e+00 1.7712909690493419e+00 6.0823857722600586e-06
2.9817027402484334e-04 -9.5999999999999341e-04 0.0000000000000000e+00 0.0000000000000000e+00 1.7712905793955649e+00 6.3439659963053364e-06
3.0438215473369424e-04 -9.7999999999999281e-04 0.0000000000000000e+00 0.0000000000000000e+00 1.7712901897432267e+00 6.6110532886864127e-06
3.1059403544254514e-04 -9.9999999999999243e-04 0.0000000000000000e+00 0.0000000000000000e+00 1.7712898000946296e+00 6.8836476541973103e-06
3.1680591615139604e-04 -1.0199999999999921e-03 0.0000000000000000e+00 0.0000000000000000e+00 1.7712894104468559e+00 7.1617490976320374e-06
3.2301779686024694e-04 -1.0399999999999917e-03 0.0000000000000000e+00 0.0000000000000000e+00 1.7712890208030232e+00 7.4453576237846100e-06
3.2922967756909784e-04 -1.0599999999999917e-03 0.0000000000000000e+00 0.0000000000000000e+00 1.7712886311599934e+00 7.7344732374490490e-06
3.3544155827794873e-04 -1.0799999999999920e-03 0.0000000000000000e+00 0.0000000000000000e+00 1.7712882415208424e+00 8.0290959434193661e-06
3.4165343898679963e-04 -1.0999999999999923e-03 0.0000000000000000e+00 0.0000000000000000e+00 1.7712878518825657e+00 8.3292257464895705e-06
3.4786531969565053e-04 -1.1199999999999925e-03 0.0000000000000000e+00 0.0000000000000000e+00 1.7712874622481134e+00 8.6348626514536770e-06
3.5407720040450143e-04 -1.1399999999999928e-03 0.0000000000000000e+00 0.0000000000000000e+00 1.7712870726145999e+00 8.9460066631057009e-06
3.6028908111335233e-04 -1.1599999999999926e-03 0.0000000000000000e+00 0.0000000000000000e+00 1.7712866829848419e+00 9.2626577862396521e-06
3.6650096182220323e-04 -1.1799999999999927e-03 0.0000000000000000e+00 0.0000000000000000e+00 1.7712862933560645e+00 9.5848160256495473e-06
3.7271284253105413e-04 -1.1999999999999927e-03 0.0000000000000000e+00 0.0000000000000000e+00 1.7712859037310027e+00 9.9124813861294067e-06
3.7892472323990502e-04 -1.2199999999999930e-03 0.0000000000000000e+00 0.0000000000000000e+00 1.7712855141069972e+00 1.0245653872473239e-05
3.8513660394875592e-04 -1.2399999999999928e-03 0.0000000000000000e+00 0.0000000000000000e+00 1.7712851244865806e+00 1.0584333489475054e-05
3.9134848465760682e-04 -1.2599999999999922e-03 0.0000000000000000e+00 0.0000000000000000e+00 1.7712847348675265e+00 1.0928520241928866e-05
3.9756036536645772e-04 -1.2799999999999914e-03 0.0000000000000000e+00 0.0000000000000000e+00 1.7712843452515243e+00 1.1278214134628687e-05
4.0377224607530862e-04 -1.2999999999999906e-03 0.0000000000000000e+00 0.0000000000000000e+00 1.7712839556376523e+00 1.1633415172368539e-05
4.0998412678415952e-04 -1.3199999999999898e-03 0.0000000000000000e+00 0.0000000000000000e+00 1.7712835660258572e+00 1.1994123359942437e-05
4.1619600749301041e-04 -1.3399999999999894e-03 0.0000000000000000e+00 0.0000000000000000e+00 1.7712831764171550e+00 1.2360338702144401e-05
4.2240788820186131e-04 -1.3599999999999886e-03 0.0000000000000000e+00 0.0000000000000000e+00 1.7712827868097434e+00 1.2732061203768425e-05
4.2861976891071221e-04 -1.3799999999999882e-03 0.0000000000000000e+00 0.0000000000000000e+00 1.7712823972058505e+00 1.3109290869608548e-05
4.3483164961956311e-04 -1.3999999999999881e-03 0.0000000000000000e+00 0.0000000000000000e+00 1.7712820076033560e+00 1.3492027704458779e-05
4.4104353032841401e-04 -1.4199999999999879e-03 0.0000000000000000e+00 0.0000000000000000e+00 1.7712816180038047e+00 1.3880271713113122e-05
4.4725541103726491e-04 -1.4399999999999879e-03 0.0000000000000000e+00 0.0000000000000000e+00 1.7712812284066382e+00 1.4274022900365599e-05
4.5346729174611581e-04 -1.4599999999999880e-03 0.0000000000000000e+00 0.0000000000000000e+00 1.7712808388112031e+00 1.4673281271010218e-05
4.5967917245496670e-04 -1.4799999999999881e-03 0.0000000000000000e+00 0.0000000000000000e+00 1.7712804492190886e+00 1.5078046829841000e-05
4.6589105316381760e-04 -1.4999999999999885e-03 0.0000000000000000e+00 0.0000000000000000e+00 1.7712800596284048e+00 1.5488319581651962e-05
4.7210293387266850e-04 -1.5199999999999890e-03 0.0000000000000000e+00 0.0000000000000000e+00 1.7712796700406772e+00 1.5904099531237106e-05
4.7831481458151940e-04 -1.5399999999999897e-03 0.0000000000000000e+00 0.0000000000000000e+00 1.7712792804553752e+00 1.6325386683390464e-05
4.8452669529037030e-04 -1.5599999999999900e-03 0.0000000000000000e+00 0.0000000000000000e+00 1.7712788908717030e+00 1.6752181042906024e-05
4.9073857599922120e-04 -1.5799999999999898e-03 0.0000000000000000e+00 0.0000000000000000e+00 1.7712785012913284e+00 1.7184482614577801e-05
4.9695045670807209e-04 -1.5999999999999897e-03 0.0000000000000000e+00 0.0000000000000000e+00 1.7712781117127236e+00 1.7622291403199827e-05
5.0316233741692299e-04 -1.6199999999999897e-03 0.0000000000000000e+00 0.0000000000000000e+00 1.7712777221364338e+00 1.8065607413566114e-05
5.0937421812577389e-04 -1.6399999999999900e-03 0.0000000000000000e+00 0.0000000000000000e+00 1.7712773325631317e+00 1.8514430650470677e-05
5.1558609883462479e-04 -1.6599999999999909e-03 0.0000000000000000e+00 0.0000000000000000e+00 1.7712769429913817e+00 1.8968761118707541e-05
5.2179797954347569e-04 -1.6799999999999914e-03 0.0000000000000000e+00 0.0000000000000000e+00 1.7712765534224864e+00 1.9428598823070697e-05
5.2800986025232659e-04 -1.6999999999999914e-03 0.0000000000000000e+00 0.0000000000000000e+00 1.7712761638561574e+00 1.9893943768354158e-05
5.3422174096117749e-04 -1.7199999999999911e-03 0.0000000000000000e+00 0.0000000000000000e+00 1.7712757742914345e+00 2.0364795959351933e-05
5.4043362167002838e-04 -1.7399999999999903e-03 0.0000000000000000e+00 0.0000000000000000e+00 1.7712753847297331e+00 2.0841155400858047e-05
5.4664550237887928e-04 -1.7599999999999929e-03 0.0000000000000000e+00 0.0000000000000000e+00 1.7712749951704261e+00 2.1323022097666598e-05
5.5285738308773018e-04 -1.7799999999999956e-03 0.0000000000000000e+00 0.0000000000000000e+00 1.7712746056127791e+00 2.1810396054571520e-05
5.5906926379658108e-04 -1.7999999999999976e-03 0.0000000000000000e+00 0.0000000000000000e+00 1.7712742160582249e+00 2.2303277276366811e-05
5.6528114450543198e-04 -1.8199999999999991e-03 0.0000000000000000e+00 0.0000000000000000e+00 1.7712738265059476e+00 2.2801665767846493e-05
5.7149302521428288e-04 -1.8400000000000003e-03 0.0000000000000000e+00 0.0000000000000000e+00 1.7712734369554235e+00 2.3305561533804584e-05
5.7770490592313377e-04 -1.8600000000000008e-03 0.0000000000000000e+00 0.0000000000000000e+00 1.7712730474079248e+00 2.3814964579035087e-05
5.8391678663198467e-04 -1.8800000000000012e-03 0.0000000000000000e+00 0.0000000000000000e+00 1.7712726578627460e+00 2.4329874908332035e-05
5.9012866734083557e-04 -1.9000000000000022e-03 0.0000000000000000e+00 0.0000000000000000e+00 1.7712722683193167e+00 2.4850292526489445e-05
5.9634054804968647e-04 -1.9200000000000035e-03 0.0000000000000000e+00 0.0000000000000000e+00 1.7712718787788813e+00 2.5376217438301338e-05
6.0255242875853737e-04 -1.9400000000000040e-03 0.0000000000000000e+00 0.0000000000000000e+00 1.7712714892408097e+00 2.5907649648561699e-05
6.0876430946738827e-04 -1.9600000000000038e-03 0.0000000000000000e+00 0.0000000000000000e+00 1.7712710997045165e+00 2.6444589162064539e-05
6.1497619017623917e-04 -1.9800000000000035e-03 0.0000000000000000e+00 0.0000000000000000e+00 1.7712707101710334e+00 2.6987035983603884e-05
6.2118807088509006e-04 -2.0000000000000022e-03 0.0000000000000000e+00 0.0000000000000000e+00 1.7712703206401170e+00 2.7534990117973742e-05
