3.2712408094613084e-06 -2.0000000000000005e-05 0.0000000000000000e+00 0.0000000000000000e+00 1.9273817684176280e+00 2.1847610166224170e-09
6.5424816189226167e-06 -4.0000000000000010e-05 0.0000000000000000e+00 0.0000000000000000e+00 1.9273817164818845e+00 8.7390443180113969e-09
9.8137224283839255e-06 -6.0000000000000008e-05 0.0000000000000000e+00 0.0000000000000000e+00 1.9273816645371888e+00 1.9662850281449534e-08
1.3084963237845235e-05 -7.9999999999999993e-05 0.0000000000000000e+00 0.0000000000000000e+00 1.9273816125798504e+00 3.4956179284219404e-08
1.6356204047306545e-05 -9.9999999999999964e-05 0.0000000000000000e+00 0.0000000000000000e+00 1.9273815606442948e+00 5.4619031703603615e-08
1.9627444856767854e-05 -1.1999999999999991e-04 0.0000000000000000e+00 0.0000000000000000e+00 1.9273815086916550e+00 7.8651407916884725e-08
2.2898685666229164e-05 -1.3999999999999988e-04 0.0000000000000000e+00 0.0000000000000000e+00 1.9273814567500835e+00 1.0705330830134537e-07
2.6169926475690474e-05 -1.5999999999999985e-04 0.0000000000000000e+00 0.0000000000000000e+00 1.9273814047984270e+00 1.3982473323426814e-07
2.9441167285151783e-05 -1.7999999999999982e-04 0.0000000000000000e+00 0.0000000000000000e+00 1.9273813528518438e+00 1.7696568309293562e-07
3.2712408094613096e-05 -1.9999999999999977e-04 0.0000000000000000e+00 0.0000000000000000e+00 1.9273813009055885e+00 2.1847615825463043e-07
3.5983648904074406e-05 -2.1999999999999971e-04 0.0000000000000000e+00 0.0000000000000000e+00 1.9273812489580611e+00 2.6435615909663509e-07
3.9254889713535716e-05 -2.3999999999999971e-04 0.0000000000000000e+00 0.0000000000000000e+00 1.9273811970145438e+00 3.1460568599623235e-07
4.2526130522997025e-05 -2.5999999999999976e-04 0.0000000000000000e+00 0.0000000000000000e+00 1.9273811450666407e+00 3.6922473933070491e-07
4.5797371332458335e-05 -2.7999999999999981e-04 0.0000000000000000e+00 0.0000000000000000e+00 1.9273810931201378e+00 4.2821331947733516e-07
4.9068612141919644e-05 -2.9999999999999981e-04 0.0000000000000000e+00 0.0000000000000000e+00 1.9273810411736925e+00 4.9157142681340562e-07
5.2339852951380954e-05 -3.1999999999999976e-04 0.0000000000000000e+00 0.0000000000000000e+00 1.9273809892290337e+00 5.5929906171619872e-07
5.5611093760842264e-05 -3.3999999999999975e-04 0.0000000000000000e+00 0.0000000000000000e+00 1.9273809372800152e+00 6.3139622456299756e-07
5.8882334570303573e-05 -3.5999999999999975e-04 0.0000000000000000e+00 0.0000000000000000e+00 1.9273808853346499e+00 7.0786291573108438e-07
6.2153575379764883e-05 -3.7999999999999975e-04 0.0000000000000000e+00 0.0000000000000000e+00 1.9273808333895948e+00 7.8869913559774215e-07
6.5424816189226193e-05 -3.9999999999999975e-04 0.0000000000000000e+00 0.0000000000000000e+00 1.9273807814441217e+00 8.7390488454025301e-07
6.8696056998687502e-05 -4.1999999999999980e-04 0.0000000000000000e+00 0.0000000000000000e+00 1.9273807294988392e+00 9.6348016293590005e-07
7.1967297808148812e-05 -4.3999999999999991e-04 0.0000000000000000e+00 0.0000000000000000e+00 1.9273806775531404e+00 1.0574249711619657e-06
7.5238538617610122e-05 -4.6000000000000007e-04 0.0000000000000000e+00 0.0000000000000000e+00 1.9273806256075470e+00 1.1557393095957329e-06
7.8509779427071431e-05 -4.8000000000000028e-04 0.0000000000000000e+00 0.0000000000000000e+00 1.9273805736620935e+00 1.2584231786144840e-06
8.1781020236532741e-05 -5.0000000000000044e-04 0.0000000000000000e+00 0.0000000000000000e+00 1.9273805217166706e+00 1.3654765785955013e-06
8.5052261045994050e-05 -5.2000000000000060e-04 0.0000000000000000e+00 0.0000000000000000e+00 1.9273804697714039e+00 1.4768995099160674e-06
8.8323501855455360e-05 -5.4000000000000087e-04 0.0000000000000000e+00 0.0000000000000000e+00 1.9273804178257261e+00 1.5926919729534657e-06
9.1594742664916670e-05 -5.6000000000000125e-04 0.0000000000000000e+00 0.0000000000000000e+00 1.9273803658799096e+00 1.7128539680849790e-06
9.4865983474377979e-05 -5.8000000000000174e-04 0.0000000000000000e+00 0.0000000000000000e+00 1.9273803139349104e+00 1.8373854956878894e-06
9.8137224283839289e-05 -6.0000000000000212e-04 0.0000000000000000e+00 0.0000000000000000e+00 1.9273802619910414e+00 1.9662865561394789e-06
1.0140846509330060e-04 -6.2000000000000260e-04 0.0000000000000000e+00 0.0000000000000000e+00 1.9273802100470754e+00 2.0995571498170307e-06
1.0467970590276191e-04 -6.4000000000000309e-04 0.0000000000000000e+00 0.0000000000000000e+00 1.9273801581019101e+00 2.2371972770978278e-06
1.0795094671222322e-04 -6.6000000000000347e-04 0.0000000000000000e+00 0.0000000000000000e+00 1.9273801061568938e+00 2.3792069383591509e-06
1.1122218752168453e-04 -6.8000000000000395e-04 0.0000000000000000e+00 0.0000000000000000e+00 1.9273800542132136e+00 2.5255861339782845e-06
1.1449342833114584e-04 -7.0000000000000433e-04 0.0000000000000000e+00 0.0000000000000000e+00 1.9273800022697107e+00 2.6763348643325099e-06
1.1776466914060715e-04 -7.2000000000000482e-04 0.0000000000000000e+00 0.0000000000000000e+00 1.9273799503252231e+00 2.8314531297991112e-06
1.2103590995006846e-04 -7.4000000000000519e-04 0.0000000000000000e+00 0.0000000000000000e+00 1.9273798983806134e+00 2.9909409307553692e-06
1.2430715075952977e-04 -7.6000000000000568e-04 0.0000000000000000e+00 0.0000000000000000e+00 1.9273798464378555e+00 3.1547982675785680e-06
1.2757839156899109e-04 -7.8000000000000617e-04 0.0000000000000000e+00 0.0000000000000000e+00 1.9273797944935114e+00 3.3230251406459896e-06
1.3084963237845241e-04 -8.0000000000000654e-04 0.0000000000000000e+00 0.0000000000000000e+00 1.9273797425494776e+00 3.4956215503349165e-06
1.3412087318791374e-04 -8.2000000000000703e-04 0.0000000000000000e+00 0.0000000000000000e+00 1.9273796906070657e+00 3.6725874970226311e-06
1.3739211399737506e-04 -8.4000000000000762e-04 0.0000000000000000e+00 0.0000000000000000e+00 1.9273796386628934e+00 3.8539229810864176e-06
1.4066335480683638e-04 -8.6000000000000811e-04 0.0000000000000000e+00 0.0000000000000000e+00 1.9273795867198733e+00 4.0396280029035571e-06
1.4393459561629771e-04 -8.8000000000000860e-04 0.0000000000000000e+00 0.0000000000000000e+00 1.9273795347770204e+00 4.2297025628513318e-06
1.4720583642575903e-04 -9.0000000000000897e-04 0.0000000000000000e+00 0.0000000000000000e+00 1.9273794828334760e+00 4.4241466613070243e-06
1.5047707723522035e-04 -9.2000000000000924e-04 0.0000000000000000e+00 0.0000000000000000e+00 1.9273794308915881e+00 4.6229602986479161e-06
1.5374831804468167e-04 -9.4000000000000940e-04 0.0000000000000000e+00 0.0000000000000000e+00 1.9273793789478713e+00 4.8261434752512906e-06
1.5701955885414300e-04 -9.6000000000000935e-04 0.0000000000000000e+00 0.0000000000000000e+00 1.9273793270061532e+00 5.0336961914944293e-06
1.6029079966360432e-04 -9.8000000000000929e-04 0.0000000000000000e+00 0.0000000000000000e+00 1.9273792750627967e+00 5.2456184477546148e-06
1.6356204047306564e-04 -1.0000000000000091e-03 0.0000000000000000e+00 0.0000000000000000e+00 1.9273792231211631e+00 5.4619102444091310e-06
1.6683328128252697e-04 -1.0200000000000087e-03 0.0000000000000000e+00 0.0000000000000000e+00 1.9273791711784114e+00 5.6825715818352598e-06
1.7010452209198829e-04 -1.0400000000000081e-03 0.0000000000000000e+00 0.0000000000000000e+00 1.9273791192367566e+00 5.9076024604102816e-06
1.7337576290144961e-04 -1.0600000000000076e-03 0.0000000000000000e+00 0.0000000000000000e+00 1.9273790672943274e+00 6.1370028805114827e-06
1.7664700371091094e-04 -1.0800000000000072e-03 0.0000000000000000e+00 0.0000000000000000e+00 1.9273790153525114e+00 6.3707728425161459e-06
1.7991824452037226e-04 -1.1000000000000066e-03 0.0000000000000000e+00 0.0000000000000000e+00 1.9273789634104852e+00 6.6089123468015516e-06
1.8318948532983358e-04 -1.1200000000000060e-03 0.0000000000000000e+00 0.0000000000000000e+00 1.9273789114692477e+00 6.8514213937449843e-06
1.8646072613929491e-04 -1.1400000000000052e-03 0.0000000000000000e+00 0.0000000000000000e+00 1.9273788595273298e+00 7.0982999837237227e-06
1.8973196694875623e-04 -1.1600000000000043e-03 0.0000000000000000e+00 0.0000000000000000e+00 1.9273788075861518e+00 7.3495481171150521e-06
1.9300320775821755e-04 -1.1800000000000035e-03 0.0000000000000000e+00 0.0000000000000000e+00 1.9273787556443474e+00 7.6051657942962572e-06
1.9627444856767888e-04 -1.2000000000000040e-03 0.0000000000000000e+00 0.0000000000000000e+00 1.9273787037038097e+00 7.8651530156446361e-06
1.9954568937714020e-04 -1.2200000000000047e-03 0.0000000000000000e+00 0.0000000000000000e+00 1.9273786517620193e+00 8.1295097815374547e-06
2.0281693018660152e-04 -1.2400000000000054e-03 0.0000000000000000e+00 0.0000000000000000e+00 1.9273785998216615e+00 8.3982360923519993e-06
2.0608817099606285e-04 -1.2600000000000063e-03 0.0000000000000000e+00 0.0000000000000000e+00 1.9273785478801506e+00 8.6713319484655485e-06
2.0935941180552417e-04 -1.2800000000000073e-03 0.0000000000000000e+00 0.0000000000000000e+00 1.9273784959400040e+00 8.9487973502553877e-06
2.1263065261498549e-04 -1.3000000000000082e-03 0.0000000000000000e+00 0.0000000000000000e+00 1.9273784439988799e+00 9.2306322980987990e-06
2.1590189342444682e-04 -1.3200000000000093e-03 0.0000000000000000e+00 0.0000000000000000e+00 1.9273783920585219e+00 9.5168367923730644e-06
2.1917313423390814e-04 -1.3400000000000107e-03 0.0000000000000000e+00 0.0000000000000000e+00 1.9273783401184903e+00 9.8074108334554675e-06
2.2244437504336946e-04 -1.3600000000000120e-03 0.0000000000000000e+00 0.0000000000000000e+00 1.9273782881777293e+00 1.0102354421723292e-05
2.2571561585283078e-04 -1.3800000000000136e-03 0.0000000000000000e+00 0.0000000000000000e+00 1.9273782362380809e+00 1.0401667557553820e-05
2.2898685666229211e-04 -1.4000000000000152e-03 0.0000000000000000e+00 0.0000000000000000e+00 1.9273781842976185e+00 1.0705350241324333e-05
2.3225809747175343e-04 -1.4200000000000165e-03 0.0000000000000000e+00 0.0000000000000000e+00 1.9273781323579557e+00 1.1013402473412106e-05
2.3552933828121475e-04 -1.4400000000000179e-03 0.0000000000000000e+00 0.0000000000000000e+00 1.9273780804182132e+00 1.1325824254194428e-05
2.3880057909067608e-04 -1.4600000000000190e-03 0.0000000000000000e+00 0.0000000000000000e+00 1.9273780284781559e+00 1.1642615584048579e-05
2.4207181990013740e-04 -1.4800000000000204e-03 0.0000000000000000e+00 0.0000000000000000e+00 1.9273779765391956e+00 1.1963776463351847e-05
2.4534306070959872e-04 -1.5000000000000215e-03 0.0000000000000000e+00 0.0000000000000000e+00 1.9273779245992950e+00 1.2289306892481509e-05
2.4861430151906002e-04 -1.5200000000000229e-03 0.0000000000000000e+00 0.0000000000000000e+00 1.9273778726602282e+00 1.2619206871814852e-05
2.5188554232852132e-04 -1.5400000000000242e-03 0.0000000000000000e+00 0.0000000000000000e+00 1.9273778207212664e+00 1.2953476401729158e-05
2.5515678313798261e-04 -1.5600000000000258e-03 0.0000000000000000e+00 0.0000000000000000e+00 1.9273777687816145e+00 1.3292115482601713e-05
2.5842802394744391e-04 -1.5800000000000271e-03 0.0000000000000000e+00 0.0000000000000000e+00 1.9273777168430943e+00 1.3635124114809792e-05
2.6169926475690520e-04 -1.6000000000000287e-03 0.0000000000000000e+00 0.0000000000000000e+00 1.9273776649041514e+00 1.3982502298730681e-05
2.6497050556636650e-04 -1.6200000000000301e-03 0.0000000000000000e+00 0.0000000000000000e+00 1.9273776129650846e+00 1.4334250034741660e-05
2.6824174637582780e-04 -1.6400000000000312e-03 0.0000000000000000e+00 0.0000000000000000e+00 1.9273775610269541e+00 1.4690367323220011e-05
2.7151298718528909e-04 -1.6600000000000325e-03 0.0000000000000000e+00 0.0000000000000000e+00 1.9273775090882790e+00 1.5050854164543022e-05
2.7478422799475039e-04 -1.6800000000000337e-03 0.0000000000000000e+00 0.0000000000000000e+00 1.9273774571497655e+00 1.5415710559087972e-05
2.7805546880421168e-04 -1.7000000000000346e-03 0.0000000000000000e+00 0.0000000000000000e+00 1.9273774052119121e+00 1.5784936507232135e-05
2.8132670961367298e-04 -1.7200000000000355e-03 0.0000000000000000e+00 0.0000000000000000e+00 1.9273773532734197e+00 1.6158532009352808e-05
2.8459795042313428e-04 -1.7400000000000364e-03 0.0000000000000000e+00 0.0000000000000000e+00 1.9273773013353535e+00 1.6536497065827266e-05
2.8786919123259557e-04 -1.7600000000000371e-03 0.0000000000000000e+00 0.0000000000000000e+00 1.9273772493978543e+00 1.6918831677032790e-05
2.9114043204205687e-04 -1.7800000000000374e-03 0.0000000000000000e+00 0.0000000000000000e+00 1.9273771974596061e+00 1.7305535843346661e-05
2.9441167285151817e-04 -1.8000000000000379e-03 0.0000000000000000e+00 0.0000000000000000e+00 1.9273771455219717e+00 1.7696609565146170e-05
2.9768291366097946e-04 -1.8200000000000386e-03 0.0000000000000000e+00 0.0000000000000000e+00 1.9273770935848387e+00 1.8092052842808602e-05
3.0095415447044076e-04 -1.8400000000000391e-03 0.0000000000000000e+00 0.0000000000000000e+00 1.9273770416470812e+00 1.8491865676711226e-05
3.0422539527990205e-04 -1.8600000000000396e-03 0.0000000000000000e+00 0.0000000000000000e+00 1.9273769897097650e+00 1.8896048067231337e-05
3.0749663608936335e-04 -1.8800000000000398e-03 0.0000000000000000e+00 0.0000000000000000e+00 1.9273769377729451e+00 1.9304600014746205e-05
3.1076787689882465e-04 -1.9000000000000403e-03 0.0000000000000000e+00 0.0000000000000000e+00 1.9273768858356952e+00 1.9717521519633130e-05
3.1403911770828594e-04 -1.9200000000000406e-03 0.0000000000000000e+00 0.0000000000000000e+00 1.9273768338984794e+00 2.0134812582269379e-05
3.1731035851774724e-04 -1.9400000000000409e-03 0.0000000000000000e+00 0.0000000000000000e+00 1.9273767819620697e+00 2.0556473203032244e-05
3.2058159932720853e-04 -1.9600000000000411e-03 0.0000000000000000e+00 0.0000000000000000e+00 1.9273767300251885e+00 2.0982503382299003e-05
3.2385284013666983e-04 -1.9800000000000416e-03 0.0000000000000000e+00 0.0000000000000000e+00 1.9273766780883430e+00 2.1412903120446941e-05
3.2712408094613113e-04 -2.0000000000000421e-03 0.0000000000000000e+00 0.0000000000000000e+00 1.9273766261520713e+00 2.1847672417853344e-05
