3.2385284013666983e-04 -1.9800000000000963e-03 0.0000000000000000e+00 0.0000000000000000e+00 1.9273722788997618e+00 2.1412955327294839e-05
3.2712408094613113e-04 -2.0000000000000985e-03 0.0000000000000000e+00 0.0000000000000000e+00 1.9273721825417134e+00 2.1847726222760811e-05
3.3121313195795776e-04 -2.0250000000001014e-03 0.0000000000000000e+00 0.0000000000000000e+00 1.9273720620946289e+00 2.2397334580810979e-05
3.3939123398161103e-04 -2.0750000000001067e-03 0.0000000000000000e+00 0.0000000000000000e+00 1.9273718212021376e+00 2.3517033764499787e-05
3.5574743802891756e-04 -2.1750000000001169e-03 0.0000000000000000e+00 0.0000000000000000e+00 1.9273713394242538e+00 2.5838362040518657e-05
3.8845984612353063e-04 -2.3750000000001374e-03 0.0000000000000000e+00 0.0000000000000000e+00 1.9273703759002070e+00 3.0808738533420556e-05
4.5388466231275677e-04 -2.7750000000001788e-03 0.0000000000000000e+00 0.0000000000000000e+00 1.9273684489736200e+00 4.2060373733073020e-05
5.8473429469120910e-04 -3.5750000000002611e-03 0.0000000000000000e+00 0.0000000000000000e+00 1.9273645956092071e+00 6.9807192590909560e-05
8.4643355944811376e-04 -5.1750000000004249e-03 0.0000000000000000e+00 0.0000000000000000e+00 1.9273568908354950e+00 1.4627518096580448e-04
1.3698320889619230e-03 -8.3750000000007534e-03 0.0000000000000000e+00 0.0000000000000000e+00 1.9273414890950873e+00 3.8310981495324537e-04
2.4166291479895416e-03 -1.4775000000001407e-02 0.0000000000000000e+00 0.0000000000000000e+00 1.9273107167568124e+00 1.1923837486848385e-03
4.5102232660447789e-03 -2.7575000000002719e-02 0.0000000000000000e+00 0.0000000000000000e+00 1.9272492959572465e+00 4.1534305736237367e-03
8.6974115021552535e-03 -5.3175000000005343e-02 0.0000000000000000e+00 0.0000000000000000e+00 1.9271269443597929e+00 1.5446162408995285e-02
1.7071787974376203e-02 -1.0437500000001060e-01 0.0000000000000000e+00 0.0000000000000000e+00 1.9268841577070706e+00 5.9519317666440655e-02
3.3820540918818101e-02 -2.0677500000002108e-01 0.0000000000000000e+00 0.0000000000000000e+00 1.9264059118784962e+00 2.3365750528595858e-01
6.7318046807701898e-02 -4.1157500000004205e-01 0.0000000000000000e+00 0.0000000000000000e+00 1.9254761555707962e+00 9.2623027500604793e-01
