6.1497619017623917e-04 -1.9800000000000147e-03 0.0000000000000000e+00 0.0000000000000000e+00 1.7712864803777031e+00 2.6986718983825115e-05
6.2118807088509006e-04 -2.0000000000000174e-03 0.0000000000000000e+00 0.0000000000000000e+00 1.7712862500649342e+00 2.7534663414783616e-05
6.2895292177115366e-04 -2.0250000000000211e-03 0.0000000000000000e+00 0.0000000000000000e+00 1.7712859621744452e+00 2.8227338343567531e-05
6.4448262354328085e-04 -2.0750000000000278e-03 0.0000000000000000e+00 0.0000000000000000e+00 1.7712853863983185e+00 2.9638502855786687e-05
6.7554202708753524e-04 -2.1750000000000419e-03 0.0000000000000000e+00 0.0000000000000000e+00 1.7712842348606495e+00 3.2564090653803578e-05
7.3766083417604400e-04 -2.3750000000000693e-03 0.0000000000000000e+00 0.0000000000000000e+00 1.7712819318478490e+00 3.8828302583936919e-05
8.6189844835306154e-04 -2.7750000000001242e-03 0.0000000000000000e+00 0.0000000000000000e+00 1.7712773260700223e+00 5.3008881698884630e-05
1.1103736767070966e-03 -3.5750000000002329e-03 0.0000000000000000e+00 0.0000000000000000e+00 1.7712681155052497e+00 8.7978740293766016e-05
1.6073241334151668e-03 -5.1750000000004674e-03 0.0000000000000000e+00 0.0000000000000000e+00 1.7712496983352133e+00 1.8435389371356843e-04
2.6012250468313070e-03 -8.3750000000009355e-03 0.0000000000000000e+00 0.0000000000000000e+00 1.7712128798132558e+00 4.8285102363408705e-04
4.5890268736635872e-03 -1.4775000000001875e-02 0.0000000000000000e+00 0.0000000000000000e+00 1.7711393058683247e+00 1.5028732010848402e-03
8.5646305273281466e-03 -2.7575000000003767e-02 0.0000000000000000e+00 0.0000000000000000e+00 1.7709924089830309e+00 5.2353542287136958e-03
1.6515837834657265e-02 -5.3175000000007543e-02 0.0000000000000000e+00 0.0000000000000000e+00 1.7706996081873843e+00 1.9472662993188651e-02
3.2418252449315503e-02 -1.0437500000001508e-01 0.0000000000000000e+00 0.0000000000000000e+00 1.7701178913417246e+00 7.5057467505470335e-02
6.4223081678631971e-02 -2.0677500000003018e-01 0.0000000000000000e+00 0.0000000000000000e+00 1.7689693179461978e+00 2.9483422563506362e-01
1.2783274013726492e-01 -4.1157500000006048e-01 0.0000000000000000e+00 0.0000000000000000e+00 1.7667264605426978e+00 1.1701475476879915e+00
