8.5626195342667169e-04 -1.9800000000000746e-03 0.0000000000000000e+00 0.0000000000000000e+00 1.6310013103896943e+00 3.4276786390203940e-05
8.6491106406734507e-04 -2.0000000000000781e-03 0.0000000000000000e+00 0.0000000000000000e+00 1.6310008258008755e+00 3.4972759416243313e-05
8.7572245236818675e-04 -2.0250000000000806e-03 0.0000000000000000e+00 0.0000000000000000e+00 1.6310002200674236e+00 3.5852562655867043e-05
8.9734522896987010e-04 -2.0750000000000859e-03 0.0000000000000000e+00 0.0000000000000000e+00 1.6309990086115902e+00 3.7644959060699300e-05
9.4059078217323682e-04 -2.1750000000000983e-03 0.0000000000000000e+00 0.0000000000000000e+00 1.6309965857412685e+00 4.1360912078688953e-05
1.0270818885799702e-03 -2.3750000000001209e-03 0.0000000000000000e+00 0.0000000000000000e+00 1.6309917401697325e+00 4.9317462995856202e-05
1.2000641013934371e-03 -2.7750000000001688e-03 0.0000000000000000e+00 0.0000000000000000e+00 1.6309820496997856e+00 6.7329176738044290e-05
1.5460285270203708e-03 -3.5750000000002642e-03 0.0000000000000000e+00 0.0000000000000000e+00 1.6309626714519125e+00 1.1174731091864577e-04
2.2379573782742379e-03 -5.1750000000004570e-03 0.0000000000000000e+00 0.0000000000000000e+00 1.6309239257119801e+00 2.3416447858324061e-04
3.6218150807819723e-03 -8.3750000000008436e-03 0.0000000000000000e+00 0.0000000000000000e+00 1.6308464771725573e+00 6.1333899127392140e-04
6.3895304857974414e-03 -1.4775000000001624e-02 0.0000000000000000e+00 0.0000000000000000e+00 1.6306917511713348e+00 1.9091813672846396e-03
1.1924961295828380e-02 -2.7575000000003198e-02 0.0000000000000000e+00 0.0000000000000000e+00 1.6303829780478614e+00 6.6519006512906279e-03
2.2995822915890259e-02 -5.3175000000006287e-02 0.0000000000000000e+00 0.0000000000000000e+00 1.6297681043090120e+00 2.4749966382977742e-02
4.5137546156014015e-02 -1.0437500000001246e-01 0.0000000000000000e+00 0.0000000000000000e+00 1.6285487098251830e+00 9.5464518786948421e-02
8.9420992636261520e-02 -2.0677500000002469e-01 0.0000000000000000e+00 0.0000000000000000e+00 1.6261487437117279e+00 3.7551060564444227e-01
1.7798788559675655e-01 -4.1157500000004898e-01 0.0000000000000000e+00 0.0000000000000000e+00 1.6214849527068085e+00 1.4944170938549748e+00
