6.1497619017623917e-04 -1.9799999999999254e-03 0.0000000000000000e+00 0.0000000000000000e+00 1.7713022544587043e+00 2.6986401984043771e-05
6.2118807088509006e-04 -1.9999999999999237e-03 0.0000000000000000e+00 0.0000000000000000e+00 1.7713021834426890e+00 2.7534336711590678e-05
6.2895292177115366e-04 -2.0249999999999214e-03 0.0000000000000000e+00 0.0000000000000000e+00 1.7713020946720912e+00 2.8226999235224546e-05
6.4448262354328085e-04 -2.0749999999999172e-03 0.0000000000000000e+00 0.0000000000000000e+00 1.7713019171322444e+00 2.9638138002976691e-05
6.7554202708753524e-04 -2.1749999999999092e-03 0.0000000000000000e+00 0.0000000000000000e+00 1.7713015620531212e+00 3.2563670468192297e-05
7.3766083417604400e-04 -2.3749999999998941e-03 0.0000000000000000e+00 0.0000000000000000e+00 1.7713008519013522e+00 3.8827755499658154e-05
8.6189844835306154e-04 -2.7749999999998639e-03 0.0000000000000000e+00 0.0000000000000000e+00 1.7712994316214079e+00 5.3008009024244139e-05
1.1103736767070966e-03 -3.5749999999998036e-03 0.0000000000000000e+00 0.0000000000000000e+00 1.7712965911559966e+00 8.7976874380158961e-05
1.6073241334151668e-03 -5.1749999999996851e-03 0.0000000000000000e+00 0.0000000000000000e+00 1.7712909106017216e+00 1.8434823399996690e-04
2.6012250468313070e-03 -8.3749999999994471e-03 0.0000000000000000e+00 0.0000000000000000e+00 1.7712795510006334e+00 4.8282703431954841e-04
4.5890268736635872e-03 -1.4774999999998971e-02 0.0000000000000000e+00 0.0000000000000000e+00 1.7712568378240725e+00 1.5027414828629991e-03
8.5646305273281466e-03 -2.7574999999998007e-02 0.0000000000000000e+00 0.0000000000000000e+00 1.7712114355311321e+00 5.2344979602424423e-03
1.6515837834657265e-02 -5.3174999999996080e-02 0.0000000000000000e+00 0.0000000000000000e+00 1.7711207268598779e+00 1.9466522745574678e-02
3.2418252449315503e-02 -1.0437499999999222e-01 0.0000000000000000e+00 0.0000000000000000e+00 1.7709396905718342e+00 7.5011031713757920e-02
6.4223081678631971e-02 -2.0677499999998455e-01 0.0000000000000000e+00 0.0000000000000000e+00 1.7705791215570128e+00 2.9447318384200266e-01
1.2783274013726492e-01 -4.1157499999996910e-01 0.0000000000000000e+00 0.0000000000000000e+00 1.7698638352723539e+00 1.1673003976804290e+00
