3.2385284013666983e-04 -1.9800000000000416e-03 0.0000000000000000e+00 0.0000000000000000e+00 1.9273766780883430e+00 2.1412903120446941e-05
3.2712408094613113e-04 -2.0000000000000421e-03 0.0000000000000000e+00 0.0000000000000000e+00 1.9273766261520713e+00 2.1847672417853344e-05
3.3121313195795776e-04 -2.0250000000000433e-03 0.0000000000000000e+00 0.0000000000000000e+00 1.9273765612317997e+00 2.2397278732893343e-05
3.3939123398161103e-04 -2.0750000000000451e-03 0.0000000000000000e+00 0.0000000000000000e+00 1.9273764313915809e+00 2.3516973676713383e-05
3.5574743802891756e-04 -2.1750000000000484e-03 0.0000000000000000e+00 0.0000000000000000e+00 1.9273761717128168e+00 2.5838292839946389e-05
3.8845984612353063e-04 -2.3750000000000550e-03 0.0000000000000000e+00 0.0000000000000000e+00 1.9273756523653196e+00 3.0808648433845207e-05
4.5388466231275677e-04 -2.7750000000000678e-03 0.0000000000000000e+00 0.0000000000000000e+00 1.9273746137050873e+00 4.2060230011863174e-05
5.8473429469120910e-04 -3.5750000000000937e-03 0.0000000000000000e+00 0.0000000000000000e+00 1.9273725365265442e+00 6.9806885292693160e-05
8.4643355944811376e-04 -5.1750000000001465e-03 0.0000000000000000e+00 0.0000000000000000e+00 1.9273683827383732e+00 1.4627424886483074e-04
1.3698320889619230e-03 -8.3750000000002520e-03 0.0000000000000000e+00 0.0000000000000000e+00 1.9273600774334221e+00 3.8310586414142781e-04
2.4166291479895416e-03 -1.4775000000000465e-02 0.0000000000000000e+00 0.0000000000000000e+00 1.9273434758968355e+00 1.1923620559472008e-03
4.5102232660447789e-03 -2.7575000000000887e-02 0.0000000000000000e+00 0.0000000000000000e+00 1.9273103090078321e+00 4.1532895543553950e-03
8.6974115021552535e-03 -5.3175000000001742e-02 0.0000000000000000e+00 0.0000000000000000e+00 1.9272441190989009e+00 1.5445151168649036e-02
1.7071787974376203e-02 -1.0437500000000344e-01 0.0000000000000000e+00 0.0000000000000000e+00 1.9271123078681403e+00 5.9511670133470550e-02
3.3820540918818101e-02 -2.0677500000000684e-01 0.0000000000000000e+00 0.0000000000000000e+00 1.9268509054235690e+00 2.3359804513865254e-01
6.7318046807701898e-02 -4.1157500000001374e-01 0.0000000000000000e+00 0.0000000000000000e+00 1.9263365580786480e+00 9.2576137649598855e-01
