3.2385284013666983e-04 -1.9800000000000559e-03 0.0000000000000000e+00 0.0000000000000000e+00 1.9273801980514176e+00 2.1412861354969861e-05
3.2712408094613113e-04 -2.0000000000000564e-03 0.0000000000000000e+00 0.0000000000000000e+00 1.9273801816649918e+00 2.1847629373928651e-05
3.3121313195795776e-04 -2.0250000000000576e-03 0.0000000000000000e+00 0.0000000000000000e+00 1.9273801611818777e+00 2.2397234054560549e-05
3.3939123398161103e-04 -2.0750000000000599e-03 0.0000000000000000e+00 0.0000000000000000e+00 1.9273801202154746e+00 2.3516925606485694e-05
3.5574743802891756e-04 -2.1750000000000645e-03 0.0000000000000000e+00 0.0000000000000000e+00 1.9273800382823398e+00 2.5838237479490221e-05
3.8845984612353063e-04 -2.3750000000000737e-03 0.0000000000000000e+00 0.0000000000000000e+00 1.9273798744181017e+00 3.0808576354187087e-05
4.5388466231275677e-04 -2.7750000000000921e-03 0.0000000000000000e+00 0.0000000000000000e+00 1.9273795466923838e+00 4.2060115034898660e-05
5.8473429469120910e-04 -3.5750000000001280e-03 0.0000000000000000e+00 0.0000000000000000e+00 1.9273788912548844e+00 6.9806639454126493e-05
8.4643355944811376e-04 -5.1750000000001994e-03 0.0000000000000000e+00 0.0000000000000000e+00 1.9273775804370650e+00 1.4627350318406710e-04
1.3698320889619230e-03 -8.3750000000003405e-03 0.0000000000000000e+00 0.0000000000000000e+00 1.9273749590275293e+00 3.8310270349201781e-04
2.4166291479895416e-03 -1.4775000000000621e-02 0.0000000000000000e+00 0.0000000000000000e+00 1.9273697171138211e+00 1.1923447017572354e-03
4.5102232660447789e-03 -2.7575000000001185e-02 0.0000000000000000e+00 0.0000000000000000e+00 1.9273592369041566e+00 4.1531767389412439e-03
8.6974115021552535e-03 -5.3175000000002311e-02 0.0000000000000000e+00 0.0000000000000000e+00 1.9273382909283450e+00 1.5444342176374005e-02
1.7071787974376203e-02 -1.0437500000000455e-01 0.0000000000000000e+00 0.0000000000000000e+00 1.9272964565327846e+00 5.9505552107102122e-02
3.3820540918818101e-02 -2.0677500000000906e-01 0.0000000000000000e+00 0.0000000000000000e+00 1.9272130162255161e+00 2.3355047702083792e-01
6.7318046807701898e-02 -4.1157500000001812e-01 0.0000000000000000e+00 0.0000000000000000e+00 1.9270470357499629e+00 9.2538625768806071e-01
