6.1497619017623917e-04 -1.9800000000000533e-03 0.0000000000000000e+00 0.0000000000000000e+00 1.7712983105750200e+00 2.6986481233991820e-05
6.2118807088509006e-04 -2.0000000000000556e-03 0.0000000000000000e+00 0.0000000000000000e+00 1.7712981997274404e+00 2.7534418387391719e-05
6.2895292177115366e-04 -2.0250000000000589e-03 0.0000000000000000e+00 0.0000000000000000e+00 1.7712980611675460e+00 2.8227084012313239e-05
6.4448262354328085e-04 -2.0750000000000659e-03 0.0000000000000000e+00 0.0000000000000000e+00 1.7712977840496344e+00 2.9638229216182442e-05
6.7554202708753524e-04 -2.1750000000000809e-03 0.0000000000000000e+00 0.0000000000000000e+00 1.7712972298164966e+00 3.2563775514599017e-05
7.3766083417604400e-04 -2.3750000000001101e-03 0.0000000000000000e+00 0.0000000000000000e+00 1.7712961213651635e+00 3.8827892270733142e-05
8.6189844835306154e-04 -2.7750000000001693e-03 0.0000000000000000e+00 0.0000000000000000e+00 1.7712939045199390e+00 5.3008227192912891e-05
1.1103736767070966e-03 -3.5750000000002863e-03 0.0000000000000000e+00 0.0000000000000000e+00 1.7712894710593379e+00 8.7977340858578086e-05
1.6073241334151668e-03 -5.1750000000005212e-03 0.0000000000000000e+00 0.0000000000000000e+00 1.7712806050559400e+00 1.8434964892841013e-04
2.6012250468313070e-03 -8.3750000000009910e-03 0.0000000000000000e+00 0.0000000000000000e+00 1.7712628767198360e+00 4.8283303164831001e-04
4.5890268736635872e-03 -1.4775000000001931e-02 0.0000000000000000e+00 0.0000000000000000e+00 1.7712274347118067e+00 1.5027744124188861e-03
8.5646305273281466e-03 -2.7575000000003822e-02 0.0000000000000000e+00 0.0000000000000000e+00 1.7711566091956017e+00 5.2347120273618167e-03
1.6515837834657265e-02 -5.3175000000007605e-02 0.0000000000000000e+00 0.0000000000000000e+00 1.7710151909232514e+00 1.9468057807484122e-02
3.2418252449315503e-02 -1.0437500000001516e-01 0.0000000000000000e+00 0.0000000000000000e+00 1.7707332755631369e+00 7.5022640661709272e-02
6.4223081678631971e-02 -2.0677500000003021e-01 0.0000000000000000e+00 0.0000000000000000e+00 1.7701730517667940e+00 2.9456344429035952e-01
1.2783274013726492e-01 -4.1157500000006031e-01 0.0000000000000000e+00 0.0000000000000000e+00 1.7690664253182558e+00 1.1680121851826835e+00
