3.2385284013666983e-04 -1.9800000000000893e-03 0.0000000000000000e+00 0.0000000000000000e+00 1.9273793180096128e+00 2.1412871796339920e-05
3.2712408094613113e-04 -2.0000000000000915e-03 0.0000000000000000e+00 0.0000000000000000e+00 1.9273792927346896e+00 2.1847640134910658e-05
3.3121313195795776e-04 -2.0250000000000949e-03 0.0000000000000000e+00 0.0000000000000000e+00 1.9273792611409764e+00 2.2397245224144633e-05
3.3939123398161103e-04 -2.0750000000001011e-03 0.0000000000000000e+00 0.0000000000000000e+00 1.9273791979534516e+00 2.3516937624043616e-05
3.5574743802891756e-04 -2.1750000000001130e-03 0.0000000000000000e+00 0.0000000000000000e+00 1.9273790715783785e+00 2.5838251319605493e-05
3.8845984612353063e-04 -2.3750000000001374e-03 0.0000000000000000e+00 0.0000000000000000e+00 1.9273788188314824e+00 3.0808594374103362e-05
4.5388466231275677e-04 -2.7750000000001857e-03 0.0000000000000000e+00 0.0000000000000000e+00 1.9273783133453311e+00 4.2060143779142760e-05
5.8473429469120910e-04 -3.5750000000002828e-03 0.0000000000000000e+00 0.0000000000000000e+00 1.9273773024064835e+00 6.9806700913774438e-05
8.4643355944811376e-04 -5.1750000000004778e-03 0.0000000000000000e+00 0.0000000000000000e+00 1.9273752806640283e+00 1.4627368960427422e-04
1.3698320889619230e-03 -8.3750000000008679e-03 0.0000000000000000e+00 0.0000000000000000e+00 1.9273712377173156e+00 3.8310349365441973e-04
2.4166291479895416e-03 -1.4775000000001644e-02 0.0000000000000000e+00 0.0000000000000000e+00 1.9273631539764891e+00 1.1923490403048956e-03
4.5102232660447789e-03 -2.7575000000003198e-02 0.0000000000000000e+00 0.0000000000000000e+00 1.9273469950923956e+00 4.1532049427954005e-03
8.6974115021552535e-03 -5.3175000000006307e-02 0.0000000000000000e+00 0.0000000000000000e+00 1.9273147116139830e+00 1.5444544424445128e-02
1.7071787974376203e-02 -1.0437500000001254e-01 0.0000000000000000e+00 0.0000000000000000e+00 1.9272502810168146e+00 5.9507081613703508e-02
3.3820540918818101e-02 -2.0677500000002499e-01 0.0000000000000000e+00 0.0000000000000000e+00 1.9271219589062265e+00 2.3356236905032823e-01
6.7318046807701898e-02 -4.1157500000004987e-01 0.0000000000000000e+00 0.0000000000000000e+00 1.9268674208879055e+00 9.2548003739018780e-01
