8.5626195342667169e-04 -1.9799999999999115e-03 0.0000000000000000e+00 0.0000000000000000e+00 1.6310355355194848e+00 3.4275719133564363e-05
8.6491106406734507e-04 -1.9999999999999020e-03 0.0000000000000000e+00 0.0000000000000000e+00 1.6310353965359465e+00 3.4971659490715335e-05
8.7572245236818675e-04 -2.0249999999998910e-03 0.0000000000000000e+00 0.0000000000000000e+00 1.6310352228061933e+00 3.5851420965393098e-05
8.9734522896987010e-04 -2.0749999999998690e-03 0.0000000000000000e+00 0.0000000000000000e+00 1.6310348753481088e+00 3.7643730695233844e-05
9.4059078217323682e-04 -2.1749999999998246e-03 0.0000000000000000e+00 0.0000000000000000e+00 1.6310341804346500e+00 4.1359497421929027e-05
1.0270818885799702e-03 -2.3749999999997337e-03 0.0000000000000000e+00 0.0000000000000000e+00 1.6310327906223390e+00 4.9315621103957448e-05
1.2000641013934371e-03 -2.7749999999995504e-03 0.0000000000000000e+00 0.0000000000000000e+00 1.6310300110530160e+00 6.7326238667232000e-05
1.5460285270203708e-03 -3.5749999999991817e-03 0.0000000000000000e+00 0.0000000000000000e+00 1.6310244521363726e+00 1.1174102886797566e-04
2.2379573782742379e-03 -5.1749999999984430e-03 0.0000000000000000e+00 0.0000000000000000e+00 1.6310133351893024e+00 2.3414542378482947e-04
3.6218150807819723e-03 -8.3749999999969647e-03 0.0000000000000000e+00 0.0000000000000000e+00 1.6309911048407142e+00 6.1325822542870868e-04
6.3895304857974414e-03 -1.4774999999994024e-02 0.0000000000000000e+00 0.0000000000000000e+00 1.6309466583080707e+00 1.9087379059468004e-03
1.1924961295828380e-02 -2.7574999999988137e-02 0.0000000000000000e+00 0.0000000000000000e+00 1.6308578217724827e+00 6.6490178158214574e-03
2.2995822915890259e-02 -5.3174999999976338e-02 0.0000000000000000e+00 0.0000000000000000e+00 1.6306803737904187e+00 2.4729293750261831e-02
4.5137546156014015e-02 -1.0437499999995280e-01 0.0000000000000000e+00 0.0000000000000000e+00 1.6303263699907213e+00 9.5308181432604333e-02
8.9420992636261520e-02 -2.0677499999990506e-01 0.0000000000000000e+00 0.0000000000000000e+00 1.6296218662929853e+00 3.7429507088871350e-01
1.7798788559675655e-01 -4.1157499999980984e-01 0.0000000000000000e+00 0.0000000000000000e+00 1.6282263685454117e+00 1.4848314728672674e+00
