8.5626195342667169e-04 -1.9799999999998382e-03 0.0000000000000000e+00 0.0000000000000000e+00 1.6310241258977798e+00 3.4276074885773657e-05
8.6491106406734507e-04 -1.9999999999998231e-03 0.0000000000000000e+00 0.0000000000000000e+00 1.6310238716872167e+00 3.4972026132553739e-05
8.7572245236818675e-04 -2.0249999999998043e-03 0.0000000000000000e+00 0.0000000000000000e+00 1.6310235539242941e+00 3.5851801528879726e-05
8.9734522896987010e-04 -2.0749999999997684e-03 0.0000000000000000e+00 0.0000000000000000e+00 1.6310229184018985e+00 3.7644140150383460e-05
9.4059078217323682e-04 -2.1749999999996984e-03 0.0000000000000000e+00 0.0000000000000000e+00 1.6310216473679442e+00 4.1359968974175035e-05
1.0270818885799702e-03 -2.3749999999995572e-03 0.0000000000000000e+00 0.0000000000000000e+00 1.6310191053471454e+00 4.9316235067912482e-05
1.2000641013934371e-03 -2.7749999999992763e-03 0.0000000000000000e+00 0.0000000000000000e+00 1.6310140214908260e+00 6.7327218024148852e-05
1.5460285270203708e-03 -3.5749999999987112e-03 0.0000000000000000e+00 0.0000000000000000e+00 1.6310038545199579e+00 1.1174312288481978e-04
2.2379573782742379e-03 -5.1749999999975817e-03 0.0000000000000000e+00 0.0000000000000000e+00 1.6309835235422068e+00 2.3415177538417732e-04
3.6218150807819723e-03 -8.3749999999953254e-03 0.0000000000000000e+00 0.0000000000000000e+00 1.6309428734329989e+00 6.1328514737673363e-04
6.3895304857974414e-03 -1.4774999999990823e-02 0.0000000000000000e+00 0.0000000000000000e+00 1.6308616204994377e+00 1.9088857263914382e-03
1.1924961295828380e-02 -2.7574999999981812e-02 0.0000000000000000e+00 0.0000000000000000e+00 1.6306993029841967e+00 6.6499787609730163e-03
2.2995822915890259e-02 -5.3174999999963765e-02 0.0000000000000000e+00 0.0000000000000000e+00 1.6303754150900376e+00 2.4736184627815280e-02
4.5137546156014015e-02 -1.0437499999992768e-01 0.0000000000000000e+00 0.0000000000000000e+00 1.6297305782183582e+00 9.5360293883979805e-02
8.9420992636261520e-02 -2.0677499999985544e-01 0.0000000000000000e+00 0.0000000000000000e+00 1.6284522716127361e+00 3.7470024914033723e-01
1.7798788559675655e-01 -4.1157499999971109e-01 0.0000000000000000e+00 0.0000000000000000e+00 1.6259381480302784e+00 1.4880266798620352e+00
