6.1497619017623917e-04 -1.9799999999999267e-03 0.0000000000000000e+00 0.0000000000000000e+00 1.7713061985847778e+00 2.6986322734099050e-05
6.2118807088509006e-04 -1.9999999999999263e-03 0.0000000000000000e+00 0.0000000000000000e+00 1.7713061674052473e+00 2.7534255035793114e-05
6.2895292177115366e-04 -2.0249999999999266e-03 0.0000000000000000e+00 0.0000000000000000e+00 1.7713061284301657e+00 2.8226914458139586e-05
6.4448262354328085e-04 -2.0749999999999272e-03 0.0000000000000000e+00 0.0000000000000000e+00 1.7713060504810558e+00 2.9638046789775203e-05
6.7554202708753524e-04 -2.1749999999999279e-03 0.0000000000000000e+00 0.0000000000000000e+00 1.7713058945822167e+00 3.2563565421790937e-05
7.3766083417604400e-04 -2.3749999999999293e-03 0.0000000000000000e+00 0.0000000000000000e+00 1.7713055827862572e+00 3.8827618728590890e-05
8.6189844835306154e-04 -2.7749999999999325e-03 0.0000000000000000e+00 0.0000000000000000e+00 1.7713049591989032e+00 5.3007790855588810e-05
1.1103736767070966e-03 -3.5749999999999398e-03 0.0000000000000000e+00 0.0000000000000000e+00 1.7713037120425665e+00 8.7976407901768473e-05
1.6073241334151668e-03 -5.1749999999999548e-03 0.0000000000000000e+00 0.0000000000000000e+00 1.7713012178020886e+00 1.8434681907159766e-04
2.6012250468313070e-03 -8.3749999999999849e-03 0.0000000000000000e+00 0.0000000000000000e+00 1.7712962296117749e+00 4.8282103699101228e-04
4.5890268736635872e-03 -1.4775000000000045e-02 0.0000000000000000e+00 0.0000000000000000e+00 1.7712862543941696e+00 1.5027085533078828e-03
8.5646305273281466e-03 -2.7575000000000172e-02 0.0000000000000000e+00 0.0000000000000000e+00 1.7712663086062441e+00 5.2342838931259145e-03
1.6515837834657265e-02 -5.3175000000000416e-02 0.0000000000000000e+00 0.0000000000000000e+00 1.7712264355925924e+00 1.9464987683676136e-02
3.2418252449315503e-02 -1.0437500000000091e-01 0.0000000000000000e+00 0.0000000000000000e+00 1.7711467635926461e+00 7.4999422765849255e-02
6.4223081678631971e-02 -2.0677500000000185e-01 0.0000000000000000e+00 0.0000000000000000e+00 1.7709877139372565e+00 2.9438292339381422e-01
1.2783274013726492e-01 -4.1157500000000452e-01 0.0000000000000000e+00 0.0000000000000000e+00 1.7706707779892916e+00 1.1665886101788487e+00
