3.2385284013666983e-04 -1.9800000000000295e-03 0.0000000000000000e+00 0.0000000000000000e+00 1.9273749183109037e+00 2.1412924003185378e-05
3.2712408094613113e-04 -2.0000000000000300e-03 0.0000000000000000e+00 0.0000000000000000e+00 1.9273748486038509e+00 2.1847693939815586e-05
3.3121313195795776e-04 -2.0250000000000311e-03 0.0000000000000000e+00 0.0000000000000000e+00 1.9273747614702381e+00 2.2397301072059626e-05
3.3939123398161103e-04 -2.0750000000000330e-03 0.0000000000000000e+00 0.0000000000000000e+00 1.9273745872037793e+00 2.3516997711827126e-05
3.5574743802891756e-04 -2.1750000000000367e-03 0.0000000000000000e+00 0.0000000000000000e+00 1.9273742386743162e+00 2.5838320520174379e-05
3.8845984612353063e-04 -2.3750000000000446e-03 0.0000000000000000e+00 0.0000000000000000e+00 1.9273735416325406e+00 3.0808684473674239e-05
4.5388466231275677e-04 -2.7750000000000604e-03 0.0000000000000000e+00 0.0000000000000000e+00 1.9273721476122232e+00 4.2060287500345566e-05
5.8473429469120910e-04 -3.5750000000000916e-03 0.0000000000000000e+00 0.0000000000000000e+00 1.9273693598273616e+00 6.9807008211977069e-05
8.4643355944811376e-04 -5.1750000000001526e-03 0.0000000000000000e+00 0.0000000000000000e+00 1.9273637852816530e+00 1.4627462170521438e-04
1.3698320889619230e-03 -8.3750000000002746e-03 0.0000000000000000e+00 0.0000000000000000e+00 1.9273526402796131e+00 3.8310744446613874e-04
2.4166291479895416e-03 -1.4775000000000519e-02 0.0000000000000000e+00 0.0000000000000000e+00 1.9273303666014943e+00 1.1923707330422049e-03
4.5102232660447789e-03 -2.7575000000001008e-02 0.0000000000000000e+00 0.0000000000000000e+00 1.9272858842860250e+00 4.1533459620625504e-03
8.6974115021552535e-03 -5.3175000000001992e-02 0.0000000000000000e+00 0.0000000000000000e+00 1.9271971777258106e+00 1.5445555664786854e-02
1.7071787974376203e-02 -1.0437500000000408e-01 0.0000000000000000e+00 0.0000000000000000e+00 1.9270207803124741e+00 5.9514729146656092e-02
3.3820540918818101e-02 -2.0677500000000829e-01 0.0000000000000000e+00 0.0000000000000000e+00 1.9266719182235386e+00 2.3362182919756552e-01
6.7318046807701898e-02 -4.1157500000001662e-01 0.0000000000000000e+00 0.0000000000000000e+00 1.9259889226495881e+00 9.2594893589997507e-01
