6.1497619017623917e-04 -1.9799999999999571e-03 0.0000000000000000e+00 0.0000000000000000e+00 1.7712746523596972e+00 2.6986956733657933e-05
6.2118807088509006e-04 -1.9999999999999575e-03 0.0000000000000000e+00 0.0000000000000000e+00 1.7712743026259545e+00 2.7534908442174964e-05
6.2895292177115366e-04 -2.0249999999999591e-03 0.0000000000000000e+00 0.0000000000000000e+00 1.7712738654607649e+00 2.8227592674821190e-05
6.4448262354328085e-04 -2.0749999999999623e-03 0.0000000000000000e+00 0.0000000000000000e+00 1.7712729911402889e+00 2.9638776495390197e-05
6.7554202708753524e-04 -2.1749999999999686e-03 0.0000000000000000e+00 0.0000000000000000e+00 1.7712712425341306e+00 3.2564405793007183e-05
7.3766083417604400e-04 -2.3749999999999817e-03 0.0000000000000000e+00 0.0000000000000000e+00 1.7712677454651871e+00 3.8828712897139272e-05
8.6189844835306154e-04 -2.7750000000000084e-03 0.0000000000000000e+00 0.0000000000000000e+00 1.7712607518982932e+00 5.3009536204853841e-05
1.1103736767070966e-03 -3.5750000000000621e-03 0.0000000000000000e+00 0.0000000000000000e+00 1.7712467670474161e+00 8.7980139728948485e-05
1.6073241334151668e-03 -5.1750000000001682e-03 0.0000000000000000e+00 0.0000000000000000e+00 1.7712188064664713e+00 1.8435813849871030e-04
2.6012250468313070e-03 -8.3750000000003787e-03 0.0000000000000000e+00 0.0000000000000000e+00 1.7711629217133333e+00 4.8286901561980984e-04
4.5890268736635872e-03 -1.4775000000000798e-02 0.0000000000000000e+00 0.0000000000000000e+00 1.7710512972335624e+00 1.5029719897505993e-03
8.5646305273281466e-03 -2.7575000000001633e-02 0.0000000000000000e+00 0.0000000000000000e+00 1.7708286235289479e+00 5.2359964300648359e-03
1.6515837834657265e-02 -5.3175000000003442e-02 0.0000000000000000e+00 0.0000000000000000e+00 1.7703855387437255e+00 1.9477268178890401e-02
3.2418252449315503e-02 -1.0437500000000709e-01 0.0000000000000000e+00 0.0000000000000000e+00 1.7695081187602670e+00 7.5092294349220740e-02
6.4223081678631971e-02 -2.0677500000001436e-01 0.0000000000000000e+00 0.0000000000000000e+00 1.7677859651163885e+00 2.9510500697972553e-01
1.2783274013726492e-01 -4.1157500000002800e-01 0.0000000000000000e+00 0.0000000000000000e+00 1.7644552872657659e+00 1.1722829101931256e+00
