3.2385284013666983e-04 -1.9800000000000160e-03 0.0000000000000000e+00 0.0000000000000000e+00 1.9273757981826194e+00 2.1412913561815746e-05
3.2712408094613113e-04 -2.0000000000000161e-03 0.0000000000000000e+00 0.0000000000000000e+00 1.9273757373606120e+00 2.1847683178834037e-05
3.3121313195795776e-04 -2.0250000000000159e-03 0.0000000000000000e+00 0.0000000000000000e+00 1.9273756613332333e+00 2.2397289902476021e-05
3.3939123398161103e-04 -2.0750000000000156e-03 0.0000000000000000e+00 0.0000000000000000e+00 1.9273755092790055e+00 2.3516985694269733e-05
3.5574743802891756e-04 -2.1750000000000150e-03 0.0000000000000000e+00 0.0000000000000000e+00 1.9273752051730499e+00 2.5838306680059740e-05
3.8845984612353063e-04 -2.3750000000000138e-03 0.0000000000000000e+00 0.0000000000000000e+00 1.9273745969744691e+00 3.0808666453758805e-05
4.5388466231275677e-04 -2.7750000000000118e-03 0.0000000000000000e+00 0.0000000000000000e+00 1.9273733806252671e+00 4.2060258756102808e-05
5.8473429469120910e-04 -3.5750000000000087e-03 0.0000000000000000e+00 0.0000000000000000e+00 1.9273709481215604e+00 6.9806946752331889e-05
8.4643355944811376e-04 -5.1750000000000034e-03 0.0000000000000000e+00 0.0000000000000000e+00 1.9273660838940301e+00 1.4627443528501442e-04
1.3698320889619230e-03 -8.3749999999999936e-03 0.0000000000000000e+00 0.0000000000000000e+00 1.9273563585532054e+00 3.8310665430375904e-04
2.4166291479895416e-03 -1.4774999999999976e-02 0.0000000000000000e+00 0.0000000000000000e+00 1.9273369203080009e+00 1.1923663944946208e-03
4.5102232660447789e-03 -2.7574999999999943e-02 0.0000000000000000e+00 0.0000000000000000e+00 1.9272980933884147e+00 4.1533177582086757e-03
8.6974115021552535e-03 -5.3174999999999875e-02 0.0000000000000000e+00 0.0000000000000000e+00 1.9272206364408815e+00 1.5445353416716805e-02
1.7071787974376203e-02 -1.0437499999999973e-01 0.0000000000000000e+00 0.0000000000000000e+00 1.9270664990745203e+00 5.9513199640058807e-02
3.3820540918818101e-02 -2.0677499999999943e-01 0.0000000000000000e+00 0.0000000000000000e+00 1.9267612436194501e+00 2.3360993716809095e-01
6.7318046807701898e-02 -4.1157499999999880e-01 0.0000000000000000e+00 0.0000000000000000e+00 1.9261621376481077e+00 9.2585515619790937e-01
