3.2385284013666983e-04 -1.9800000000000035e-03 0.0000000000000000e+00 0.0000000000000000e+00 1.9273775580280808e+00 2.1412892679076781e-05
3.2712408094613113e-04 -2.0000000000000035e-03 0.0000000000000000e+00 0.0000000000000000e+00 1.9273775149782342e+00 2.1847661656871266e-05
3.3121313195795776e-04 -2.0250000000000038e-03 0.0000000000000000e+00 0.0000000000000000e+00 1.9273774611659431e+00 2.2397267563309205e-05
3.3939123398161103e-04 -2.0750000000000039e-03 0.0000000000000000e+00 0.0000000000000000e+00 1.9273773535415100e+00 2.3516961659155461e-05
3.5574743802891756e-04 -2.1750000000000046e-03 0.0000000000000000e+00 0.0000000000000000e+00 1.9273771382936231e+00 2.5838278999831233e-05
3.8845984612353063e-04 -2.3750000000000056e-03 0.0000000000000000e+00 0.0000000000000000e+00 1.9273767078051007e+00 3.0808630413929291e-05
4.5388466231275677e-04 -2.7750000000000079e-03 0.0000000000000000e+00 0.0000000000000000e+00 1.9273758468516962e+00 4.2060201267620084e-05
5.8473429469120910e-04 -3.5750000000000122e-03 0.0000000000000000e+00 0.0000000000000000e+00 1.9273741250423420e+00 6.9806823833048034e-05
8.4643355944811376e-04 -5.1750000000000207e-03 0.0000000000000000e+00 0.0000000000000000e+00 1.9273706818147658e+00 1.4627406244463210e-04
1.3698320889619230e-03 -8.3750000000000369e-03 0.0000000000000000e+00 0.0000000000000000e+00 1.9273637969206132e+00 3.8310507397905396e-04
2.4166291479895416e-03 -1.4775000000000069e-02 0.0000000000000000e+00 0.0000000000000000e+00 1.9273500333699172e+00 1.1923577173996406e-03
4.5102232660447789e-03 -2.7575000000000134e-02 0.0000000000000000e+00 0.0000000000000000e+00 1.9273225311566842e+00 4.1532613505016122e-03
8.6974115021552535e-03 -5.3175000000000257e-02 0.0000000000000000e+00 0.0000000000000000e+00 1.9272676257880816e+00 1.5444948920579345e-02
1.7071787974376203e-02 -1.0437500000000051e-01 0.0000000000000000e+00 0.0000000000000000e+00 1.9271582073494120e+00 5.9510140626874840e-02
3.3820540918818101e-02 -2.0677500000000101e-01 0.0000000000000000e+00 0.0000000000000000e+00 1.9269409085721338e+00 2.3358615310918471e-01
6.7318046807701898e-02 -4.1157500000000208e-01 0.0000000000000000e+00 0.0000000000000000e+00 1.9265122204634042e+00 9.2566759679395028e-01
