8.5626195342667169e-04 -1.9800000000000316e-03 0.0000000000000000e+00 0.0000000000000000e+00 1.6310298305529276e+00 3.4275897009673807e-05
8.6491106406734507e-04 -2.0000000000000291e-03 0.0000000000000000e+00 0.0000000000000000e+00 1.6310296339527168e+00 3.4971842811639680e-05
8.7572245236818675e-04 -2.0250000000000246e-03 0.0000000000000000e+00 0.0000000000000000e+00 1.6310293882023845e+00 3.5851611247141938e-05
8.9734522896987010e-04 -2.0750000000000165e-03 0.0000000000000000e+00 0.0000000000000000e+00 1.6310288967040059e+00 3.7643935422814991e-05
9.4059078217323682e-04 -2.1750000000000020e-03 0.0000000000000000e+00 0.0000000000000000e+00 1.6310279137134285e+00 4.1359733198060122e-05
1.0270818885799702e-03 -2.3749999999999731e-03 0.0000000000000000e+00 0.0000000000000000e+00 1.6310259477607538e+00 4.9315928085946986e-05
1.2000641013934371e-03 -2.7749999999999156e-03 0.0000000000000000e+00 0.0000000000000000e+00 1.6310220159661835e+00 6.7326728345711947e-05
1.5460285270203708e-03 -3.5749999999998023e-03 0.0000000000000000e+00 0.0000000000000000e+00 1.6310141528209130e+00 1.1174207587644498e-04
2.2379573782742379e-03 -5.1749999999995775e-03 0.0000000000000000e+00 0.0000000000000000e+00 1.6309984283035917e+00 2.3414859958462852e-04
3.6218150807819723e-03 -8.3749999999991349e-03 0.0000000000000000e+00 0.0000000000000000e+00 1.6309669863588179e+00 6.1327168640310783e-04
6.3895304857974414e-03 -1.4774999999998253e-02 0.0000000000000000e+00 0.0000000000000000e+00 1.6309041307814944e+00 1.9088118161704501e-03
1.1924961295828380e-02 -2.7574999999996495e-02 0.0000000000000000e+00 0.0000000000000000e+00 1.6307785325113777e+00 6.6494982884021444e-03
2.2995822915890259e-02 -5.3174999999992964e-02 0.0000000000000000e+00 0.0000000000000000e+00 1.6305277846013260e+00 2.4732739189057371e-02
4.5137546156014015e-02 -1.0437499999998588e-01 0.0000000000000000e+00 0.0000000000000000e+00 1.6300280602307280e+00 9.5334237658365656e-02
8.9420992636261520e-02 -2.0677499999997162e-01 0.0000000000000000e+00 0.0000000000000000e+00 1.6290355157960144e+00 3.7449766001481721e-01
1.7798788559675655e-01 -4.1157499999994318e-01 0.0000000000000000e+00 0.0000000000000000e+00 1.6270766395374652e+00 1.4864290763658126e+00
