3.2385284013666983e-04 -1.9800000000000243e-03 0.0000000000000000e+00 0.0000000000000000e+00 1.9273740384731923e+00 2.1412934444554616e-05
3.2712408094613113e-04 -2.0000000000000256e-03 0.0000000000000000e+00 0.0000000000000000e+00 1.9273739598817843e+00 2.1847704700796746e-05
3.3121313195795776e-04 -2.0250000000000272e-03 0.0000000000000000e+00 0.0000000000000000e+00 1.9273738616428084e+00 2.2397312241642816e-05
3.3939123398161103e-04 -2.0750000000000304e-03 0.0000000000000000e+00 0.0000000000000000e+00 1.9273736651658957e+00 2.3517009729384072e-05
3.5574743802891756e-04 -2.1750000000000371e-03 0.0000000000000000e+00 0.0000000000000000e+00 1.9273732722166097e+00 2.5838334360288530e-05
3.8845984612353063e-04 -2.3750000000000502e-03 0.0000000000000000e+00 0.0000000000000000e+00 1.9273724863395263e+00 3.0808702493589037e-05
4.5388466231275677e-04 -2.7750000000000765e-03 0.0000000000000000e+00 0.0000000000000000e+00 1.9273709146659423e+00 4.2060316244587355e-05
5.8473429469120910e-04 -3.5750000000001289e-03 0.0000000000000000e+00 0.0000000000000000e+00 1.9273677716439213e+00 6.9807069671620487e-05
8.4643355944811376e-04 -5.1750000000002324e-03 0.0000000000000000e+00 0.0000000000000000e+00 1.9273614869011597e+00 1.4627480812541048e-04
1.3698320889619230e-03 -8.3750000000004376e-03 0.0000000000000000e+00 0.0000000000000000e+00 1.9273489226122957e+00 3.8310823462850798e-04
2.4166291479895416e-03 -1.4775000000000848e-02 0.0000000000000000e+00 0.0000000000000000e+00 1.9273238147754026e+00 1.1923750715897546e-03
4.5102232660447789e-03 -2.7575000000001664e-02 0.0000000000000000e+00 0.0000000000000000e+00 1.9272736816882778e+00 4.1533741659163046e-03
8.6974115021552535e-03 -5.3175000000003296e-02 0.0000000000000000e+00 0.0000000000000000e+00 1.9271737428657190e+00 1.5445757912856437e-02
1.7071787974376203e-02 -1.0437500000000643e-01 0.0000000000000000e+00 0.0000000000000000e+00 1.9269751509294080e+00 5.9516258653251150e-02
3.3820540918818101e-02 -2.0677500000001270e-01 0.0000000000000000e+00 0.0000000000000000e+00 1.9265829243503174e+00 2.3363372122703016e-01
6.7318046807701898e-02 -4.1157500000002523e-01 0.0000000000000000e+00 0.0000000000000000e+00 1.9258168772730815e+00 9.2604271560199969e-01
