   1.5384615384615384e-25  -1.9999999999999684e-04   0.0000000000000000e+00   0.0000000000000000e+00   2.0943951023996266e+00   1.7999999999999431e-07
   3.0769230769230769e-25  -3.9999999999999996e-04   0.0000000000000000e+00   0.0000000000000000e+00   2.0943951023892060e+00   7.1999999999999988e-07
   4.6153846153846155e-25  -5.9999999999999062e-04   0.0000000000000000e+00   0.0000000000000000e+00   2.0943951023963785e+00   1.6199999999999495e-06
   6.1538461538461546e-25  -8.0000000000000026e-04   0.0000000000000000e+00   0.0000000000000000e+00   2.0943951023901044e+00   2.8800000000000021e-06
   7.6923076923076938e-25  -9.9999999999998419e-04   0.0000000000000000e+00   0.0000000000000000e+00   2.0943951023913914e+00   4.4999999999998578e-06
   9.2307692307692329e-25  -1.2000000000000010e-03   0.0000000000000000e+00   0.0000000000000000e+00   2.0943951023978333e+00   6.4800000000000108e-06
   1.0769230769230773e-24  -1.4000000000000002e-03   0.0000000000000000e+00   0.0000000000000000e+00   2.0943951023909757e+00   8.8200000000000036e-06
   1.2307692307692313e-24  -1.5999999999999751e-03   0.0000000000000000e+00   0.0000000000000000e+00   2.0943951023914251e+00   1.1519999999999642e-05
   1.3846153846153853e-24  -1.7999999999999995e-03   0.0000000000000000e+00   0.0000000000000000e+00   2.0943951023921228e+00   1.4579999999999993e-05
   1.5384615384615393e-24  -1.9999999999999706e-03   0.0000000000000000e+00   0.0000000000000000e+00   2.0943951023928302e+00   1.7999999999999469e-05
   1.6923076923076933e-24  -2.1999999999999663e-03   0.0000000000000000e+00   0.0000000000000000e+00   2.0943951023924670e+00   2.1779999999999334e-05
   1.8461538461538473e-24  -2.3999999999999621e-03   0.0000000000000000e+00   0.0000000000000000e+00   2.0943951023920020e+00   2.5919999999999179e-05
   2.0000000000000013e-24  -2.5999999999999604e-03   0.0000000000000000e+00   0.0000000000000000e+00   2.0943951023927316e+00   3.0419999999999072e-05
   2.1538461538461553e-24  -2.8000000000000013e-03   0.0000000000000000e+00   0.0000000000000000e+00   2.0943951023940235e+00   3.5280000000000035e-05
   2.3076923076923093e-24  -3.0000000000000044e-03   0.0000000000000000e+00   0.0000000000000000e+00   2.0943951023922485e+00   4.0500000000000117e-05
   2.4615384615384633e-24  -3.2000000000000006e-03   0.0000000000000000e+00   0.0000000000000000e+00   2.0943951023927494e+00   4.6080000000000020e-05
   2.6153846153846173e-24  -3.3999999999999499e-03   0.0000000000000000e+00   0.0000000000000000e+00   2.0943951023923559e+00   5.2019999999998462e-05
   2.7692307692307713e-24  -3.5999999999999483e-03   0.0000000000000000e+00   0.0000000000000000e+00   2.0943951023927374e+00   5.8319999999998324e-05
   2.9230769230769253e-24  -3.7999999999999423e-03   0.0000000000000000e+00   0.0000000000000000e+00   2.0943951023929568e+00   6.4979999999998026e-05
   3.0769230769230793e-24  -4.0000000000000044e-03   0.0000000000000000e+00   0.0000000000000000e+00   2.0943951023927538e+00   7.2000000000000164e-05
   3.2307692307692333e-24  -4.2000000000000049e-03   0.0000000000000000e+00   0.0000000000000000e+00   2.0943951023929497e+00   7.9380000000000178e-05
   3.3846153846153874e-24  -4.4000000000000011e-03   0.0000000000000000e+00   0.0000000000000000e+00   2.0943951023930141e+00   8.7120000000000047e-05
   3.5384615384615410e-24  -4.5999999999999288e-03   0.0000000000000000e+00   0.0000000000000000e+00   2.0943951023929093e+00   9.5219999999997045e-05
   3.6923076923076946e-24  -4.7999999999999241e-03   0.0000000000000000e+00   0.0000000000000000e+00   2.0943951023929381e+00   1.0367999999999672e-04
   3.8461538461538483e-24  -4.9999999999999984e-03   0.0000000000000000e+00   0.0000000000000000e+00   2.0943951023929319e+00   1.1249999999999993e-04
   4.0000000000000019e-24  -5.2000000000000006e-03   0.0000000000000000e+00   0.0000000000000000e+00   2.0943951023930154e+00   1.2168000000000003e-04
   4.1538461538461555e-24  -5.4000000000000046e-03   0.0000000000000000e+00   0.0000000000000000e+00   2.0943951023928840e+00   1.3122000000000022e-04
   4.3076923076923092e-24  -5.5999999999999106e-03   0.0000000000000000e+00   0.0000000000000000e+00   2.0943951023930412e+00   1.4111999999999550e-04
   4.4615384615384628e-24  -5.7999999999999129e-03   0.0000000000000000e+00   0.0000000000000000e+00   2.0943951023937517e+00   1.5137999999999545e-04
   4.6153846153846164e-24  -6.0000000000000010e-03   0.0000000000000000e+00   0.0000000000000000e+00   2.0943951023938419e+00   1.6200000000000006e-04
   4.7692307692307701e-24  -6.1999999999999018e-03   0.0000000000000000e+00   0.0000000000000000e+00   2.0943951023929182e+00   1.7297999999999454e-04
   4.9230769230769237e-24  -6.3999999999999066e-03   0.0000000000000000e+00   0.0000000000000000e+00   2.0943951023927170e+00   1.8431999999999463e-04
   5.0769230769230774e-24  -6.5999999999998976e-03   0.0000000000000000e+00   0.0000000000000000e+00   2.0943951023928964e+00   1.9601999999999391e-04
   5.2307692307692310e-24  -6.7999999999998929e-03   0.0000000000000000e+00   0.0000000000000000e+00   2.0943951023929861e+00   2.0807999999999344e-04
   5.3846153846153846e-24  -6.9999999999999949e-03   0.0000000000000000e+00   0.0000000000000000e+00   2.0943951023930309e+00   2.2049999999999969e-04
   5.5384615384615383e-24  -7.1999999999998983e-03   0.0000000000000000e+00   0.0000000000000000e+00   2.0943951023927960e+00   2.3327999999999340e-04
   5.6923076923076919e-24  -7.4000000000000038e-03   0.0000000000000000e+00   0.0000000000000000e+00   2.0943951023928293e+00   2.4642000000000029e-04
   5.8461538461538455e-24  -7.5999999999998760e-03   0.0000000000000000e+00   0.0000000000000000e+00   2.0943951023930065e+00   2.5991999999999151e-04
   5.9999999999999992e-24  -7.7999999999998773e-03   0.0000000000000000e+00   0.0000000000000000e+00   2.0943951023929857e+00   2.7377999999999138e-04
   6.1538461538461528e-24  -8.0000000000000036e-03   0.0000000000000000e+00   0.0000000000000000e+00   2.0943951023930389e+00   2.8800000000000028e-04
   6.3076923076923064e-24  -8.1999999999998741e-03   0.0000000000000000e+00   0.0000000000000000e+00   2.0943951023931517e+00   3.0257999999999072e-04
   6.4615384615384601e-24  -8.3999999999999977e-03   0.0000000000000000e+00   0.0000000000000000e+00   2.0943951023930647e+00   3.1751999999999985e-04
   6.6153846153846137e-24  -8.6000000000000017e-03   0.0000000000000000e+00   0.0000000000000000e+00   2.0943951023931606e+00   3.3282000000000016e-04
   6.7692307692307674e-24  -8.7999999999998565e-03   0.0000000000000000e+00   0.0000000000000000e+00   2.0943951023931824e+00   3.4847999999998859e-04
   6.9230769230769210e-24  -8.9999999999998605e-03   0.0000000000000000e+00   0.0000000000000000e+00   2.0943951023930119e+00   3.6449999999998875e-04
   7.0769230769230746e-24  -9.1999999999998541e-03   0.0000000000000000e+00   0.0000000000000000e+00   2.0943951023930660e+00   3.8087999999998796e-04
   7.2307692307692283e-24  -9.3999999999999882e-03   0.0000000000000000e+00   0.0000000000000000e+00   2.0943951023931144e+00   3.9761999999999903e-04
   7.3846153846153819e-24  -9.5999999999999905e-03   0.0000000000000000e+00   0.0000000000000000e+00   2.0943951023931731e+00   4.1471999999999917e-04
   7.5384615384615355e-24  -9.8000000000000049e-03   0.0000000000000000e+00   0.0000000000000000e+00   2.0943951023925265e+00   4.3218000000000043e-04
   7.6923076923076892e-24  -9.9999999999999898e-03   0.0000000000000000e+00   0.0000000000000000e+00   2.0943951023930891e+00   4.4999999999999912e-04
   7.8461538461538428e-24  -1.0199999999999839e-02   0.0000000000000000e+00   0.0000000000000000e+00   2.0943951023931100e+00   4.6817999999998526e-04
   7.9999999999999965e-24  -1.0400000000000000e-02   0.0000000000000000e+00   0.0000000000000000e+00   2.0943951023930292e+00   4.8671999999999995e-04
   8.1538461538461501e-24  -1.0599999999999984e-02   0.0000000000000000e+00   0.0000000000000000e+00   2.0943951023931264e+00   5.0561999999999851e-04
   8.3076923076923037e-24  -1.0799999999999994e-02   0.0000000000000000e+00   0.0000000000000000e+00   2.0943951023931042e+00   5.2487999999999938e-04
   8.4615384615384574e-24  -1.0999999999999994e-02   0.0000000000000000e+00   0.0000000000000000e+00   2.0943951023931220e+00   5.4449999999999941e-04
   8.6153846153846110e-24  -1.1199999999999818e-02   0.0000000000000000e+00   0.0000000000000000e+00   2.0943951023931504e+00   5.6447999999998169e-04
   8.7692307692307646e-24  -1.1399999999999988e-02   0.0000000000000000e+00   0.0000000000000000e+00   2.0943951023930749e+00   5.8481999999999881e-04
   8.9230769230769183e-24  -1.1599999999999987e-02   0.0000000000000000e+00   0.0000000000000000e+00   2.0943951023931198e+00   6.0551999999999861e-04
   9.0769230769230719e-24  -1.1799999999999998e-02   0.0000000000000000e+00   0.0000000000000000e+00   2.0943951023931011e+00   6.2657999999999974e-04
   9.2307692307692255e-24  -1.2000000000000005e-02   0.0000000000000000e+00   0.0000000000000000e+00   2.0943951023931224e+00   6.4800000000000057e-04
   9.3846153846153792e-24  -1.2199999999999793e-02   0.0000000000000000e+00   0.0000000000000000e+00   2.0943951023931660e+00   6.6977999999997726e-04
   9.5384615384615328e-24  -1.2399999999999795e-02   0.0000000000000000e+00   0.0000000000000000e+00   2.0943951023930865e+00   6.9191999999997718e-04
   9.6923076923076865e-24  -1.2599999999999993e-02   0.0000000000000000e+00   0.0000000000000000e+00   2.0943951023931078e+00   7.1441999999999914e-04
   9.8461538461538401e-24  -1.2799999999999992e-02   0.0000000000000000e+00   0.0000000000000000e+00   2.0943951023934404e+00   7.3727999999999901e-04
   9.9999999999999937e-24  -1.2999999999999991e-02   0.0000000000000000e+00   0.0000000000000000e+00   2.0943951023934764e+00   7.6049999999999902e-04
   1.0153846153846147e-23  -1.3199999999999778e-02   0.0000000000000000e+00   0.0000000000000000e+00   2.0943951023934977e+00   7.8407999999997359e-04
   1.0307692307692301e-23  -1.3399999999999771e-02   0.0000000000000000e+00   0.0000000000000000e+00   2.0943951023930287e+00   8.0801999999997247e-04
   1.0461538461538455e-23  -1.3599999999999777e-02   0.0000000000000000e+00   0.0000000000000000e+00   2.0943951023930096e+00   8.3231999999997279e-04
   1.0615384615384608e-23  -1.3799999999999975e-02   0.0000000000000000e+00   0.0000000000000000e+00   2.0943951023930021e+00   8.5697999999999699e-04
   1.0769230769230762e-23  -1.3999999999999993e-02   0.0000000000000000e+00   0.0000000000000000e+00   2.0943951023930794e+00   8.8199999999999910e-04
   1.0923076923076916e-23  -1.4199999999999761e-02   0.0000000000000000e+00   0.0000000000000000e+00   2.0943951023931104e+00   9.0737999999996948e-04
   1.1076923076923069e-23  -1.4399999999999762e-02   0.0000000000000000e+00   0.0000000000000000e+00   2.0943951023930718e+00   9.3311999999996917e-04
   1.1230769230769223e-23  -1.4599999999999995e-02   0.0000000000000000e+00   0.0000000000000000e+00   2.0943951023930891e+00   9.5921999999999934e-04
   1.1384615384615376e-23  -1.4799999999999761e-02   0.0000000000000000e+00   0.0000000000000000e+00   2.0943951023931882e+00   9.8567999999996819e-04
   1.1538461538461530e-23  -1.4999999999999963e-02   0.0000000000000000e+00   0.0000000000000000e+00   2.0943951023930918e+00   1.0124999999999950e-03
   1.1692307692307684e-23  -1.5199999999999997e-02   0.0000000000000000e+00   0.0000000000000000e+00   2.0943951023931717e+00   1.0396799999999996e-03
   1.1846153846153837e-23  -1.5399999999999988e-02   0.0000000000000000e+00   0.0000000000000000e+00   2.0943951023929919e+00   1.0672199999999983e-03
   1.1999999999999991e-23  -1.5599999999999756e-02   0.0000000000000000e+00   0.0000000000000000e+00   2.0943951023930425e+00   1.0951199999999659e-03
   1.2153846153846145e-23  -1.5799999999999752e-02   0.0000000000000000e+00   0.0000000000000000e+00   2.0943951023930145e+00   1.1233799999999646e-03
   1.2307692307692298e-23  -1.5999999999999983e-02   0.0000000000000000e+00   0.0000000000000000e+00   2.0943951023930394e+00   1.1519999999999974e-03
   1.2461538461538452e-23  -1.6199999999999729e-02   0.0000000000000000e+00   0.0000000000000000e+00   2.0943951023931362e+00   1.1809799999999604e-03
   1.2615384615384606e-23  -1.6399999999999974e-02   0.0000000000000000e+00   0.0000000000000000e+00   2.0943951023930425e+00   1.2103199999999961e-03
   1.2769230769230759e-23  -1.6599999999999726e-02   0.0000000000000000e+00   0.0000000000000000e+00   2.0943951023931606e+00   1.2400199999999589e-03
   1.2923076923076913e-23  -1.6799999999999728e-02   0.0000000000000000e+00   0.0000000000000000e+00   2.0943951023930953e+00   1.2700799999999588e-03
   1.3076923076923066e-23  -1.6999999999999987e-02   0.0000000000000000e+00   0.0000000000000000e+00   2.0943951023931016e+00   1.3004999999999978e-03
   1.3230769230769220e-23  -1.7199999999999986e-02   0.0000000000000000e+00   0.0000000000000000e+00   2.0943951023931633e+00   1.3312799999999978e-03
   1.3384615384615372e-23  -1.7399999999999981e-02   0.0000000000000000e+00   0.0000000000000000e+00   2.0943951023931473e+00   1.3624199999999970e-03
   1.3538461538461526e-23  -1.7599999999999959e-02   0.0000000000000000e+00   0.0000000000000000e+00   2.0943951023931553e+00   1.3939199999999934e-03
   1.3692307692307680e-23  -1.7799999999999701e-02   0.0000000000000000e+00   0.0000000000000000e+00   2.0943951023931811e+00   1.4257799999999521e-03
   1.3846153846153833e-23  -1.7999999999999988e-02   0.0000000000000000e+00   0.0000000000000000e+00   2.0943951023931100e+00   1.4579999999999981e-03
   1.3999999999999987e-23  -1.8199999999999692e-02   0.0000000000000000e+00   0.0000000000000000e+00   2.0943951023932224e+00   1.4905799999999495e-03
   1.4153846153846140e-23  -1.8399999999999962e-02   0.0000000000000000e+00   0.0000000000000000e+00   2.0943951023931162e+00   1.5235199999999937e-03
   1.4307692307692294e-23  -1.8599999999999978e-02   0.0000000000000000e+00   0.0000000000000000e+00   2.0943951023931975e+00   1.5568199999999963e-03
   1.4461538461538448e-23  -1.8799999999999664e-02   0.0000000000000000e+00   0.0000000000000000e+00   2.0943951023932073e+00   1.5904799999999432e-03
   1.4615384615384601e-23  -1.8999999999999986e-02   0.0000000000000000e+00   0.0000000000000000e+00   2.0943951023931584e+00   1.6244999999999975e-03
   1.4769230769230755e-23  -1.9199999999999971e-02   0.0000000000000000e+00   0.0000000000000000e+00   2.0943951023932561e+00   1.6588799999999950e-03
   1.4923076923076909e-23  -1.9399999999999674e-02   0.0000000000000000e+00   0.0000000000000000e+00   2.0943951023932472e+00   1.6936199999999433e-03
   1.5076923076923062e-23  -1.9599999999999670e-02   0.0000000000000000e+00   0.0000000000000000e+00   2.0943951023931948e+00   1.7287199999999419e-03
   1.5230769230769216e-23  -1.9799999999999658e-02   0.0000000000000000e+00   0.0000000000000000e+00   2.0943951023932401e+00   1.7641799999999390e-03
   1.5384615384615370e-23  -1.9999999999999653e-02   0.0000000000000000e+00   0.0000000000000000e+00   2.0943951023931873e+00   1.7999999999999377e-03
