   3.2600000000000000e+02
   3.2600000000000000e+02
   3.2600000000000000e+02
   3.2600000000000000e+02
   3.2600000000000000e+02
   3.2600000000000000e+02
   3.2600000000000000e+02
   3.2600000000000000e+02
   3.2600000000000000e+02
   3.2600000000000000e+02
   3.2600000000000000e+02
   3.2600000000000000e+02
   3.2600000000000000e+02
   3.2600000000000000e+02
   3.2600000000000000e+02
   3.2600000000000000e+02
   3.2600000000000000e+02
   3.2600000000000000e+02
   3.2600000000000000e+02
   3.2600000000000000e+02
   3.2600000000000000e+02
   3.2600000000000000e+02
   2.6900000000000000e+02
   2.6900000000000000e+02
   2.6900000000000000e+02
   2.6900000000000000e+02
   2.6900000000000000e+02
   2.6900000000000000e+02
   2.6900000000000000e+02
   2.7000000000000000e+02
   2.7000000000000000e+02
   2.7000000000000000e+02
   2.7000000000000000e+02
   2.7000000000000000e+02
   2.7000000000000000e+02
   2.7000000000000000e+02
   2.7000000000000000e+02
   2.7000000000000000e+02
   2.7000000000000000e+02
   2.7000000000000000e+02
   2.7000000000000000e+02
   2.7000000000000000e+02
   2.7100000000000000e+02
   2.7100000000000000e+02
   2.7100000000000000e+02
   2.7100000000000000e+02
   2.7100000000000000e+02
   2.7100000000000000e+02
   2.7100000000000000e+02
   2.7100000000000000e+02
   2.7100000000000000e+02
   2.7100000000000000e+02
   2.7100000000000000e+02
   2.7100000000000000e+02
   2.7100000000000000e+02
   2.7100000000000000e+02
   2.7100000000000000e+02
   2.7200000000000000e+02
   2.7200000000000000e+02
   2.7200000000000000e+02
   2.7200000000000000e+02
   2.7200000000000000e+02
   2.7200000000000000e+02
   2.7200000000000000e+02
   2.7200000000000000e+02
   2.7200000000000000e+02
   2.7200000000000000e+02
   2.7200000000000000e+02
   2.7200000000000000e+02
   2.7200000000000000e+02
   2.7200000000000000e+02
   2.7200000000000000e+02
   2.7200000000000000e+02
   2.7200000000000000e+02
   2.7300000000000000e+02
   2.7300000000000000e+02
   2.7300000000000000e+02
   2.7300000000000000e+02
   2.7300000000000000e+02
   2.7300000000000000e+02
   2.7300000000000000e+02
   2.7300000000000000e+02
   2.7300000000000000e+02
   2.7300000000000000e+02
   2.7300000000000000e+02
   2.7300000000000000e+02
   2.7300000000000000e+02
   2.7300000000000000e+02
   2.7300000000000000e+02
   2.7300000000000000e+02
   2.7300000000000000e+02
   2.7300000000000000e+02
   2.7400000000000000e+02
   2.7400000000000000e+02
   2.7400000000000000e+02
   2.7400000000000000e+02
   2.7400000000000000e+02
   2.7400000000000000e+02
   2.7400000000000000e+02
   2.7400000000000000e+02
   2.7400000000000000e+02
   2.7400000000000000e+02
   2.7400000000000000e+02
   2.7400000000000000e+02
   2.7400000000000000e+02
   2.7400000000000000e+02
   2.7400000000000000e+02
   2.7400000000000000e+02
   2.7400000000000000e+02
   2.7400000000000000e+02
   2.7400000000000000e+02
   2.7500000000000000e+02
   2.7500000000000000e+02
   2.7500000000000000e+02
   2.7500000000000000e+02
   2.7500000000000000e+02
   2.7500000000000000e+02
   2.7500000000000000e+02
   2.7500000000000000e+02
   2.7500000000000000e+02
   2.7500000000000000e+02
   2.7500000000000000e+02
   2.7500000000000000e+02
   2.7500000000000000e+02
   2.7500000000000000e+02
   2.7500000000000000e+02
   2.7500000000000000e+02
   2.7500000000000000e+02
   2.7500000000000000e+02
   2.7600000000000000e+02
   2.7600000000000000e+02
   2.7600000000000000e+02
   2.7600000000000000e+02
   2.7600000000000000e+02
   2.7600000000000000e+02
   2.7600000000000000e+02
   2.7600000000000000e+02
   2.7600000000000000e+02
   2.7600000000000000e+02
   2.7600000000000000e+02
   2.7600000000000000e+02
   2.7600000000000000e+02
   2.7600000000000000e+02
   2.7600000000000000e+02
   2.7600000000000000e+02
   2.7600000000000000e+02
   2.7600000000000000e+02
   2.7600000000000000e+02
   2.7700000000000000e+02
   2.7700000000000000e+02
   2.7700000000000000e+02
   2.7700000000000000e+02
   2.7700000000000000e+02
   2.7700000000000000e+02
   2.7700000000000000e+02
   2.7700000000000000e+02
   2.7700000000000000e+02
   2.7700000000000000e+02
   2.7700000000000000e+02
   2.7700000000000000e+02
   2.7700000000000000e+02
   2.7700000000000000e+02
   2.7700000000000000e+02
   2.7700000000000000e+02
   2.7700000000000000e+02
   2.7700000000000000e+02
   2.7700000000000000e+02
   2.7800000000000000e+02
   2.7800000000000000e+02
   2.7800000000000000e+02
   2.7800000000000000e+02
   2.7800000000000000e+02
   2.7800000000000000e+02
   2.7800000000000000e+02
   2.7800000000000000e+02
   2.7800000000000000e+02
   2.7800000000000000e+02
   2.7800000000000000e+02
   2.7800000000000000e+02
   2.7800000000000000e+02
   2.7800000000000000e+02
   2.7800000000000000e+02
   2.7800000000000000e+02
   2.7800000000000000e+02
   2.7800000000000000e+02
   2.7900000000000000e+02
   2.7900000000000000e+02
   2.7900000000000000e+02
   2.7900000000000000e+02
   2.7900000000000000e+02
   2.7900000000000000e+02
   2.7900000000000000e+02
   2.7900000000000000e+02
   2.7900000000000000e+02
   2.7900000000000000e+02
   2.7900000000000000e+02
   2.7900000000000000e+02
   2.7900000000000000e+02
   2.7900000000000000e+02
   2.7900000000000000e+02
   2.7900000000000000e+02
   2.7900000000000000e+02
   2.7900000000000000e+02
   2.8000000000000000e+02
   2.8000000000000000e+02
   2.8000000000000000e+02
   2.8000000000000000e+02
   2.8000000000000000e+02
   2.8000000000000000e+02
   2.8000000000000000e+02
   2.8000000000000000e+02
   2.8000000000000000e+02
   2.8000000000000000e+02
   2.8000000000000000e+02
   2.8000000000000000e+02
   2.8000000000000000e+02
   2.8000000000000000e+02
   2.8000000000000000e+02
   2.8000000000000000e+02
   2.8000000000000000e+02
   2.8100000000000000e+02
   2.8100000000000000e+02
   2.8100000000000000e+02
   2.8100000000000000e+02
   2.8100000000000000e+02
   2.8100000000000000e+02
   2.8100000000000000e+02
   2.8100000000000000e+02
   2.8100000000000000e+02
   2.8100000000000000e+02
   2.8100000000000000e+02
   2.8100000000000000e+02
   2.8100000000000000e+02
   2.8100000000000000e+02
   2.8200000000000000e+02
   2.8200000000000000e+02
   2.8200000000000000e+02
   2.8200000000000000e+02
   2.8200000000000000e+02
   2.8200000000000000e+02
   2.8200000000000000e+02
   2.8200000000000000e+02
   2.8200000000000000e+02
   2.8200000000000000e+02
   2.8200000000000000e+02
   2.8200000000000000e+02
   2.8300000000000000e+02
   2.8300000000000000e+02
   2.8300000000000000e+02
   2.8300000000000000e+02
   2.8300000000000000e+02
   2.8300000000000000e+02
   3.3000000000000000e+02
   3.3000000000000000e+02
   3.3000000000000000e+02
   3.3000000000000000e+02
   3.3000000000000000e+02
   3.3000000000000000e+02
   3.3000000000000000e+02
   3.3000000000000000e+02
   3.3000000000000000e+02
   3.3000000000000000e+02
   3.3000000000000000e+02
   3.3000000000000000e+02
   3.3000000000000000e+02
   3.3000000000000000e+02
   3.3000000000000000e+02
   3.3000000000000000e+02
   3.3000000000000000e+02
   3.3000000000000000e+02
   3.3000000000000000e+02
   3.3000000000000000e+02
   3.3000000000000000e+02
   3.3000000000000000e+02
   3.3000000000000000e+02
   3.3000000000000000e+02
   3.3000000000000000e+02
   3.3100000000000000e+02
   3.3100000000000000e+02
   3.3100000000000000e+02
   3.3100000000000000e+02
   3.3100000000000000e+02
   3.3100000000000000e+02
   3.3100000000000000e+02
   3.3100000000000000e+02
   3.3100000000000000e+02
   3.3100000000000000e+02
   3.3100000000000000e+02
   3.3100000000000000e+02
   3.3100000000000000e+02
   3.3100000000000000e+02
   3.3100000000000000e+02
   3.3100000000000000e+02
   3.3100000000000000e+02
   3.3100000000000000e+02
   3.3100000000000000e+02
   3.3100000000000000e+02
   3.3100000000000000e+02
   3.3100000000000000e+02
   3.3100000000000000e+02
   3.3100000000000000e+02
   3.3100000000000000e+02
   3.3100000000000000e+02
   3.3100000000000000e+02
   3.3100000000000000e+02
   3.3100000000000000e+02
   3.3100000000000000e+02
   3.3100000000000000e+02
   3.3100000000000000e+02
   3.3100000000000000e+02
   3.3100000000000000e+02
   3.3100000000000000e+02
   3.3100000000000000e+02
   3.3100000000000000e+02
   3.3100000000000000e+02
   3.3100000000000000e+02
   3.3100000000000000e+02
   3.3100000000000000e+02
   3.3100000000000000e+02
   3.3100000000000000e+02
   3.3100000000000000e+02
   3.3100000000000000e+02
   3.3100000000000000e+02
   3.3100000000000000e+02
   3.3100000000000000e+02
   3.3100000000000000e+02
   3.3100000000000000e+02
   3.3100000000000000e+02
   3.3100000000000000e+02
   3.3100000000000000e+02
   3.3100000000000000e+02
   3.3100000000000000e+02
   3.3100000000000000e+02
   3.3100000000000000e+02
   3.3100000000000000e+02
   3.3100000000000000e+02
   3.3100000000000000e+02
   3.3100000000000000e+02
   3.3100000000000000e+02
   3.3200000000000000e+02
   3.3200000000000000e+02
   3.3200000000000000e+02
   3.3200000000000000e+02
   3.3200000000000000e+02
   3.3200000000000000e+02
   3.3200000000000000e+02
   3.3200000000000000e+02
   3.3200000000000000e+02
   3.3200000000000000e+02
   3.3200000000000000e+02
   3.3200000000000000e+02
   3.3200000000000000e+02
   3.3200000000000000e+02
   3.3200000000000000e+02
   3.3200000000000000e+02
   3.3200000000000000e+02
   3.3200000000000000e+02
   3.3200000000000000e+02
   3.3200000000000000e+02
   3.3200000000000000e+02
   3.3200000000000000e+02
   3.3200000000000000e+02
   3.3200000000000000e+02
   3.3200000000000000e+02
   3.3200000000000000e+02
   3.3200000000000000e+02
   3.3200000000000000e+02
   3.3200000000000000e+02
   3.3200000000000000e+02
   3.3200000000000000e+02
   3.3200000000000000e+02
   3.3200000000000000e+02
   3.3200000000000000e+02
   3.3200000000000000e+02
   3.3200000000000000e+02
   3.3200000000000000e+02
   3.3200000000000000e+02
   3.3200000000000000e+02
   3.3200000000000000e+02
   3.3200000000000000e+02
   3.3200000000000000e+02
   3.3200000000000000e+02
   3.3200000000000000e+02
   3.3200000000000000e+02
   3.3200000000000000e+02
   3.3200000000000000e+02
   3.3200000000000000e+02
   3.3200000000000000e+02
   3.3200000000000000e+02
   3.3200000000000000e+02
   3.3200000000000000e+02
   3.3200000000000000e+02
   3.3200000000000000e+02
   3.3200000000000000e+02
   3.3200000000000000e+02
   3.3200000000000000e+02
   3.3200000000000000e+02
   3.3200000000000000e+02
   3.3200000000000000e+02
   3.3200000000000000e+02
   3.3200000000000000e+02
   3.3200000000000000e+02
   3.3200000000000000e+02
   3.3200000000000000e+02
   3.3300000000000000e+02
   3.3300000000000000e+02
   3.3300000000000000e+02
   3.3300000000000000e+02
   3.3300000000000000e+02
   3.3300000000000000e+02
   3.3300000000000000e+02
   3.3300000000000000e+02
   3.3300000000000000e+02
   3.3300000000000000e+02
   3.3300000000000000e+02
   3.3300000000000000e+02
   3.3300000000000000e+02
   3.3300000000000000e+02
   3.3300000000000000e+02
   3.3300000000000000e+02
   3.3300000000000000e+02
   3.3300000000000000e+02
   3.3300000000000000e+02
   3.3300000000000000e+02
   3.3300000000000000e+02
   3.3300000000000000e+02
   3.3300000000000000e+02
   3.3300000000000000e+02
   3.3300000000000000e+02
   3.3300000000000000e+02
   3.3300000000000000e+02
   3.3300000000000000e+02
   3.3300000000000000e+02
   3.3300000000000000e+02
   3.3300000000000000e+02
   3.3300000000000000e+02
   3.3300000000000000e+02
   3.3300000000000000e+02
   3.3300000000000000e+02
   3.3300000000000000e+02
   3.3300000000000000e+02
   3.3300000000000000e+02
   3.3300000000000000e+02
   3.3300000000000000e+02
   3.3300000000000000e+02
   3.3300000000000000e+02
   3.3300000000000000e+02
   3.3300000000000000e+02
   3.3300000000000000e+02
   3.3300000000000000e+02
   3.3300000000000000e+02
   3.3300000000000000e+02
   3.3300000000000000e+02
   3.3300000000000000e+02
   3.3300000000000000e+02
   3.3300000000000000e+02
   3.3300000000000000e+02
   3.3300000000000000e+02
   3.3300000000000000e+02
   3.1900000000000000e+02
   3.1900000000000000e+02
   3.1900000000000000e+02
   3.1800000000000000e+02
   3.1800000000000000e+02
   3.1800000000000000e+02
   3.1800000000000000e+02
   3.1800000000000000e+02
   3.1800000000000000e+02
   3.1800000000000000e+02
   3.1800000000000000e+02
   3.1800000000000000e+02
   3.1800000000000000e+02
   3.1800000000000000e+02
   3.1800000000000000e+02
   3.1800000000000000e+02
   3.1800000000000000e+02
   3.1800000000000000e+02
   3.1800000000000000e+02
   3.1800000000000000e+02
   3.1800000000000000e+02
   3.1800000000000000e+02
   3.1800000000000000e+02
   3.1800000000000000e+02
   3.1800000000000000e+02
   3.1800000000000000e+02
   3.1800000000000000e+02
   3.1800000000000000e+02
   3.1800000000000000e+02
   3.1800000000000000e+02
   3.1800000000000000e+02
   3.1800000000000000e+02
   3.1800000000000000e+02
   3.1800000000000000e+02
   3.1800000000000000e+02
   3.1800000000000000e+02
   3.1800000000000000e+02
   3.1800000000000000e+02
   3.1800000000000000e+02
   3.1800000000000000e+02
   3.1800000000000000e+02
   3.1800000000000000e+02
   3.1800000000000000e+02
   3.1800000000000000e+02
   3.1800000000000000e+02
   3.1800000000000000e+02
   3.1800000000000000e+02
   3.1800000000000000e+02
   3.1800000000000000e+02
   3.1800000000000000e+02
   3.1800000000000000e+02
   3.1800000000000000e+02
   3.1800000000000000e+02
   3.1800000000000000e+02
   3.1800000000000000e+02
   3.1800000000000000e+02
   3.1800000000000000e+02
   3.1800000000000000e+02
   3.1800000000000000e+02
   3.1800000000000000e+02
   3.1800000000000000e+02
   3.1800000000000000e+02
   3.1800000000000000e+02
   3.1800000000000000e+02
   3.1800000000000000e+02
   3.1800000000000000e+02
   3.1800000000000000e+02
   3.1800000000000000e+02
   3.1800000000000000e+02
   3.1800000000000000e+02
   3.1800000000000000e+02
   3.1800000000000000e+02
   3.1800000000000000e+02
   3.1800000000000000e+02
   3.1800000000000000e+02
   3.1800000000000000e+02
   3.1800000000000000e+02
   3.1800000000000000e+02
   3.1800000000000000e+02
   3.1800000000000000e+02
   3.1800000000000000e+02
   3.1800000000000000e+02
   3.1800000000000000e+02
   3.1800000000000000e+02
   3.1800000000000000e+02
   3.1800000000000000e+02
   3.1800000000000000e+02
   3.1800000000000000e+02
   3.1800000000000000e+02
   3.1800000000000000e+02
   3.1800000000000000e+02
   3.1800000000000000e+02
   3.1800000000000000e+02
   3.1800000000000000e+02
   3.1800000000000000e+02
   3.1800000000000000e+02
   3.1800000000000000e+02
   3.1800000000000000e+02
   3.1800000000000000e+02
   3.1800000000000000e+02
   3.1800000000000000e+02
   3.1800000000000000e+02
   3.1900000000000000e+02
   3.1900000000000000e+02
   3.1900000000000000e+02
   3.1900000000000000e+02
   3.1900000000000000e+02
   3.1900000000000000e+02
   3.1900000000000000e+02
   3.1900000000000000e+02
   3.1900000000000000e+02
   3.1900000000000000e+02
   3.1900000000000000e+02
   3.1900000000000000e+02
   3.1900000000000000e+02
   3.1900000000000000e+02
   3.1900000000000000e+02
   3.1900000000000000e+02
   3.1900000000000000e+02
   3.1900000000000000e+02
   3.1900000000000000e+02
   3.1900000000000000e+02
   3.1900000000000000e+02
   3.1900000000000000e+02
   3.1900000000000000e+02
   3.1900000000000000e+02
   3.1900000000000000e+02
   3.1900000000000000e+02
   3.1900000000000000e+02
   3.1900000000000000e+02
   3.1900000000000000e+02
   3.1900000000000000e+02
   3.1900000000000000e+02
   3.1900000000000000e+02
   3.1900000000000000e+02
   3.1900000000000000e+02
   3.1900000000000000e+02
   3.1900000000000000e+02
   3.1900000000000000e+02
   3.1900000000000000e+02
   3.1900000000000000e+02
   3.1900000000000000e+02
   3.1900000000000000e+02
   3.1900000000000000e+02
   3.1900000000000000e+02
   3.1900000000000000e+02
   3.1900000000000000e+02
   3.1900000000000000e+02
   3.1900000000000000e+02
   3.1900000000000000e+02
   3.1900000000000000e+02
   3.1900000000000000e+02
   3.1900000000000000e+02
   3.1900000000000000e+02
   3.1900000000000000e+02
   3.1900000000000000e+02
   3.1900000000000000e+02
   3.1900000000000000e+02
   3.1900000000000000e+02
   3.1900000000000000e+02
   3.1900000000000000e+02
   3.1900000000000000e+02
   3.1900000000000000e+02
   3.1900000000000000e+02
   3.1900000000000000e+02
   3.1900000000000000e+02
   3.1900000000000000e+02
   3.1900000000000000e+02
   3.1900000000000000e+02
   3.1900000000000000e+02
   3.1900000000000000e+02
   3.1900000000000000e+02
   3.1900000000000000e+02
   3.1900000000000000e+02
   3.1900000000000000e+02
   3.1900000000000000e+02
   3.2000000000000000e+02
   3.2000000000000000e+02
   3.2000000000000000e+02
   3.2000000000000000e+02
   3.2000000000000000e+02
   3.2000000000000000e+02
   3.2000000000000000e+02
   3.2000000000000000e+02
   3.2000000000000000e+02
   3.2000000000000000e+02
   3.2000000000000000e+02
   3.2000000000000000e+02
   3.2000000000000000e+02
   3.2000000000000000e+02
   3.2000000000000000e+02
   3.2000000000000000e+02
   3.2000000000000000e+02
   3.2000000000000000e+02
   3.2000000000000000e+02
   3.2000000000000000e+02
   3.2000000000000000e+02
   3.2000000000000000e+02
   3.2000000000000000e+02
   3.2000000000000000e+02
   3.2000000000000000e+02
   3.2000000000000000e+02
   3.2000000000000000e+02
   3.2000000000000000e+02
   3.2000000000000000e+02
   3.2000000000000000e+02
   3.2000000000000000e+02
   3.2000000000000000e+02
   3.2000000000000000e+02
   3.2000000000000000e+02
   3.2000000000000000e+02
   3.2000000000000000e+02
   3.2000000000000000e+02
   3.2000000000000000e+02
   3.2000000000000000e+02
   3.2000000000000000e+02
   3.2000000000000000e+02
   3.2000000000000000e+02
   3.2000000000000000e+02
   3.2000000000000000e+02
   3.2000000000000000e+02
   3.2000000000000000e+02
   3.2000000000000000e+02
   3.2000000000000000e+02
   3.2000000000000000e+02
   3.2000000000000000e+02
   3.2000000000000000e+02
   3.2000000000000000e+02
   3.2000000000000000e+02
   3.2000000000000000e+02
   3.2000000000000000e+02
   3.2000000000000000e+02
   3.2000000000000000e+02
   3.2000000000000000e+02
   3.2000000000000000e+02
   3.2000000000000000e+02
   3.2000000000000000e+02
   3.2000000000000000e+02
   3.2000000000000000e+02
   3.2000000000000000e+02
   3.2100000000000000e+02
   3.2100000000000000e+02
   3.2100000000000000e+02
   3.2100000000000000e+02
   3.2100000000000000e+02
   3.2100000000000000e+02
   3.2100000000000000e+02
   3.2100000000000000e+02
   3.2100000000000000e+02
   3.2100000000000000e+02
   3.2100000000000000e+02
   3.2100000000000000e+02
   3.2100000000000000e+02
   3.2100000000000000e+02
   3.2100000000000000e+02
   3.2100000000000000e+02
   3.2100000000000000e+02
   3.2100000000000000e+02
   3.2100000000000000e+02
   3.2100000000000000e+02
   3.2100000000000000e+02
   3.2100000000000000e+02
   3.2100000000000000e+02
   3.2100000000000000e+02
   3.2100000000000000e+02
   3.2100000000000000e+02
   3.2100000000000000e+02
   3.2100000000000000e+02
   3.2100000000000000e+02
   3.2100000000000000e+02
   3.2100000000000000e+02
   3.2100000000000000e+02
   3.2100000000000000e+02
   3.2100000000000000e+02
   3.2100000000000000e+02
   3.2100000000000000e+02
   3.2100000000000000e+02
   3.2100000000000000e+02
   3.2100000000000000e+02
   3.2100000000000000e+02
   3.2100000000000000e+02
   3.2100000000000000e+02
   3.2100000000000000e+02
   3.2100000000000000e+02
   3.2100000000000000e+02
   3.2100000000000000e+02
   3.2100000000000000e+02
   3.2100000000000000e+02
   3.2100000000000000e+02
   3.2100000000000000e+02
   3.2100000000000000e+02
   3.2100000000000000e+02
   3.2100000000000000e+02
   3.2100000000000000e+02
   3.2100000000000000e+02
   3.2100000000000000e+02
   3.2100000000000000e+02
   3.2100000000000000e+02
   3.2100000000000000e+02
   3.2200000000000000e+02
   3.2200000000000000e+02
   3.2200000000000000e+02
   3.2200000000000000e+02
   3.2200000000000000e+02
   3.2200000000000000e+02
   3.2200000000000000e+02
   3.2200000000000000e+02
   3.2200000000000000e+02
   3.2200000000000000e+02
   3.2200000000000000e+02
   3.2200000000000000e+02
   3.2200000000000000e+02
   3.2200000000000000e+02
   3.2200000000000000e+02
   3.2200000000000000e+02
   3.2200000000000000e+02
   3.2200000000000000e+02
   3.2200000000000000e+02
   3.2200000000000000e+02
   3.2200000000000000e+02
   3.2200000000000000e+02
   3.2200000000000000e+02
   3.2200000000000000e+02
   3.2200000000000000e+02
   3.2200000000000000e+02
   3.2200000000000000e+02
   3.2200000000000000e+02
   3.2200000000000000e+02
   3.2200000000000000e+02
   3.2200000000000000e+02
   3.2200000000000000e+02
   3.2200000000000000e+02
   3.2200000000000000e+02
   3.2200000000000000e+02
   3.2200000000000000e+02
   3.2200000000000000e+02
   3.2200000000000000e+02
   3.2200000000000000e+02
   3.2200000000000000e+02
   3.2200000000000000e+02
   3.2200000000000000e+02
   3.2200000000000000e+02
   3.2200000000000000e+02
   3.2200000000000000e+02
   3.2200000000000000e+02
   3.2200000000000000e+02
   3.2200000000000000e+02
   3.2200000000000000e+02
   3.2200000000000000e+02
   3.2200000000000000e+02
   3.2200000000000000e+02
   3.2200000000000000e+02
   3.2200000000000000e+02
   3.2200000000000000e+02
   3.2200000000000000e+02
   3.2200000000000000e+02
   3.2300000000000000e+02
   3.2300000000000000e+02
   3.2300000000000000e+02
   3.2300000000000000e+02
   3.2300000000000000e+02
   3.2300000000000000e+02
   3.2300000000000000e+02
   3.2300000000000000e+02
   3.2300000000000000e+02
   3.2300000000000000e+02
   3.2300000000000000e+02
   3.2300000000000000e+02
   3.2300000000000000e+02
   3.2300000000000000e+02
   3.2300000000000000e+02
   3.2300000000000000e+02
   3.2300000000000000e+02
   3.2300000000000000e+02
   3.2300000000000000e+02
   3.2300000000000000e+02
   3.2300000000000000e+02
   3.2300000000000000e+02
   3.2300000000000000e+02
   3.2300000000000000e+02
   3.2300000000000000e+02
   3.2300000000000000e+02
   3.2300000000000000e+02
   3.2300000000000000e+02
   3.2300000000000000e+02
   3.2300000000000000e+02
   3.2300000000000000e+02
   3.2300000000000000e+02
   3.2300000000000000e+02
   3.2300000000000000e+02
   3.2300000000000000e+02
   3.2300000000000000e+02
   3.2300000000000000e+02
   3.2300000000000000e+02
   3.2300000000000000e+02
   3.2300000000000000e+02
   3.2300000000000000e+02
   3.2300000000000000e+02
   3.2300000000000000e+02
   3.2300000000000000e+02
   3.2300000000000000e+02
   3.2300000000000000e+02
   3.2300000000000000e+02
   3.2300000000000000e+02
   3.2300000000000000e+02
   3.2300000000000000e+02
   3.2300000000000000e+02
   3.2300000000000000e+02
   3.2300000000000000e+02
   3.2300000000000000e+02
   3.2300000000000000e+02
   3.2300000000000000e+02
   3.2300000000000000e+02
   3.2400000000000000e+02
   3.2400000000000000e+02
   3.2400000000000000e+02
   3.2400000000000000e+02
   3.2400000000000000e+02
   3.2400000000000000e+02
   3.2400000000000000e+02
   3.2400000000000000e+02
   3.2400000000000000e+02
   3.2400000000000000e+02
   3.2400000000000000e+02
   3.2400000000000000e+02
   3.2400000000000000e+02
   3.2400000000000000e+02
   3.2400000000000000e+02
   3.2400000000000000e+02
   3.2400000000000000e+02
   3.2400000000000000e+02
   3.2400000000000000e+02
   3.2400000000000000e+02
   3.2400000000000000e+02
   3.2400000000000000e+02
   3.2400000000000000e+02
   3.2400000000000000e+02
   3.2400000000000000e+02
   3.2400000000000000e+02
   3.2400000000000000e+02
   3.2400000000000000e+02
   3.2400000000000000e+02
   3.2400000000000000e+02
   3.2400000000000000e+02
   3.2400000000000000e+02
   3.2400000000000000e+02
   3.2400000000000000e+02
   3.2400000000000000e+02
   3.2400000000000000e+02
   3.2400000000000000e+02
   3.2400000000000000e+02
   3.2400000000000000e+02
   3.2400000000000000e+02
   3.2400000000000000e+02
   3.2400000000000000e+02
   3.2400000000000000e+02
   3.2400000000000000e+02
   3.2400000000000000e+02
   3.2400000000000000e+02
   3.2400000000000000e+02
   3.2400000000000000e+02
   3.2400000000000000e+02
   3.2400000000000000e+02
   3.2400000000000000e+02
   3.2400000000000000e+02
   3.2400000000000000e+02
   3.2400000000000000e+02
   3.2400000000000000e+02
   3.2400000000000000e+02
   3.2500000000000000e+02
   3.2500000000000000e+02
   3.2500000000000000e+02
   3.2500000000000000e+02
   3.2500000000000000e+02
   3.2500000000000000e+02
   3.2500000000000000e+02
   3.2500000000000000e+02
   3.2500000000000000e+02
   3.2500000000000000e+02
   3.2500000000000000e+02
   3.2500000000000000e+02
   3.2500000000000000e+02
   3.2500000000000000e+02
   3.2500000000000000e+02
   3.2500000000000000e+02
   3.2500000000000000e+02
   3.2500000000000000e+02
   3.2500000000000000e+02
   3.2500000000000000e+02
   3.2500000000000000e+02
   3.2500000000000000e+02
   3.2500000000000000e+02
   3.2500000000000000e+02
   3.2500000000000000e+02
   3.2500000000000000e+02
   3.2500000000000000e+02
   3.2500000000000000e+02
   3.2500000000000000e+02
   3.2500000000000000e+02
   3.2500000000000000e+02
   3.2500000000000000e+02
   3.2500000000000000e+02
   3.2500000000000000e+02
   3.2500000000000000e+02
   3.2500000000000000e+02
   3.2500000000000000e+02
   3.2500000000000000e+02
   3.2500000000000000e+02
   3.2500000000000000e+02
   3.2500000000000000e+02
   3.2500000000000000e+02
   3.2500000000000000e+02
   3.2500000000000000e+02
   3.2500000000000000e+02
   3.2500000000000000e+02
   3.2500000000000000e+02
   3.2500000000000000e+02
   3.2500000000000000e+02
   3.2500000000000000e+02
   3.2500000000000000e+02
   3.2500000000000000e+02
   3.2500000000000000e+02
   3.2500000000000000e+02
   3.2500000000000000e+02
   3.2500000000000000e+02
   3.2600000000000000e+02
   3.2600000000000000e+02
   3.2600000000000000e+02
   3.2600000000000000e+02
   3.2600000000000000e+02
   3.2600000000000000e+02
   3.2600000000000000e+02
   3.2600000000000000e+02
   3.2600000000000000e+02
   3.2600000000000000e+02
   3.2600000000000000e+02
   3.2600000000000000e+02
   3.2600000000000000e+02
   3.2600000000000000e+02
   3.2600000000000000e+02
   3.2600000000000000e+02
   1.0000000000000000e+03
