   9.0146246358907722e-02  -2.3578788585817589e-01   0.0000000000000000e+00   0.0000000000000000e+00
   9.0146246358907708e-02  -2.3578788585817587e-01  -4.9449466989470009e-09   1.4433756729740646e-08
   9.0146246358907639e-02  -2.3578788585817564e-01  -1.4834840096840999e-08   4.3301270189221924e-08
   9.0146246358907264e-02  -2.3578788585817453e-01  -3.4614626892628945e-08   1.0103629710818434e-07
   9.0146246358905585e-02  -2.3578788585816965e-01  -7.4174200484204396e-08   2.1650635094610766e-07
   9.0146246358898591e-02  -2.3578788585814922e-01  -1.5329334766735125e-07   4.4744645862194322e-07
   9.0146246358869975e-02  -2.3578788585806570e-01  -3.1153164203361240e-07   9.0932667397352070e-07
   9.0146246358754303e-02  -2.3578788585772809e-01  -6.2800823076587052e-07   1.8330871046759161e-06
   9.0146246358289203e-02  -2.3578788585637050e-01  -1.2609614082282581e-06   3.6806079660745883e-06
   9.0146246356423917e-02  -2.3578788585092594e-01  -2.5268677631359483e-06   7.3756496888228196e-06
   9.0146246348953046e-02  -2.3578788582911930e-01  -5.0586804728144169e-06   1.4765733133925714e-05
   9.0146246319050091e-02  -2.3578788574183587e-01  -1.0122305891075150e-05   2.9545900020980350e-05
   9.0146246199399316e-02  -2.3578788539258838e-01  -2.0249556718823299e-05   5.9106233769869774e-05
   9.0146245720718277e-02  -2.3578788399537098e-01  -4.0504058304118373e-05   1.1822690106584767e-04
   9.0146243805838300e-02  -2.3578787840604648e-01  -8.1013060913039917e-05   2.3646823404322684e-04
   9.0146236146006864e-02  -2.3578785604783914e-01  -1.6203106163729928e-04   4.7295088708069658e-04
   9.0146205506060173e-02  -2.3578776661319717e-01  -3.2406702713620944e-04   9.4591608981462838e-04
   9.0146154439075393e-02  -2.3578761755427233e-01  -4.8610291046370045e-04   1.4188810563379971e-03
   9.0146082945065473e-02  -2.3578740887110183e-01  -6.4813867053346375e-04   1.8918456685437944e-03
   9.0145991024048550e-02  -2.3578714056373778e-01  -8.1017426625922342e-04   2.3648098083251007e-03
   9.0145745901092075e-02  -2.3578642507671194e-01  -1.1342448003338582e-03   3.3107361981871853e-03
   9.0145010532467582e-02  -2.3578427861628326e-01  -1.7823820885651126e-03   5.2025781121297103e-03
   9.0143948336185303e-02  -2.3578117818156241e-01  -2.4305121456610827e-03   7.0943992393911956e-03
   9.0142559316554585e-02  -2.3577712378493704e-01  -3.0786323421560955e-03   8.9861920212804605e-03
   9.0140843479210683e-02  -2.3577211544260629e-01  -3.7267400486263522e-03   1.0877948899219768e-02
   9.0138800831114751e-02  -2.3576615317458080e-01  -4.3748326357010928e-03   1.2769662314775079e-02
   9.0133735137140764e-02  -2.3575136696054483e-01  -5.6709619345131747e-03   1.6552928525897497e-02
   9.0119682473626117e-02  -2.3571034872765226e-01  -8.2629234155777130e-03   2.4118606851464840e-02
   9.0100402238190519e-02  -2.3565407170843178e-01  -1.0854348538403150e-02   3.1682743347018011e-02
   9.0075895682339424e-02  -2.3558253950050373e-01  -1.3445069092484482e-02   3.9244854460322574e-02
   9.0046164396818923e-02  -2.3549575667670608e-01  -1.6034916915186190e-02   4.6804456768837946e-02
   9.0011210311507620e-02  -2.3539372878480161e-01  -1.8623723903166436e-02   5.4361067010672899e-02
   8.9971035695285528e-02  -2.3527646234712260e-01  -2.1211322023796522e-02   6.1914202115530788e-02
   8.9875035639688378e-02  -2.3499624479404940e-01  -2.6382219954533603e-02   7.7008115776683553e-02
   8.9758189154663312e-02  -2.3465517567010535e-01  -3.1546268294186733e-02   9.2082338196886118e-02
   8.9620526576611348e-02  -2.3425334218780752e-01  -3.6702126490683600e-02   1.0713301486427231e-01
   8.9462083645456186e-02  -2.3379084709723350e-01  -4.1848456217148430e-02   1.2215629729776245e-01
   8.9282901494934452e-02  -2.3326780865970390e-01  -4.6983921735253675e-02   1.3714834403275022e-01
   8.9083026641421731e-02  -2.3268436061749223e-01  -5.2107190257750235e-02   1.5210532160498041e-01
   8.8862510971298048e-02  -2.3204065215956979e-01  -5.7216932310061662e-02   1.6702340553236397e-01
   8.8359791490760800e-02  -2.3057312775275313e-01  -6.7390537831285027e-02   1.9672764530949105e-01
   8.7775264972722505e-02  -2.2886673633438337e-01  -7.7494182426419742e-02   2.2623068430547941e-01
   8.7109538204246897e-02  -2.2692322309182011e-01  -8.7517386169515404e-02   2.5550234957502760e-01
   8.6363302181500873e-02  -2.2474457571686893e-01  -9.7449756420313616e-02   2.8451270519202876e-01
   8.5537331360143395e-02  -2.2233302236960903e-01  -1.0728099905309330e-01   3.1323208291102217e-01
   8.4632482815610408e-02  -2.1969102939593177e-01  -1.1700092956122961e-01   3.4163111255266065e-01
   8.3649695314354233e-02  -2.1682129880114331e-01  -1.2659948402370030e-01   3.6968075208188900e-01
   8.2589988297205999e-02  -2.1372676548223599e-01  -1.3606672992002478e-01   3.9735231734785681e-01
   8.1454460776137300e-02  -2.1041059422168076e-01  -1.4539287678039756e-01   4.2461751145494792e-01
   8.0244290145804115e-02  -2.0687617644584069e-01  -1.5456828665807065e-01   4.5144845373468229e-01
   7.7605113334102069e-02  -1.9916727920299640e-01  -1.7242916778306713e-01   5.0369831207350901e-01
   7.4987944619797200e-02  -1.9152140443176974e-01  -1.8789523472005815e-01   5.4896786645417495e-01
   7.2150682527457530e-02  -1.8323112216643497e-01  -2.0273106067640906e-01   5.9241883647761351e-01
   6.9102841230738649e-02  -1.7432389563823497e-01  -2.1688725649838606e-01   6.3390731870655814e-01
   6.5854635215650437e-02  -1.6482923123725268e-01  -2.3031679441182953e-01   6.7329591925353427e-01
   6.2416943830368388e-02  -1.5477858064413835e-01  -2.4297516571220898e-01   7.1045420893229316e-01
   5.8801273615871785e-02  -1.4420523651861669e-01  -2.5482052860315202e-01   7.4525915519461339e-01
   5.5019718564123250e-02  -1.3314422209239044e-01  -2.6581384569007604e-01   7.7759552942157129e-01
   5.1084918457280054e-02  -1.2163217503425267e-01  -2.7591901069024005e-01   8.0735628822203764e-01
   4.7010015447390086e-02  -1.0970722597414058e-01  -2.8510296397638890e-01   8.3444292747926907e-01
   4.2808609041177344e-02  -9.7408872090490969e-02  -2.9333579662769099e-01   8.5876580797865754e-01
   3.8494709658847846e-02  -8.4777846181509006e-02  -3.0059084271845526e-01   8.8024445154571973e-01
   3.4082690939346502e-02  -7.1855981655795348e-02  -3.0684475963168767e-01   8.9880780672285254e-01
   2.9587240967188823e-02  -5.8686073891149375e-02  -3.1207759624050074e-01   9.1439448311591320e-01
   2.5023312597859969e-02  -4.5311738422216565e-02  -3.1627284885533119e-01   9.2695295364697317e-01
   2.0406073059873145e-02  -3.1777266427965592e-02  -3.1941750488845760e-01   9.3644172405721182e-01
   1.5750853011901822e-02  -1.8127477998711349e-02  -3.2150207423912280e-01   9.4282946911354992e-01
   1.1073095232989131e-02  -4.4075736695298948e-03  -3.2252060845232533e-01   9.4609513508384080e-01
   6.3883031227193812e-03   9.3370152875834073e-03  -3.2247070775180159e-01   9.4622800815792008e-01
   1.7119891864475962e-03   2.3060777316598332e-02  -3.2135351609260987e-01   9.4322774860509251e-01
  -2.9403763217379373e-03   3.6718271276944561e-02  -3.1917370442088944e-01   9.3710439057243633e-01
  -7.5534164286586141e-03   5.0264276890626264e-02  -3.1593944236761112e-01   9.2787830754214140e-01
  -1.2111897978192020e-02   6.3653944439051230e-02  -3.1166235863937419e-01   9.1558014357967399e-01
  -1.6600781511886240e-02   7.6842943214409307e-02  -3.0635749040244215e-01   9.0025071061745454e-01
  -2.1005270336527809e-02   8.9787608234796798e-02  -3.0004322198622096e-01   8.8194085213059903e-01
  -2.5310858626087045e-02   1.0244508473827058e-01  -2.9274121325926683e-01   8.6071127367174838e-01
  -2.9503378410767344e-02   1.1477346997858552e-01  -2.8447631805469764e-01   8.3663234084071669e-01
  -3.3569045311513737e-02   1.2673195185451064e-01  -2.7527649304265661e-01   8.0978384537132397e-01
  -3.7494502884243247e-02   1.3828094391528592e-01  -2.6517269746532163e-01   7.8025474012195184e-01
  -4.1266865444206768e-02   1.4938221629694629e-01  -2.5419878416502167e-01   7.4814284385780327e-01
  -4.4873759247238271e-02   1.5999902215785253e-01  -2.4239138234844512e-01   7.1355451681118631e-01
  -4.8303361911155598e-02   1.7009621919678630e-01  -2.2978977253990190e-01   6.7660430810112815e-01
  -5.1544439967214355e-02   1.7964038585333908e-01  -2.1643575418431055e-01   6.3741457618492214e-01
  -5.4586384438249404e-02   1.8859993180799101e-01  -2.0237350636624593e-01   5.9611508360157450e-01
  -5.7419244346941657e-02   1.9694520241818558e-01  -1.8764944211521642e-01   5.5284256735026105e-01
  -6.0033758064492980e-02   2.0464857674678583e-01  -1.7231205676957151e-01   5.0774028632559187e-01
  -6.2421382416861439e-02   2.1168455886049134e-01  -1.5641177087231051e-01   4.6095754730547628e-01
  -6.4574319472580521e-02   2.1802986209802422e-01  -1.4000076807178849e-01   4.1264921105645169e-01
  -6.6485540943048496e-02   2.2366348603109037e-01  -1.2313282849914760e-01   3.6297518018530911e-01
  -6.8148810133012605e-02   2.2856678586520865e-01  -1.0586315809243386e-01   3.1209987042448800e-01
  -6.9558701385782101e-02   2.3272353405240062e-01  -8.8248214335039446e-02   2.6019166709190628e-01
  -7.0710616974476531e-02   2.3611997391336498e-01  -7.0345528873497820e-02   2.0742236851342002e-01
  -7.1600801397349298e-02   2.3874486509303974e-01  -5.2213527476978487e-02   1.5396661823789901e-01
  -7.2226353041922681e-02   2.4058952070030071e-01  -3.3911347798209077e-02   1.0000132791077850e-01
  -7.2585233189328247e-02   2.4164783600986423e-01  -1.5498655393169301e-02   4.5705092701851281e-02
  -7.2679727696861957e-02   2.4192649845000444e-01   8.9975769890227042e-15   7.2164496600635175e-16
