   6.8024389337134565e-05  -1.9998037028771728e-04   0.0000000000000000e+00   0.0000000000000000e+00   1.5857021281199633e+00   3.5027662096337955e-07
   1.3604877867426913e-04  -3.9992149375448117e-04   0.0000000000000000e+00   0.0000000000000000e+00   1.5857021278545969e+00   1.4008608759872559e-06
   2.0407316801140371e-04  -5.9982338928755172e-04   0.0000000000000000e+00   0.0000000000000000e+00   1.5857021271184168e+00   3.1513845796702911e-06
   2.7209755734853831e-04  -7.9968607575205532e-04   0.0000000000000000e+00   0.0000000000000000e+00   1.5857021262442104e+00   5.6014798481143133e-06
   3.4012194668567292e-04  -9.9950957198824625e-04   0.0000000000000000e+00   0.0000000000000000e+00   1.5857021251273065e+00   8.7507790984303990e-06
   4.0814633602280753e-04  -1.1992938968154641e-03   0.0000000000000000e+00   0.0000000000000000e+00   1.5857021237609563e+00   1.2598915048319736e-05
   4.7617072535994213e-04  -1.3990390690281085e-03   0.0000000000000000e+00   0.0000000000000000e+00   1.5857021221498644e+00   1.7145520715553849e-05
   5.4419511469707674e-04  -1.5987451073981077e-03   0.0000000000000000e+00   0.0000000000000000e+00   1.5857021202909662e+00   2.2390229417542327e-05
   6.1221950403421129e-04  -1.7984120306755345e-03   0.0000000000000000e+00   0.0000000000000000e+00   1.5857021181836610e+00   2.8332674770894941e-05
   6.8024389337134584e-04  -1.9980398575842953e-03   0.0000000000000000e+00   0.0000000000000000e+00   1.5857021158330187e+00   3.4972490690840983e-05
   7.4826828270848039e-04  -2.1976286068289318e-03   0.0000000000000000e+00   0.0000000000000000e+00   1.5857021132317273e+00   4.2309311390951284e-05
   8.1629267204561494e-04  -2.3971782970904410e-03   0.0000000000000000e+00   0.0000000000000000e+00   1.5857021103852897e+00   5.0342771382574922e-05
   8.8431706138274949e-04  -2.5966889470242348e-03   0.0000000000000000e+00   0.0000000000000000e+00   1.5857021072916777e+00   5.9072505474284939e-05
   9.5234145071988404e-04  -2.7961605752663014e-03   0.0000000000000000e+00   0.0000000000000000e+00   1.5857021039516621e+00   6.8498148771645889e-05
   1.0203658400570186e-03  -2.9955932004277533e-03   0.0000000000000000e+00   0.0000000000000000e+00   1.5857021003655394e+00   7.8619336676551398e-05
   1.0883902293941533e-03  -3.1949868410976463e-03   0.0000000000000000e+00   0.0000000000000000e+00   1.5857020965329409e+00   8.9435704886874117e-05
   1.1564146187312879e-03  -3.3943415158422929e-03   0.0000000000000000e+00   0.0000000000000000e+00   1.5857020924542509e+00   1.0094688939598238e-04
   1.2244390080684226e-03  -3.5936572432057434e-03   0.0000000000000000e+00   0.0000000000000000e+00   1.5857020881290129e+00   1.1315252649230977e-04
   1.2924633974055572e-03  -3.7929340417068419e-03   0.0000000000000000e+00   0.0000000000000000e+00   1.5857020835580735e+00   1.2605225275873032e-04
   1.3604877867426919e-03  -3.9921719298472757e-03   0.0000000000000000e+00   0.0000000000000000e+00   1.5857020787406246e+00   1.3964570507256742e-04
   1.4285121760798266e-03  -4.1913709260985414e-03   0.0000000000000000e+00   0.0000000000000000e+00   1.5857020736788974e+00   1.5393252060436673e-04
   1.4965365654169612e-03  -4.3905310489167262e-03   0.0000000000000000e+00   0.0000000000000000e+00   1.5857020683714695e+00   1.6891233681834230e-04
   1.5645609547540959e-03  -4.5896523167329537e-03   0.0000000000000000e+00   0.0000000000000000e+00   1.5857020628179821e+00   1.8458479147134642e-04
   1.6325853440912305e-03  -4.7887347479531953e-03   0.0000000000000000e+00   0.0000000000000000e+00   1.5857020570184888e+00   2.0094952261236464e-04
   1.7006097334283652e-03  -4.9877783609652091e-03   0.0000000000000000e+00   0.0000000000000000e+00   1.5857020509746347e+00   2.1800616858256596e-04
   1.7686341227654999e-03  -5.1867831741325802e-03   0.0000000000000000e+00   0.0000000000000000e+00   1.5857020446857135e+00   2.3575436801443234e-04
   1.8366585121026345e-03  -5.3857492057943325e-03   0.0000000000000000e+00   0.0000000000000000e+00   1.5857020381515334e+00   2.5419375983124848e-04
   1.9046829014397692e-03  -5.5846764742703975e-03   0.0000000000000000e+00   0.0000000000000000e+00   1.5857020313729293e+00   2.7332398324709790e-04
   1.9727072907769041e-03  -5.7835649978559686e-03   0.0000000000000000e+00   0.0000000000000000e+00   1.5857020243496285e+00   2.9314467776595204e-04
   2.0407316801140389e-03  -5.9824147948284714e-03   0.0000000000000000e+00   0.0000000000000000e+00   1.5857020170816789e+00   3.1365548318184006e-04
   2.1087560694511738e-03  -6.1812258834366002e-03   0.0000000000000000e+00   0.0000000000000000e+00   1.5857020095693199e+00   3.3485603957740664e-04
   2.1767804587883087e-03  -6.3799982819101051e-03   0.0000000000000000e+00   0.0000000000000000e+00   1.5857020018126600e+00   3.5674598732434614e-04
   2.2448048481254436e-03  -6.5787320084601140e-03   0.0000000000000000e+00   0.0000000000000000e+00   1.5857019938116832e+00   3.7932496708304082e-04
   2.3128292374625784e-03  -6.7774270812686836e-03   0.0000000000000000e+00   0.0000000000000000e+00   1.5857019855667798e+00   4.0259261980105858e-04
   2.3808536267997133e-03  -6.9760835185003669e-03   0.0000000000000000e+00   0.0000000000000000e+00   1.5857019770779663e+00   4.2654858671386923e-04
   2.4488780161368482e-03  -7.1747013382965734e-03   0.0000000000000000e+00   0.0000000000000000e+00   1.5857019683453963e+00   4.5119250934383664e-04
   2.5169024054739831e-03  -7.3732805587768376e-03   0.0000000000000000e+00   0.0000000000000000e+00   1.5857019593692105e+00   4.7652402949990651e-04
   2.5849267948111179e-03  -7.5718211980375762e-03   0.0000000000000000e+00   0.0000000000000000e+00   1.5857019501491649e+00   5.0254278927701931e-04
   2.6529511841482528e-03  -7.7703232741554882e-03   0.0000000000000000e+00   0.0000000000000000e+00   1.5857019406858328e+00   5.2924843105606721e-04
   2.7209755734853877e-03  -7.9687868051869035e-03   0.0000000000000000e+00   0.0000000000000000e+00   1.5857019309792051e+00   5.5664059750340673e-04
   2.7889999628225226e-03  -8.1672118091569261e-03   0.0000000000000000e+00   0.0000000000000000e+00   1.5857019210294481e+00   5.8471893156905120e-04
   2.8570243521596574e-03  -8.3655983040807104e-03   0.0000000000000000e+00   0.0000000000000000e+00   1.5857019108366366e+00   6.1348307648888224e-04
   2.9250487414967923e-03  -8.5639463079441105e-03   0.0000000000000000e+00   0.0000000000000000e+00   1.5857019004013031e+00   6.4293267578179481e-04
   2.9930731308339272e-03  -8.7622558387167888e-03   0.0000000000000000e+00   0.0000000000000000e+00   1.5857018897227271e+00   6.7306737325094736e-04
   3.0610975201710621e-03  -8.9605269143400567e-03   0.0000000000000000e+00   0.0000000000000000e+00   1.5857018788010340e+00   7.0388681298170098e-04
   3.1291219095081970e-03  -9.1587595527366332e-03   0.0000000000000000e+00   0.0000000000000000e+00   1.5857018676372414e+00   7.3539063934248568e-04
   3.1971462988453318e-03  -9.3569537718079989e-03   0.0000000000000000e+00   0.0000000000000000e+00   1.5857018562311371e+00   7.6757849698402521e-04
   3.2651706881824667e-03  -9.5551095894355897e-03   0.0000000000000000e+00   0.0000000000000000e+00   1.5857018445826994e+00   8.0045003083908809e-04
   3.3331950775196016e-03  -9.7532270234765833e-03   0.0000000000000000e+00   0.0000000000000000e+00   1.5857018326919710e+00   8.3400488612143486e-04
   3.4012194668567365e-03  -9.9513060917675051e-03   0.0000000000000000e+00   0.0000000000000000e+00   1.5857018205592046e+00   8.6824270832590821e-04
   3.4692438561938713e-03  -1.0149346812120838e-02   0.0000000000000000e+00   0.0000000000000000e+00   1.5857018081841014e+00   9.0316314322747373e-04
   3.5372682455310062e-03  -1.0347349202336802e-02   0.0000000000000000e+00   0.0000000000000000e+00   1.5857017955674828e+00   9.3876583688266640e-04
   3.6052926348681411e-03  -1.0545313280179575e-02   0.0000000000000000e+00   0.0000000000000000e+00   1.5857017827092703e+00   9.7505043562536302e-04
   3.6733170242052760e-03  -1.0743239063405241e-02   0.0000000000000000e+00   0.0000000000000000e+00   1.5857017696094753e+00   1.0120165860708456e-03
   3.7413414135424108e-03  -1.0941126569743300e-02   0.0000000000000000e+00   0.0000000000000000e+00   1.5857017562681810e+00   1.0496639351123989e-03
   3.8093658028795457e-03  -1.1138975816895500e-02   0.0000000000000000e+00   0.0000000000000000e+00   1.5857017426855962e+00   1.0879921299206002e-03
   3.8773901922166806e-03  -1.1336786822554672e-02   0.0000000000000000e+00   0.0000000000000000e+00   1.5857017288617858e+00   1.1270008179461461e-03
   3.9454145815538150e-03  -1.1534559604383527e-02   0.0000000000000000e+00   0.0000000000000000e+00   1.5857017147967587e+00   1.1666896469157769e-03
   4.0134389708909495e-03  -1.1732294180029180e-02   0.0000000000000000e+00   0.0000000000000000e+00   1.5857017004908973e+00   1.2070582648343907e-03
   4.0814633602280839e-03  -1.1929990567107506e-02   0.0000000000000000e+00   0.0000000000000000e+00   1.5857016859442101e+00   1.2481063199817762e-03
   4.1494877495652184e-03  -1.2127648783228953e-02   0.0000000000000000e+00   0.0000000000000000e+00   1.5857016711567862e+00   1.2898334609169476e-03
   4.2175121389023528e-03  -1.2325268845967333e-02   0.0000000000000000e+00   0.0000000000000000e+00   1.5857016561287796e+00   1.3322393364719267e-03
   4.2855365282394873e-03  -1.2522850772884188e-02   0.0000000000000000e+00   0.0000000000000000e+00   1.5857016408602684e+00   1.3753235957558716e-03
   4.3535609175766217e-03  -1.2720394581515745e-02   0.0000000000000000e+00   0.0000000000000000e+00   1.5857016253514236e+00   1.4190858881521860e-03
   4.4215853069137561e-03  -1.2917900289385775e-02   0.0000000000000000e+00   0.0000000000000000e+00   1.5857016096023249e+00   1.4635258633206411e-03
   4.4896096962508906e-03  -1.3115367913981484e-02   0.0000000000000000e+00   0.0000000000000000e+00   1.5857015936131249e+00   1.5086431711921213e-03
   4.5576340855880250e-03  -1.3312797472785262e-02   0.0000000000000000e+00   0.0000000000000000e+00   1.5857015773839005e+00   1.5544374619746067e-03
   4.6256584749251595e-03  -1.3510188983248777e-02   0.0000000000000000e+00   0.0000000000000000e+00   1.5857015609148095e+00   1.6009083861475005e-03
   4.6936828642622939e-03  -1.3707542462805380e-02   0.0000000000000000e+00   0.0000000000000000e+00   1.5857015442059677e+00   1.6480555944637365e-03
   4.7617072535994284e-03  -1.3904857928870279e-02   0.0000000000000000e+00   0.0000000000000000e+00   1.5857015272574706e+00   1.6958787379494362e-03
   4.8297316429365628e-03  -1.4102135398827431e-02   0.0000000000000000e+00   0.0000000000000000e+00   1.5857015100695013e+00   1.7443774679006319e-03
   4.8977560322736972e-03  -1.4299374890055136e-02   0.0000000000000000e+00   0.0000000000000000e+00   1.5857014926421131e+00   1.7935514358884404e-03
   4.9657804216108317e-03  -1.4496576419903652e-02   0.0000000000000000e+00   0.0000000000000000e+00   1.5857014749754172e+00   1.8434002937537824e-03
   5.0338048109479661e-03  -1.4693740005694315e-02   0.0000000000000000e+00   0.0000000000000000e+00   1.5857014570696091e+00   1.8939236936066528e-03
   5.1018292002851006e-03  -1.4890865664743659e-02   0.0000000000000000e+00   0.0000000000000000e+00   1.5857014389247333e+00   1.9451212878312239e-03
   5.1698535896222350e-03  -1.5087953414336301e-02   0.0000000000000000e+00   0.0000000000000000e+00   1.5857014205409923e+00   1.9969927290792518e-03
   5.2378779789593695e-03  -1.5285003271740049e-02   0.0000000000000000e+00   0.0000000000000000e+00   1.5857014019184053e+00   2.0495376702731158e-03
   5.3059023682965039e-03  -1.5482015254204205e-02   0.0000000000000000e+00   0.0000000000000000e+00   1.5857013830571445e+00   2.1027557646050559e-03
   5.3739267576336383e-03  -1.5678989378948887e-02   0.0000000000000000e+00   0.0000000000000000e+00   1.5857013639573181e+00   2.1566466655341641e-03
   5.4419511469707728e-03  -1.5875925663179431e-02   0.0000000000000000e+00   0.0000000000000000e+00   1.5857013446190680e+00   2.2112100267894308e-03
   5.5099755363079072e-03  -1.6072824124089412e-02   0.0000000000000000e+00   0.0000000000000000e+00   1.5857013250424847e+00   2.2664455023701903e-03
   5.5779999256450417e-03  -1.6269684778838774e-02   0.0000000000000000e+00   0.0000000000000000e+00   1.5857013052274405e+00   2.3223527465402573e-03
   5.6460243149821761e-03  -1.6466507644561874e-02   0.0000000000000000e+00   0.0000000000000000e+00   1.5857012851747760e+00   2.3789314138293921e-03
   5.7140487043193106e-03  -1.6663292738391042e-02   0.0000000000000000e+00   0.0000000000000000e+00   1.5857012648839686e+00   2.4361811590389885e-03
   5.7820730936564450e-03  -1.6860040077431658e-02   0.0000000000000000e+00   0.0000000000000000e+00   1.5857012443552441e+00   2.4941016372353442e-03
   5.8500974829935794e-03  -1.7056749678765065e-02   0.0000000000000000e+00   0.0000000000000000e+00   1.5857012235888108e+00   2.5526925037499385e-03
   5.9181218723307139e-03  -1.7253421559448309e-02   0.0000000000000000e+00   0.0000000000000000e+00   1.5857012025847881e+00   2.6119534141788954e-03
   5.9861462616678483e-03  -1.7450055736531769e-02   0.0000000000000000e+00   0.0000000000000000e+00   1.5857011813432413e+00   2.6718840243873535e-03
   6.0541706510049828e-03  -1.7646652227029252e-02   0.0000000000000000e+00   0.0000000000000000e+00   1.5857011598643072e+00   2.7324839905009811e-03
   6.1221950403421172e-03  -1.7843211047945329e-02   0.0000000000000000e+00   0.0000000000000000e+00   1.5857011381481103e+00   2.7937529689129855e-03
   6.1902194296792517e-03  -1.8039732216258087e-02   0.0000000000000000e+00   0.0000000000000000e+00   1.5857011161947916e+00   2.8556906162789885e-03
   6.2582438190163861e-03  -1.8236215748938436e-02   0.0000000000000000e+00   0.0000000000000000e+00   1.5857010940044129e+00   2.9182965895220639e-03
   6.3262682083535205e-03  -1.8432661662917200e-02   0.0000000000000000e+00   0.0000000000000000e+00   1.5857010715771536e+00   2.9815705458230033e-03
   6.3942925976906550e-03  -1.8629069975115355e-02   0.0000000000000000e+00   0.0000000000000000e+00   1.5857010489130692e+00   3.0455121426284570e-03
   6.4623169870277894e-03  -1.8825440702442880e-02   0.0000000000000000e+00   0.0000000000000000e+00   1.5857010260125315e+00   3.1101210376503572e-03
   6.5303413763649239e-03  -1.9021773861768791e-02   0.0000000000000000e+00   0.0000000000000000e+00   1.5857010028752523e+00   3.1753968888566983e-03
   6.5983657657020583e-03  -1.9218069469965775e-02   0.0000000000000000e+00   0.0000000000000000e+00   1.5857009795012831e+00   3.2413393544842980e-03
   6.6663901550391928e-03  -1.9414327543865316e-02   0.0000000000000000e+00   0.0000000000000000e+00   1.5857009558911759e+00   3.3079480930250692e-03
   6.7344145443763272e-03  -1.9610548100287058e-02   0.0000000000000000e+00   0.0000000000000000e+00   1.5857009320448656e+00   3.3752227632343527e-03
   6.8024389337134616e-03  -1.9806731156039353e-02   0.0000000000000000e+00   0.0000000000000000e+00   1.5857009079624549e+00   3.4431630241308093e-03
