   6.7344145443763272e-03  -1.9610548100287058e-02   0.0000000000000000e+00   0.0000000000000000e+00   1.5857009320448656e+00   1.1773979359596938e-04
   6.8024389337134616e-03  -1.9806731156039353e-02   0.0000000000000000e+00   0.0000000000000000e+00   1.5857009079624549e+00   1.1773979359596938e-04
   6.8772657619843094e-03  -2.0022489224121871e-02   0.0000000000000000e+00   0.0000000000000000e+00   1.5857008811992668e+00   3.5186656617152735e-03
   6.9595752730822417e-03  -2.0259770740015788e-02   0.0000000000000000e+00   0.0000000000000000e+00   1.5857008514301434e+00   3.6026477423371011e-03
   7.0501157352899670e-03  -2.0520717087464061e-02   0.0000000000000000e+00   0.0000000000000000e+00   1.5857008182855115e+00   3.6961516398703442e-03
   7.1497102437184648e-03  -2.0807681498070284e-02   0.0000000000000000e+00   0.0000000000000000e+00   1.5857007813445285e+00   3.8003645656261792e-03
   7.2592642029898121e-03  -2.1123249758775511e-02   0.0000000000000000e+00   0.0000000000000000e+00   1.5857007401265704e+00   3.9166415023368061e-03
   7.3797735581882943e-03  -2.1470262891064310e-02   0.0000000000000000e+00   0.0000000000000000e+00   1.5857006940822298e+00   4.0465321812018203e-03
   7.5123338489066251e-03  -2.1851841978698525e-02   0.0000000000000000e+00   0.0000000000000000e+00   1.5857006425814184e+00   4.1918128655915807e-03
   7.6581501686967890e-03  -2.2271415334231957e-02   0.0000000000000000e+00   0.0000000000000000e+00   1.5857005849009629e+00   4.3545238541301771e-03
   7.8185481204659686e-03  -2.2732748208633167e-02   0.0000000000000000e+00   0.0000000000000000e+00   1.5857005202078041e+00   4.5370137943804602e-03
   7.9949858674120654e-03  -2.3239975262847330e-02   0.0000000000000000e+00   0.0000000000000000e+00   1.5857004475409886e+00   4.7419921118882456e-03
   8.1890673890527722e-03  -2.3797636034794935e-02   0.0000000000000000e+00   0.0000000000000000e+00   1.5857003657895683e+00   4.9725911146170833e-03
   8.4025570628575505e-03  -2.4410713650011347e-02   0.0000000000000000e+00   0.0000000000000000e+00   1.5857002736663348e+00   5.2324396378262902e-03
   8.6373957040428075e-03  -2.5084677038849899e-02   0.0000000000000000e+00   0.0000000000000000e+00   1.5857001696767841e+00   5.5257504587351326e-03
   8.8957182093465908e-03  -2.5825526936987579e-02   0.0000000000000000e+00   0.0000000000000000e+00   1.5857000520825297e+00   5.8574241447765501e-03
   9.1798729651807517e-03  -2.6639845959338333e-02   0.0000000000000000e+00   0.0000000000000000e+00   1.5856999188568210e+00   6.2331725172601396e-03
   9.4924431965983293e-03  -2.7534853048618951e-02   0.0000000000000000e+00   0.0000000000000000e+00   1.5856997676283173e+00   6.6596655286521259e-03
   9.8362704511576644e-03  -2.8518462609751147e-02   0.0000000000000000e+00   0.0000000000000000e+00   1.5856995956350279e+00   7.1447060849423732e-03
   1.0214480431172934e-02  -2.9599348647175661e-02   0.0000000000000000e+00   0.0000000000000000e+00   1.5856993996278566e+00   7.6974382146267019e-03
   1.0630511409189731e-02  -3.0787014225246837e-02   0.0000000000000000e+00   0.0000000000000000e+00   1.5856991757960013e+00   8.3285950175767121e-03
   1.1088145485008208e-02  -3.2091866568780034e-02   0.0000000000000000e+00   0.0000000000000000e+00   1.5856989196588205e+00   9.0507940471566059e-03
   1.1591542968408532e-02  -3.3525298112056699e-02   0.0000000000000000e+00   0.0000000000000000e+00   1.5856986259400285e+00   9.8788892197190746e-03
   1.2145280200148888e-02  -3.5099773786938675e-02   0.0000000000000000e+00   0.0000000000000000e+00   1.5856982884182897e+00   1.0830390042144934e-02
   1.2754391155063280e-02  -3.6828924813316219e-02   0.0000000000000000e+00   0.0000000000000000e+00   1.5856978997491871e+00   1.1925960941065770e-02
   1.3424413205469112e-02  -3.8727649214676564e-02   0.0000000000000000e+00   0.0000000000000000e+00   1.5856974512518307e+00   1.3190015811078558e-02
   1.4161437460915527e-02  -4.0812219225872297e-02   0.0000000000000000e+00   0.0000000000000000e+00   1.5856969326562376e+00   1.4651425622866605e-02
   1.4972164141906583e-02  -4.3100395685699934e-02   0.0000000000000000e+00   0.0000000000000000e+00   1.5856963318012391e+00   1.6344360098425048e-02
   1.5863963490996745e-02  -4.5611549409937849e-02   0.0000000000000000e+00   0.0000000000000000e+00   1.5856956342750683e+00   1.8309288125369045e-02
   1.6844942774995923e-02  -4.8366789416154250e-02   0.0000000000000000e+00   0.0000000000000000e+00   1.5856948229873187e+00   2.0594165802384913e-02
   1.7924019987395019e-02  -5.1389097715585225e-02   0.0000000000000000e+00   0.0000000000000000e+00   1.5856938776606071e+00   2.3255845839835816e-02
   1.9111004921034024e-02  -5.4703470192238285e-02   0.0000000000000000e+00   0.0000000000000000e+00   1.5856927742250602e+00   2.6361747533636175e-02
   2.0416688348036928e-02  -5.8337062849666541e-02   0.0000000000000000e+00   0.0000000000000000e+00   1.5856914841003282e+00   2.9991832729151242e-02
   2.1852940117740121e-02  -6.2319342411418240e-02   0.0000000000000000e+00   0.0000000000000000e+00   1.5856899733429173e+00   3.4240940117655397e-02
   2.3432817064413632e-02  -6.6682239903962673e-02   0.0000000000000000e+00   0.0000000000000000e+00   1.5856882016353655e+00   3.9221537858677914e-02
   2.5170681705754493e-02  -7.1460305417129957e-02   0.0000000000000000e+00   0.0000000000000000e+00   1.5856861210893161e+00   4.5066962850911552e-02
   2.7082332811229442e-02  -7.6690861714450984e-02   0.0000000000000000e+00   0.0000000000000000e+00   1.5856836748285295e+00   5.1935223879098283e-02
   2.9185149027251885e-02  -8.2414153733989692e-02   0.0000000000000000e+00   0.0000000000000000e+00   1.5856807953150174e+00   6.0013455151583822e-02
   3.1498246864876574e-02  -8.8673490260526691e-02   0.0000000000000000e+00   0.0000000000000000e+00   1.5856774023712792e+00   6.9523116106744887e-02
   3.4042654486263729e-02  -9.5515373129342787e-02   0.0000000000000000e+00   0.0000000000000000e+00   1.5856734008481814e+00   8.0726042325952707e-02
   3.6841502869789600e-02  -1.0298960820907672e-01   0.0000000000000000e+00   0.0000000000000000e+00   1.5856686778756184e+00   9.3931460250081145e-02
   3.9920236091668060e-02  -1.1114939105196635e-01   0.0000000000000000e+00   0.0000000000000000e+00   1.5856630996247629e+00   1.0950408413537016e-01
   4.3306842635734366e-02  -1.2005135843576903e-01   0.0000000000000000e+00   0.0000000000000000e+00   1.5856565074978597e+00   1.2787341587247278e-01
   4.7032109834207303e-02  -1.2975559496180647e-01   0.0000000000000000e+00   0.0000000000000000e+00   1.5856487136442581e+00   1.4954436490572892e-01
   5.1129903752527531e-02  -1.4032558130180270e-01   0.0000000000000000e+00   0.0000000000000000e+00   1.5856394956865194e+00   1.7510929371461703e-01
   5.5637477062679783e-02  -1.5182806744495486e-01   0.0000000000000000e+00   0.0000000000000000e+00   1.5856285905132710e+00   2.0526157025220731e-01
   6.0595807703847260e-02  -1.6433285015909904e-01   0.0000000000000000e+00   0.0000000000000000e+00   1.5856156869692817e+00   2.4081066693874936e-01
   6.6049971409131492e-02  -1.7791242854612399e-01   0.0000000000000000e+00   0.0000000000000000e+00   1.5856004172346720e+00   2.8269877875445670e-01
   7.2049551484944144e-02  -1.9264150461140553e-01   0.0000000000000000e+00   0.0000000000000000e+00   1.5855823466367858e+00   3.3201883015384426e-01
   7.8649089568338063e-02  -2.0859628657692991e-01   0.0000000000000000e+00   0.0000000000000000e+00   1.5855609615754442e+00   3.9003358722349168e-01
   8.5908581460071368e-02  -2.2585354039162248e-01   0.0000000000000000e+00   0.0000000000000000e+00   1.5855356551566511e+00   4.5819536700739405e-01
   9.3894022540978006e-02  -2.4448931829055312e-01   0.0000000000000000e+00   0.0000000000000000e+00   1.5855057100145731e+00   5.3816551079841324e-01
