6.2118807088509078e-06 -1.9999999999999998e-05 0.0000000000000000e+00 0.0000000000000000e+00 1.7713090775471181e+00 2.7534195376951533e-09
1.2423761417701816e-05 -4.0000000000000003e-05 0.0000000000000000e+00 0.0000000000000000e+00 1.7713088696859789e+00 1.1013679855319003e-08
1.8635642126552723e-05 -6.0000000000000015e-05 0.0000000000000000e+00 0.0000000000000000e+00 1.7713086618218106e+00 2.4780783509679129e-08
2.4847522835403628e-05 -8.0000000000000034e-05 0.0000000000000000e+00 0.0000000000000000e+00 1.7713084539600845e+00 4.4054733057583117e-08
3.1059403544254533e-05 -1.0000000000000009e-04 0.0000000000000000e+00 0.0000000000000000e+00 1.7713082460895826e+00 6.8835531055838584e-08
3.7271284253105438e-05 -1.2000000000000010e-04 0.0000000000000000e+00 0.0000000000000000e+00 1.7713080382191917e+00 9.9123180061253027e-08
4.3483164961956344e-05 -1.4000000000000012e-04 0.0000000000000000e+00 0.0000000000000000e+00 1.7713078303474223e+00 1.3491768263063408e-07
4.9695045670807249e-05 -1.6000000000000018e-04 0.0000000000000000e+00 0.0000000000000000e+00 1.7713076224741815e+00 1.7621904132078936e-07
5.5906926379658154e-05 -1.8000000000000028e-04 0.0000000000000000e+00 0.0000000000000000e+00 1.7713074146046033e+00 2.2302725868852657e-07
6.2118807088509066e-05 -2.0000000000000039e-04 0.0000000000000000e+00 0.0000000000000000e+00 1.7713072067364914e+00 2.7534233729065309e-07
6.8330687797359978e-05 -2.2000000000000050e-04 0.0000000000000000e+00 0.0000000000000000e+00 1.7713069988678303e+00 3.3316427968397652e-07
7.4542568506210890e-05 -2.4000000000000052e-04 0.0000000000000000e+00 0.0000000000000000e+00 1.7713067910014426e+00 3.9649308842530435e-07
8.0754449215061802e-05 -2.6000000000000052e-04 0.0000000000000000e+00 0.0000000000000000e+00 1.7713065831366082e+00 4.6532876607144413e-07
8.6966329923912714e-05 -2.8000000000000057e-04 0.0000000000000000e+00 0.0000000000000000e+00 1.7713063752675617e+00 5.3967131517920371e-07
9.3178210632763626e-05 -3.0000000000000073e-04 0.0000000000000000e+00 0.0000000000000000e+00 1.7713061674046200e+00 6.1952073830539086e-07
9.9390091341614538e-05 -3.2000000000000079e-04 0.0000000000000000e+00 0.0000000000000000e+00 1.7713059595376397e+00 7.0487703800681253e-07
1.0560197205046545e-04 -3.4000000000000078e-04 0.0000000000000000e+00 0.0000000000000000e+00 1.7713057516737662e+00 7.9574021684027642e-07
1.1181385275931636e-04 -3.6000000000000067e-04 0.0000000000000000e+00 0.0000000000000000e+00 1.7713055438115897e+00 8.9211027736258941e-07
1.1802573346816727e-04 -3.8000000000000067e-04 0.0000000000000000e+00 0.0000000000000000e+00 1.7713053359487805e+00 9.9398722213056076e-07
1.2423761417701819e-04 -4.0000000000000051e-04 0.0000000000000000e+00 0.0000000000000000e+00 1.7713051280853511e+00 1.1013710537009963e-06
1.3044949488586908e-04 -4.2000000000000018e-04 0.0000000000000000e+00 0.0000000000000000e+00 1.7713049202230464e+00 1.2142617746307033e-06
1.3666137559471998e-04 -4.3999999999999969e-04 0.0000000000000000e+00 0.0000000000000000e+00 1.7713047123620609e+00 1.3326593874764896e-06
1.4287325630357088e-04 -4.5999999999999931e-04 0.0000000000000000e+00 0.0000000000000000e+00 1.7713045045017553e+00 1.4565638947951643e-06
1.4908513701242178e-04 -4.7999999999999898e-04 0.0000000000000000e+00 0.0000000000000000e+00 1.7713042966422439e+00 1.5859752991435344e-06
1.5529701772127268e-04 -4.9999999999999871e-04 0.0000000000000000e+00 0.0000000000000000e+00 1.7713040887834799e+00 1.7208936030784078e-06
1.6150889843012358e-04 -5.1999999999999833e-04 0.0000000000000000e+00 0.0000000000000000e+00 1.7713038809253820e+00 1.8613188091565904e-06
1.6772077913897448e-04 -5.3999999999999773e-04 0.0000000000000000e+00 0.0000000000000000e+00 1.7713036730684102e+00 2.0072509199348899e-06
1.7393265984782537e-04 -5.5999999999999713e-04 0.0000000000000000e+00 0.0000000000000000e+00 1.7713034652120527e+00 2.1586899379701149e-06
1.8014454055667627e-04 -5.7999999999999675e-04 0.0000000000000000e+00 0.0000000000000000e+00 1.7713032573558487e+00 2.3156358658190740e-06
1.8635642126552717e-04 -5.9999999999999637e-04 0.0000000000000000e+00 0.0000000000000000e+00 1.7713030494998518e+00 2.4780887060385742e-06
1.9256830197437807e-04 -6.1999999999999588e-04 0.0000000000000000e+00 0.0000000000000000e+00 1.7713028416442531e+00 2.6460484611854220e-06
1.9878018268322897e-04 -6.3999999999999539e-04 0.0000000000000000e+00 0.0000000000000000e+00 1.7713026337898838e+00 2.8195151338164250e-06
2.0499206339207987e-04 -6.5999999999999512e-04 0.0000000000000000e+00 0.0000000000000000e+00 1.7713024259373202e+00 2.9984887264883934e-06
2.1120394410093076e-04 -6.7999999999999463e-04 0.0000000000000000e+00 0.0000000000000000e+00 1.7713022180844937e+00 3.1829692417581309e-06
2.1741582480978166e-04 -6.9999999999999425e-04 0.0000000000000000e+00 0.0000000000000000e+00 1.7713020102314423e+00 3.3729566821824483e-06
2.2362770551863256e-04 -7.1999999999999376e-04 0.0000000000000000e+00 0.0000000000000000e+00 1.7713018023798868e+00 3.5684510503181506e-06
2.2983958622748346e-04 -7.3999999999999327e-04 0.0000000000000000e+00 0.0000000000000000e+00 1.7713015945299568e+00 3.7694523487220461e-06
2.3605146693633436e-04 -7.5999999999999267e-04 0.0000000000000000e+00 0.0000000000000000e+00 1.7713013866791751e+00 3.9759605799509427e-06
2.4226334764518526e-04 -7.7999999999999175e-04 0.0000000000000000e+00 0.0000000000000000e+00 1.7713011788292243e+00 4.1879757465616441e-06
2.4847522835403616e-04 -7.9999999999999050e-04 0.0000000000000000e+00 0.0000000000000000e+00 1.7713009709813337e+00 4.4054978511109583e-06
2.5468710906288705e-04 -8.1999999999998925e-04 0.0000000000000000e+00 0.0000000000000000e+00 1.7713007631324837e+00 4.6285268961556956e-06
2.6089898977173795e-04 -8.3999999999998811e-04 0.0000000000000000e+00 0.0000000000000000e+00 1.7713005552848762e+00 4.8570628842526666e-06
2.6711087048058885e-04 -8.5999999999998729e-04 0.0000000000000000e+00 0.0000000000000000e+00 1.7713003474386941e+00 5.0911058179586800e-06
2.7332275118943975e-04 -8.7999999999998637e-04 0.0000000000000000e+00 0.0000000000000000e+00 1.7713001395916828e+00 5.3306556998305370e-06
2.7953463189829065e-04 -8.9999999999998577e-04 0.0000000000000000e+00 0.0000000000000000e+00 1.7712999317470508e+00 5.5757125324250530e-06
2.8574651260714155e-04 -9.1999999999998539e-04 0.0000000000000000e+00 0.0000000000000000e+00 1.7712997239017334e+00 5.8262763182990334e-06
2.9195839331599244e-04 -9.3999999999998490e-04 0.0000000000000000e+00 0.0000000000000000e+00 1.7712995160575637e+00 6.0823470600092820e-06
2.9817027402484334e-04 -9.5999999999998474e-04 0.0000000000000000e+00 0.0000000000000000e+00 1.7712993082144017e+00 6.3439247601126109e-06
3.0438215473369424e-04 -9.7999999999998457e-04 0.0000000000000000e+00 0.0000000000000000e+00 1.7712991003709835e+00 6.6110094211658246e-06
3.1059403544254514e-04 -9.9999999999998441e-04 0.0000000000000000e+00 0.0000000000000000e+00 1.7712988925296169e+00 6.8836010457257327e-06
3.1680591615139604e-04 -1.0199999999999842e-03 0.0000000000000000e+00 0.0000000000000000e+00 1.7712986846873811e+00 7.1616996363491389e-06
3.2301779686024694e-04 -1.0399999999999839e-03 0.0000000000000000e+00 0.0000000000000000e+00 1.7712984768473943e+00 7.4453051955928502e-06
3.2922967756909784e-04 -1.0599999999999835e-03 0.0000000000000000e+00 0.0000000000000000e+00 1.7712982690065189e+00 7.7344177260136755e-06
3.3544155827794873e-04 -1.0799999999999827e-03 0.0000000000000000e+00 0.0000000000000000e+00 1.7712980611678302e+00 8.0290372301684184e-06
3.4165343898679963e-04 -1.0999999999999816e-03 0.0000000000000000e+00 0.0000000000000000e+00 1.7712978533283250e+00 8.3291637106138885e-06
3.4786531969565053e-04 -1.1199999999999804e-03 0.0000000000000000e+00 0.0000000000000000e+00 1.7712976454909519e+00 8.6347971699068903e-06
3.5407720040450143e-04 -1.1399999999999794e-03 0.0000000000000000e+00 0.0000000000000000e+00 1.7712974376528268e+00 8.9459376106042437e-06
3.6028908111335233e-04 -1.1599999999999781e-03 0.0000000000000000e+00 0.0000000000000000e+00 1.7712972298167646e+00 9.2625850352627446e-06
3.6650096182220323e-04 -1.1799999999999766e-03 0.0000000000000000e+00 0.0000000000000000e+00 1.7712970219799933e+00 9.5847394464392010e-06
3.7271284253105413e-04 -1.1999999999999756e-03 0.0000000000000000e+00 0.0000000000000000e+00 1.7712968141452450e+00 9.9124008466904344e-06
3.7892472323990502e-04 -1.2199999999999744e-03 0.0000000000000000e+00 0.0000000000000000e+00 1.7712966063098616e+00 1.0245569238573237e-05
3.8513660394875592e-04 -1.2399999999999735e-03 0.0000000000000000e+00 0.0000000000000000e+00 1.7712963984763765e+00 1.0584244624644431e-05
3.9134848465760682e-04 -1.2599999999999727e-03 0.0000000000000000e+00 0.0000000000000000e+00 1.7712961906425613e+00 1.0928427007460814e-05
3.9756036536645772e-04 -1.2799999999999719e-03 0.0000000000000000e+00 0.0000000000000000e+00 1.7712959828101096e+00 1.1278116389579197e-05
4.0377224607530862e-04 -1.2999999999999709e-03 0.0000000000000000e+00 0.0000000000000000e+00 1.7712957749780933e+00 1.1633312773556382e-05
4.0998412678415952e-04 -1.3199999999999696e-03 0.0000000000000000e+00 0.0000000000000000e+00 1.7712955671464670e+00 1.1994016161949174e-05
4.1619600749301041e-04 -1.3399999999999680e-03 0.0000000000000000e+00 0.0000000000000000e+00 1.7712953593162393e+00 1.2360226557314379e-05
4.2240788820186131e-04 -1.3599999999999658e-03 0.0000000000000000e+00 0.0000000000000000e+00 1.7712951514856128e+00 1.2731943962208808e-05
4.2861976891071221e-04 -1.3799999999999642e-03 0.0000000000000000e+00 0.0000000000000000e+00 1.7712949436568142e+00 1.3109168379189278e-05
4.3483164961956311e-04 -1.3999999999999620e-03 0.0000000000000000e+00 0.0000000000000000e+00 1.7712947358277216e+00 1.3491899810812583e-05
4.4104353032841401e-04 -1.4199999999999597e-03 0.0000000000000000e+00 0.0000000000000000e+00 1.7712945279998842e+00 1.3880138259635536e-05
4.4725541103726491e-04 -1.4399999999999572e-03 0.0000000000000000e+00 0.0000000000000000e+00 1.7712943201727369e+00 1.4273883728214941e-05
4.5346729174611581e-04 -1.4599999999999542e-03 0.0000000000000000e+00 0.0000000000000000e+00 1.7712941123456343e+00 1.4673136219107603e-05
4.5967917245496670e-04 -1.4799999999999505e-03 0.0000000000000000e+00 0.0000000000000000e+00 1.7712939045201597e+00 1.5077895734870326e-05
4.6589105316381760e-04 -1.4999999999999471e-03 0.0000000000000000e+00 0.0000000000000000e+00 1.7712936966944248e+00 1.5488162278059932e-05
4.7210293387266850e-04 -1.5199999999999431e-03 0.0000000000000000e+00 0.0000000000000000e+00 1.7712934888699579e+00 1.5903935851233215e-05
4.7831481458151940e-04 -1.5399999999999390e-03 0.0000000000000000e+00 0.0000000000000000e+00 1.7712932810462221e+00 1.6325216456946995e-05
4.8452669529037030e-04 -1.5599999999999343e-03 0.0000000000000000e+00 0.0000000000000000e+00 1.7712930732224290e+00 1.6752004097758060e-05
4.9073857599922120e-04 -1.5799999999999291e-03 0.0000000000000000e+00 0.0000000000000000e+00 1.7712928654002422e+00 1.7184298776223224e-05
4.9695045670807209e-04 -1.5999999999999240e-03 0.0000000000000000e+00 0.0000000000000000e+00 1.7712926575781327e+00 1.7622100494899310e-05
5.0316233741692299e-04 -1.6199999999999188e-03 0.0000000000000000e+00 0.0000000000000000e+00 1.7712924497566518e+00 1.8065409256343120e-05
5.0937421812577389e-04 -1.6399999999999130e-03 0.0000000000000000e+00 0.0000000000000000e+00 1.7712922419364663e+00 1.8514225063111447e-05
5.1558609883462479e-04 -1.6599999999999074e-03 0.0000000000000000e+00 0.0000000000000000e+00 1.7712920341161416e+00 1.8968547917761122e-05
5.2179797954347569e-04 -1.6799999999999018e-03 0.0000000000000000e+00 0.0000000000000000e+00 1.7712918262969843e+00 1.9428377822848939e-05
5.2800986025232659e-04 -1.6999999999998969e-03 0.0000000000000000e+00 0.0000000000000000e+00 1.7712916184787002e+00 1.9893714780931730e-05
5.3422174096117749e-04 -1.7199999999998924e-03 0.0000000000000000e+00 0.0000000000000000e+00 1.7712914106603330e+00 2.0364558794566290e-05
5.4043362167002838e-04 -1.7399999999998883e-03 0.0000000000000000e+00 0.0000000000000000e+00 1.7712912028432990e+00 2.0840909866309429e-05
5.4664550237887928e-04 -1.7599999999998838e-03 0.0000000000000000e+00 0.0000000000000000e+00 1.7712909950269684e+00 2.1322767998717942e-05
5.5285738308773018e-04 -1.7799999999998789e-03 0.0000000000000000e+00 0.0000000000000000e+00 1.7712907872106067e+00 2.1810133194348627e-05
5.5906926379658108e-04 -1.7999999999998742e-03 0.0000000000000000e+00 0.0000000000000000e+00 1.7712905793956502e+00 2.2303005455758309e-05
5.6528114450543198e-04 -1.8199999999998701e-03 0.0000000000000000e+00 0.0000000000000000e+00 1.7712903715812782e+00 2.2801384785503808e-05
5.7149302521428288e-04 -1.8399999999998667e-03 0.0000000000000000e+00 0.0000000000000000e+00 1.7712901637669709e+00 2.3305271186141930e-05
5.7770490592313377e-04 -1.8599999999998639e-03 0.0000000000000000e+00 0.0000000000000000e+00 1.7712899559540010e+00 2.3814664660229483e-05
5.8391678663198467e-04 -1.8799999999998605e-03 0.0000000000000000e+00 0.0000000000000000e+00 1.7712897481416583e+00 2.4329565210323247e-05
5.9012866734083557e-04 -1.8999999999998567e-03 0.0000000000000000e+00 0.0000000000000000e+00 1.7712895403293765e+00 2.4849972838980033e-05
5.9634054804968647e-04 -1.9199999999998522e-03 0.0000000000000000e+00 0.0000000000000000e+00 1.7712893325184014e+00 2.5375887548756641e-05
6.0255242875853737e-04 -1.9399999999998474e-03 0.0000000000000000e+00 0.0000000000000000e+00 1.7712891247080977e+00 2.5907309342209889e-05
6.0876430946738827e-04 -1.9599999999998425e-03 0.0000000000000000e+00 0.0000000000000000e+00 1.7712889168978829e+00 2.6444238221896585e-05
6.1497619017623917e-04 -1.9799999999998382e-03 0.0000000000000000e+00 0.0000000000000000e+00 1.7712887090887919e+00 2.6986674190373561e-05
6.2118807088509006e-04 -1.9999999999998339e-03 0.0000000000000000e+00 0.0000000000000000e+00 1.7712885012805748e+00 2.7534617250197604e-05
