6.2118807088509078e-06 -1.9999999999999998e-05 0.0000000000000000e+00 0.0000000000000000e+00 1.7713089259719244e+00 2.7534198484182964e-09
1.2423761417701816e-05 -3.9999999999999996e-05 0.0000000000000000e+00 0.0000000000000000e+00 1.7713085665369317e+00 1.1013682341104145e-08
1.8635642126552723e-05 -5.9999999999999981e-05 0.0000000000000000e+00 0.0000000000000000e+00 1.7713082071002497e+00 2.4780791899203968e-08
2.4847522835403628e-05 -7.9999999999999979e-05 0.0000000000000000e+00 0.0000000000000000e+00 1.7713078476673516e+00 4.4054752943864225e-08
3.1059403544254533e-05 -1.0000000000000000e-04 0.0000000000000000e+00 0.0000000000000000e+00 1.7713074882270159e+00 6.8835569896231367e-08
3.7271284253105438e-05 -1.2000000000000000e-04 0.0000000000000000e+00 0.0000000000000000e+00 1.7713071287881326e+00 9.9123247177451791e-08
4.3483164961956344e-05 -1.3999999999999996e-04 0.0000000000000000e+00 0.0000000000000000e+00 1.7713067693492102e+00 1.3491778920867188e-07
4.9695045670807249e-05 -1.5999999999999988e-04 0.0000000000000000e+00 0.0000000000000000e+00 1.7713064099101576e+00 1.7621920041103805e-07
5.5906926379658154e-05 -1.7999999999999979e-04 0.0000000000000000e+00 0.0000000000000000e+00 1.7713060504761056e+00 2.2302748520569675e-07
6.2118807088509066e-05 -1.9999999999999977e-04 0.0000000000000000e+00 0.0000000000000000e+00 1.7713056910448610e+00 2.7534264801379467e-07
6.8330687797359978e-05 -2.1999999999999979e-04 0.0000000000000000e+00 0.0000000000000000e+00 1.7713053316144076e+00 3.3316469325647811e-07
7.4542568506210890e-05 -2.3999999999999984e-04 0.0000000000000000e+00 0.0000000000000000e+00 1.7713049721875678e+00 3.9649362535489367e-07
8.0754449215061802e-05 -2.5999999999999987e-04 0.0000000000000000e+00 0.0000000000000000e+00 1.7713046127636196e+00 4.6532944873018735e-07
8.6966329923912714e-05 -2.7999999999999998e-04 0.0000000000000000e+00 0.0000000000000000e+00 1.7713042533368002e+00 5.3967216780350629e-07
9.3178210632763626e-05 -3.0000000000000008e-04 0.0000000000000000e+00 0.0000000000000000e+00 1.7713038939174248e+00 6.1952178699599661e-07
9.9390091341614538e-05 -3.2000000000000019e-04 0.0000000000000000e+00 0.0000000000000000e+00 1.7713035344953516e+00 7.0487831072880441e-07
1.0560197205046545e-04 -3.4000000000000040e-04 0.0000000000000000e+00 0.0000000000000000e+00 1.7713031750777237e+00 7.9574174342307705e-07
1.1181385275931636e-04 -3.6000000000000051e-04 0.0000000000000000e+00 0.0000000000000000e+00 1.7713028156631330e+00 8.9211208949995973e-07
1.1802573346816727e-04 -3.8000000000000073e-04 0.0000000000000000e+00 0.0000000000000000e+00 1.7713024562492492e+00 9.9398935338059981e-07
1.2423761417701819e-04 -4.0000000000000105e-04 0.0000000000000000e+00 0.0000000000000000e+00 1.7713020968360857e+00 1.1013735394861444e-06
1.3044949488586908e-04 -4.2000000000000132e-04 0.0000000000000000e+00 0.0000000000000000e+00 1.7713017374253850e+00 1.2142646522377385e-06
1.3666137559471998e-04 -4.4000000000000153e-04 0.0000000000000000e+00 0.0000000000000000e+00 1.7713013780173430e+00 1.3326626960565286e-06
1.4287325630357088e-04 -4.6000000000000175e-04 0.0000000000000000e+00 0.0000000000000000e+00 1.7713010186113212e+00 1.4565676753636616e-06
1.4908513701242178e-04 -4.8000000000000186e-04 0.0000000000000000e+00 0.0000000000000000e+00 1.7713006592074330e+00 1.5859795945802832e-06
1.5529701772127268e-04 -5.0000000000000207e-04 0.0000000000000000e+00 0.0000000000000000e+00 1.7713002998056311e+00 1.7208984581275410e-06
1.6150889843012358e-04 -5.2000000000000223e-04 0.0000000000000000e+00 0.0000000000000000e+00 1.7712999404058354e+00 1.8613242704265811e-06
1.6772077913897448e-04 -5.4000000000000239e-04 0.0000000000000000e+00 0.0000000000000000e+00 1.7712995810085053e+00 2.0072570358985490e-06
1.7393265984782537e-04 -5.6000000000000266e-04 0.0000000000000000e+00 0.0000000000000000e+00 1.7712992216131280e+00 2.1586967589645931e-06
1.8014454055667627e-04 -5.8000000000000282e-04 0.0000000000000000e+00 0.0000000000000000e+00 1.7712988622192427e+00 2.3156434440458583e-06
1.8635642126552717e-04 -6.0000000000000309e-04 0.0000000000000000e+00 0.0000000000000000e+00 1.7712985028269044e+00 2.4780970955634914e-06
1.9256830197437807e-04 -6.2000000000000347e-04 0.0000000000000000e+00 0.0000000000000000e+00 1.7712981434363038e+00 2.6460577179386402e-06
1.9878018268322897e-04 -6.4000000000000363e-04 0.0000000000000000e+00 0.0000000000000000e+00 1.7712977840482729e+00 2.8195253155924482e-06
2.0499206339207987e-04 -6.6000000000000368e-04 0.0000000000000000e+00 0.0000000000000000e+00 1.7712974246633859e+00 2.9984998929460623e-06
2.1120394410093076e-04 -6.8000000000000395e-04 0.0000000000000000e+00 0.0000000000000000e+00 1.7712970652795734e+00 3.1829814544206316e-06
2.1741582480978166e-04 -7.0000000000000400e-04 0.0000000000000000e+00 0.0000000000000000e+00 1.7712967058968767e+00 3.3729700044372992e-06
2.2362770551863256e-04 -7.2000000000000384e-04 0.0000000000000000e+00 0.0000000000000000e+00 1.7712963465170155e+00 3.5684655474172106e-06
2.2983958622748346e-04 -7.4000000000000357e-04 0.0000000000000000e+00 0.0000000000000000e+00 1.7712959871401177e+00 3.7694680877815150e-06
2.3605146693633436e-04 -7.6000000000000329e-04 0.0000000000000000e+00 0.0000000000000000e+00 1.7712956277637066e+00 3.9759776299513584e-06
2.4226334764518526e-04 -7.8000000000000302e-04 0.0000000000000000e+00 0.0000000000000000e+00 1.7712952683894667e+00 4.1879941783478868e-06
2.4847522835403616e-04 -8.0000000000000242e-04 0.0000000000000000e+00 0.0000000000000000e+00 1.7712949090186252e+00 4.4055177373922439e-06
2.5468710906288705e-04 -8.2000000000000193e-04 0.0000000000000000e+00 0.0000000000000000e+00 1.7712945496481620e+00 4.6285483115055798e-06
2.6089898977173795e-04 -8.4000000000000134e-04 0.0000000000000000e+00 0.0000000000000000e+00 1.7712941902802832e+00 4.8570859051090407e-06
2.6711087048058885e-04 -8.6000000000000095e-04 0.0000000000000000e+00 0.0000000000000000e+00 1.7712938309151653e+00 5.0911305226237735e-06
2.7332275118943975e-04 -8.8000000000000047e-04 0.0000000000000000e+00 0.0000000000000000e+00 1.7712934715505582e+00 5.3306821684709234e-06
2.7953463189829065e-04 -8.9999999999999965e-04 0.0000000000000000e+00 0.0000000000000000e+00 1.7712931121896698e+00 5.5757408470716339e-06
2.8574651260714155e-04 -9.1999999999999916e-04 0.0000000000000000e+00 0.0000000000000000e+00 1.7712927528294320e+00 5.8263065628470595e-06
2.9195839331599244e-04 -9.3999999999999845e-04 0.0000000000000000e+00 0.0000000000000000e+00 1.7712923934716842e+00 6.0823793202183388e-06
2.9817027402484334e-04 -9.5999999999999764e-04 0.0000000000000000e+00 0.0000000000000000e+00 1.7712920341162797e+00 6.3439591236066194e-06
3.0438215473369424e-04 -9.7999999999999693e-04 0.0000000000000000e+00 0.0000000000000000e+00 1.7712916747619598e+00 6.6110459774330516e-06
3.1059403544254514e-04 -9.9999999999999568e-04 0.0000000000000000e+00 0.0000000000000000e+00 1.7712913154110284e+00 6.8836398861187715e-06
3.1680591615139604e-04 -1.0199999999999942e-03 0.0000000000000000e+00 0.0000000000000000e+00 1.7712909560605659e+00 7.1617408540849334e-06
3.2301779686024694e-04 -1.0399999999999932e-03 0.0000000000000000e+00 0.0000000000000000e+00 1.7712905967136916e+00 7.4453488857526886e-06
3.2922967756909784e-04 -1.0599999999999919e-03 0.0000000000000000e+00 0.0000000000000000e+00 1.7712902373672672e+00 7.7344639855431772e-06
3.3544155827794873e-04 -1.0799999999999905e-03 0.0000000000000000e+00 0.0000000000000000e+00 1.7712898780243675e+00 8.0290861578775418e-06
3.4165343898679963e-04 -1.0999999999999892e-03 0.0000000000000000e+00 0.0000000000000000e+00 1.7712895186819893e+00 8.3292154071769396e-06
3.4786531969565053e-04 -1.1199999999999880e-03 0.0000000000000000e+00 0.0000000000000000e+00 1.7712891593430822e+00 8.6348517378625098e-06
3.5407720040450143e-04 -1.1399999999999867e-03 0.0000000000000000e+00 0.0000000000000000e+00 1.7712888000047609e+00 8.9459951543554019e-06
3.6028908111335233e-04 -1.1599999999999853e-03 0.0000000000000000e+00 0.0000000000000000e+00 1.7712884406698413e+00 9.2626456610767585e-06
3.6650096182220323e-04 -1.1799999999999840e-03 0.0000000000000000e+00 0.0000000000000000e+00 1.7712880813355494e+00 9.5848032624477326e-06
3.7271284253105413e-04 -1.1999999999999828e-03 0.0000000000000000e+00 0.0000000000000000e+00 1.7712877220046193e+00 9.9124679628894668e-06
3.7892472323990502e-04 -1.2199999999999817e-03 0.0000000000000000e+00 0.0000000000000000e+00 1.7712873626743928e+00 1.0245639766823110e-05
3.8513660394875592e-04 -1.2399999999999805e-03 0.0000000000000000e+00 0.0000000000000000e+00 1.7712870033474013e+00 1.0584318678669803e-05
3.9134848465760682e-04 -1.2599999999999795e-03 0.0000000000000000e+00 0.0000000000000000e+00 1.7712866440214194e+00 1.0928504702850701e-05
3.9756036536645772e-04 -1.2799999999999789e-03 0.0000000000000000e+00 0.0000000000000000e+00 1.7712862846981365e+00 1.1278197843786951e-05
4.0377224607530862e-04 -1.2999999999999778e-03 0.0000000000000000e+00 0.0000000000000000e+00 1.7712859253766304e+00 1.1633398105899688e-05
4.0998412678415952e-04 -1.3199999999999772e-03 0.0000000000000000e+00 0.0000000000000000e+00 1.7712855660568485e+00 1.1994105493610069e-05
4.1619600749301041e-04 -1.3399999999999762e-03 0.0000000000000000e+00 0.0000000000000000e+00 1.7712852067398062e+00 1.2360320011339229e-05
4.2240788820186131e-04 -1.3599999999999756e-03 0.0000000000000000e+00 0.0000000000000000e+00 1.7712848474237004e+00 1.2732041663508328e-05
4.2861976891071221e-04 -1.3799999999999746e-03 0.0000000000000000e+00 0.0000000000000000e+00 1.7712844881107610e+00 1.3109270454538498e-05
4.3483164961956311e-04 -1.3999999999999731e-03 0.0000000000000000e+00 0.0000000000000000e+00 1.7712841287988668e+00 1.3492006388850883e-05
4.4104353032841401e-04 -1.4199999999999712e-03 0.0000000000000000e+00 0.0000000000000000e+00 1.7712837694895627e+00 1.3880249470866636e-05
4.4725541103726491e-04 -1.4399999999999689e-03 0.0000000000000000e+00 0.0000000000000000e+00 1.7712834101822899e+00 1.4273999705006894e-05
4.5346729174611581e-04 -1.4599999999999667e-03 0.0000000000000000e+00 0.0000000000000000e+00 1.7712830508763961e+00 1.4673257095692822e-05
4.5967917245496670e-04 -1.4799999999999642e-03 0.0000000000000000e+00 0.0000000000000000e+00 1.7712826915734692e+00 1.5078021647345549e-05
4.6589105316381760e-04 -1.4999999999999612e-03 0.0000000000000000e+00 0.0000000000000000e+00 1.7712823322716209e+00 1.5488293364386228e-05
4.7210293387266850e-04 -1.5199999999999587e-03 0.0000000000000000e+00 0.0000000000000000e+00 1.7712819729723750e+00 1.5904072251236016e-05
4.7831481458151940e-04 -1.5399999999999559e-03 0.0000000000000000e+00 0.0000000000000000e+00 1.7712816136752014e+00 1.6325358312316047e-05
4.8452669529037030e-04 -1.5599999999999531e-03 0.0000000000000000e+00 0.0000000000000000e+00 1.7712812543793046e+00 1.6752151552047470e-05
4.9073857599922120e-04 -1.5799999999999502e-03 0.0000000000000000e+00 0.0000000000000000e+00 1.7712808950863528e+00 1.7184451974851436e-05
4.9695045670807209e-04 -1.5999999999999478e-03 0.0000000000000000e+00 0.0000000000000000e+00 1.7712805357948176e+00 1.7622259585149100e-05
5.0316233741692299e-04 -1.6199999999999448e-03 0.0000000000000000e+00 0.0000000000000000e+00 1.7712801765052446e+00 1.8065574387361591e-05
5.0937421812577389e-04 -1.6399999999999423e-03 0.0000000000000000e+00 0.0000000000000000e+00 1.7712798172183062e+00 1.8514396385910067e-05
5.1558609883462479e-04 -1.6599999999999402e-03 0.0000000000000000e+00 0.0000000000000000e+00 1.7712794579325670e+00 1.8968725585215678e-05
5.2179797954347569e-04 -1.6799999999999378e-03 0.0000000000000000e+00 0.0000000000000000e+00 1.7712790986493294e+00 1.9428561989699563e-05
5.2800986025232659e-04 -1.6999999999999353e-03 0.0000000000000000e+00 0.0000000000000000e+00 1.7712787393683049e+00 1.9893905603782862e-05
5.3422174096117749e-04 -1.7199999999999323e-03 0.0000000000000000e+00 0.0000000000000000e+00 1.7712783800885343e+00 2.0364756431886723e-05
5.4043362167002838e-04 -1.7399999999999298e-03 0.0000000000000000e+00 0.0000000000000000e+00 1.7712780208114320e+00 2.0841114478432301e-05
5.4664550237887928e-04 -1.7599999999999300e-03 0.0000000000000000e+00 0.0000000000000000e+00 1.7712776615363712e+00 2.1322979747840803e-05
5.5285738308773018e-04 -1.7799999999999307e-03 0.0000000000000000e+00 0.0000000000000000e+00 1.7712773022626171e+00 2.1810352244533325e-05
5.5906926379658108e-04 -1.7999999999999308e-03 0.0000000000000000e+00 0.0000000000000000e+00 1.7712769429916035e+00 2.2303231972930983e-05
5.6528114450543198e-04 -1.8199999999999302e-03 0.0000000000000000e+00 0.0000000000000000e+00 1.7712765837225140e+00 2.2801618937454929e-05
5.7149302521428288e-04 -1.8399999999999289e-03 0.0000000000000000e+00 0.0000000000000000e+00 1.7712762244548244e+00 2.3305513142526308e-05
5.7770490592313377e-04 -1.8599999999999277e-03 0.0000000000000000e+00 0.0000000000000000e+00 1.7712758651898077e+00 2.3814914592566279e-05
5.8391678663198467e-04 -1.8799999999999262e-03 0.0000000000000000e+00 0.0000000000000000e+00 1.7712755059267578e+00 2.4329823291995976e-05
5.9012866734083557e-04 -1.8999999999999250e-03 0.0000000000000000e+00 0.0000000000000000e+00 1.7712751466651042e+00 2.4850239245236578e-05
5.9634054804968647e-04 -1.9199999999999235e-03 0.0000000000000000e+00 0.0000000000000000e+00 1.7712747874060930e+00 2.5376162456709197e-05
6.0255242875853737e-04 -1.9399999999999218e-03 0.0000000000000000e+00 0.0000000000000000e+00 1.7712744281490918e+00 2.5907592930834989e-05
6.0876430946738827e-04 -1.9599999999999201e-03 0.0000000000000000e+00 0.0000000000000000e+00 1.7712740688935162e+00 2.6444530672035110e-05
6.1497619017623917e-04 -1.9799999999999189e-03 0.0000000000000000e+00 0.0000000000000000e+00 1.7712737096403988e+00 2.6986975684730704e-05
6.2118807088509006e-04 -1.9999999999999168e-03 0.0000000000000000e+00 0.0000000000000000e+00 1.7712733503894944e+00 2.7534927973342904e-05
