3.2712408094613084e-06 -1.9999999999999998e-05 0.0000000000000000e+00 0.0000000000000000e+00 1.9273817314648474e+00 2.1847610613517951e-09
6.5424816189226167e-06 -3.9999999999999996e-05 0.0000000000000000e+00 0.0000000000000000e+00 1.9273816425765520e+00 8.7390446758464311e-09
9.8137224283839255e-06 -5.9999999999999988e-05 0.0000000000000000e+00 0.0000000000000000e+00 1.9273815536795331e+00 1.9662851489142777e-08
1.3084963237845235e-05 -7.9999999999999966e-05 0.0000000000000000e+00 0.0000000000000000e+00 1.9273814647701002e+00 3.4956182146899697e-08
1.6356204047306545e-05 -9.9999999999999951e-05 0.0000000000000000e+00 0.0000000000000000e+00 1.9273813758826788e+00 5.4619037294776084e-08
1.9627444856767854e-05 -1.1999999999999995e-04 0.0000000000000000e+00 0.0000000000000000e+00 1.9273812869784015e+00 7.8651417578430817e-08
2.2898685666229164e-05 -1.3999999999999993e-04 0.0000000000000000e+00 0.0000000000000000e+00 1.9273811980854216e+00 1.0705332364352275e-07
2.6169926475690474e-05 -1.5999999999999993e-04 0.0000000000000000e+00 0.0000000000000000e+00 1.9273811091825859e+00 1.3982475613571078e-07
2.9441167285151783e-05 -1.7999999999999996e-04 0.0000000000000000e+00 0.0000000000000000e+00 1.9273810202850510e+00 1.7696571570065387e-07
3.2712408094613096e-05 -1.9999999999999996e-04 0.0000000000000000e+00 0.0000000000000000e+00 1.9273809313880736e+00 2.1847620298401069e-07
3.5983648904074406e-05 -2.2000000000000001e-04 0.0000000000000000e+00 0.0000000000000000e+00 1.9273808424900529e+00 2.6435621863144036e-07
3.9254889713535716e-05 -2.4000000000000009e-04 0.0000000000000000e+00 0.0000000000000000e+00 1.9273807535962706e+00 3.1460576328860183e-07
4.2526130522997025e-05 -2.6000000000000019e-04 0.0000000000000000e+00 0.0000000000000000e+00 1.9273806646983311e+00 3.6922483760115373e-07
4.5797371332458335e-05 -2.8000000000000030e-04 0.0000000000000000e+00 0.0000000000000000e+00 1.9273805758020208e+00 4.2821344221475508e-07
4.9068612141919644e-05 -3.0000000000000046e-04 0.0000000000000000e+00 0.0000000000000000e+00 1.9273804869059958e+00 4.9157157777506490e-07
5.2339852951380954e-05 -3.2000000000000062e-04 0.0000000000000000e+00 0.0000000000000000e+00 1.9273803980119870e+00 5.5929924492774184e-07
5.5611093760842264e-05 -3.4000000000000084e-04 0.0000000000000000e+00 0.0000000000000000e+00 1.9273803091138473e+00 6.3139644431844492e-07
5.8882334570303573e-05 -3.6000000000000105e-04 0.0000000000000000e+00 0.0000000000000000e+00 1.9273802202195889e+00 7.0786317659283314e-07
6.2153575379764883e-05 -3.8000000000000132e-04 0.0000000000000000e+00 0.0000000000000000e+00 1.9273801313258694e+00 7.8869944239656532e-07
6.5424816189226193e-05 -4.0000000000000154e-04 0.0000000000000000e+00 0.0000000000000000e+00 1.9273800424319607e+00 8.7390524237529983e-07
6.8696056998687502e-05 -4.2000000000000175e-04 0.0000000000000000e+00 0.0000000000000000e+00 1.9273799535384712e+00 9.6348057717469602e-07
7.1967297808148812e-05 -4.4000000000000186e-04 0.0000000000000000e+00 0.0000000000000000e+00 1.9273798646447942e+00 1.0574254474404121e-06
7.5238538617610122e-05 -4.6000000000000197e-04 0.0000000000000000e+00 0.0000000000000000e+00 1.9273797757514506e+00 1.1557398538181075e-06
7.8509779427071431e-05 -4.8000000000000202e-04 0.0000000000000000e+00 0.0000000000000000e+00 1.9273796868584763e+00 1.2584237969534406e-06
8.1781020236532741e-05 -5.0000000000000207e-04 0.0000000000000000e+00 0.0000000000000000e+00 1.9273795979657609e+00 1.3654772774920708e-06
8.5052261045994050e-05 -5.2000000000000212e-04 0.0000000000000000e+00 0.0000000000000000e+00 1.9273795090734305e+00 1.4769002960796571e-06
8.8323501855455360e-05 -5.4000000000000207e-04 0.0000000000000000e+00 0.0000000000000000e+00 1.9273794201809176e+00 1.5926928533618574e-06
9.1594742664916670e-05 -5.6000000000000201e-04 0.0000000000000000e+00 0.0000000000000000e+00 1.9273793312884946e+00 1.7128549499843312e-06
9.4865983474377979e-05 -5.8000000000000195e-04 0.0000000000000000e+00 0.0000000000000000e+00 1.9273792423971174e+00 1.8373865865927372e-06
9.8137224283839289e-05 -6.0000000000000190e-04 0.0000000000000000e+00 0.0000000000000000e+00 1.9273791535070992e+00 1.9662877638327349e-06
1.0140846509330060e-04 -6.2000000000000184e-04 0.0000000000000000e+00 0.0000000000000000e+00 1.9273790646172126e+00 2.0995584823499823e-06
1.0467970590276191e-04 -6.4000000000000190e-04 0.0000000000000000e+00 0.0000000000000000e+00 1.9273789757263549e+00 2.2371987427901397e-06
1.0795094671222322e-04 -6.6000000000000206e-04 0.0000000000000000e+00 0.0000000000000000e+00 1.9273788868358752e+00 2.3792085457988664e-06
1.1122218752168453e-04 -6.8000000000000222e-04 0.0000000000000000e+00 0.0000000000000000e+00 1.9273787979469601e+00 2.5255878920218193e-06
1.1449342833114584e-04 -7.0000000000000238e-04 0.0000000000000000e+00 0.0000000000000000e+00 1.9273787090584504e+00 2.6763367821046589e-06
1.1776466914060715e-04 -7.2000000000000254e-04 0.0000000000000000e+00 0.0000000000000000e+00 1.9273786201691849e+00 2.8314552166930420e-06
1.2103590995006846e-04 -7.4000000000000281e-04 0.0000000000000000e+00 0.0000000000000000e+00 1.9273785312800267e+00 2.9909431964326301e-06
1.2430715075952977e-04 -7.6000000000000297e-04 0.0000000000000000e+00 0.0000000000000000e+00 1.9273784423929483e+00 3.1548007219690796e-06
1.2757839156899109e-04 -7.8000000000000313e-04 0.0000000000000000e+00 0.0000000000000000e+00 1.9273783535045117e+00 3.3230277939480506e-06
1.3084963237845241e-04 -8.0000000000000318e-04 0.0000000000000000e+00 0.0000000000000000e+00 1.9273782646166147e+00 3.4956244130152004e-06
1.3412087318791374e-04 -8.2000000000000313e-04 0.0000000000000000e+00 0.0000000000000000e+00 1.9273781757305679e+00 3.6725905798161887e-06
1.3739211399737506e-04 -8.4000000000000318e-04 0.0000000000000000e+00 0.0000000000000000e+00 1.9273780868429888e+00 3.8539262949966761e-06
1.4066335480683638e-04 -8.6000000000000312e-04 0.0000000000000000e+00 0.0000000000000000e+00 1.9273779979567918e+00 4.0396315592023181e-06
1.4393459561629771e-04 -8.8000000000000318e-04 0.0000000000000000e+00 0.0000000000000000e+00 1.9273779090709893e+00 4.2297063730787779e-06
1.4720583642575903e-04 -9.0000000000000323e-04 0.0000000000000000e+00 0.0000000000000000e+00 1.9273778201847243e+00 4.4241507372717115e-06
1.5047707723522035e-04 -9.2000000000000339e-04 0.0000000000000000e+00 0.0000000000000000e+00 1.9273777313003444e+00 4.6229646524267798e-06
1.5374831804468167e-04 -9.4000000000000355e-04 0.0000000000000000e+00 0.0000000000000000e+00 1.9273776424143640e+00 4.8261481191896405e-06
1.5701955885414300e-04 -9.6000000000000360e-04 0.0000000000000000e+00 0.0000000000000000e+00 1.9273775535306112e+00 5.0337011382059513e-06
1.6029079966360432e-04 -9.8000000000000387e-04 0.0000000000000000e+00 0.0000000000000000e+00 1.9273774646454476e+00 5.2456237101213739e-06
1.6356204047306564e-04 -1.0000000000000041e-03 0.0000000000000000e+00 0.0000000000000000e+00 1.9273773757622370e+00 5.4619158355815645e-06
1.6683328128252697e-04 -1.0200000000000044e-03 0.0000000000000000e+00 0.0000000000000000e+00 1.9273772868781354e+00 5.6825775152321856e-06
1.7010452209198829e-04 -1.0400000000000045e-03 0.0000000000000000e+00 0.0000000000000000e+00 1.9273771979953604e+00 5.9076087497188898e-06
1.7337576290144961e-04 -1.0600000000000045e-03 0.0000000000000000e+00 0.0000000000000000e+00 1.9273771091120382e+00 6.1370095396873391e-06
1.7664700371091094e-04 -1.0800000000000046e-03 0.0000000000000000e+00 0.0000000000000000e+00 1.9273770202295590e+00 6.3707798857831928e-06
1.7991824452037226e-04 -1.1000000000000044e-03 0.0000000000000000e+00 0.0000000000000000e+00 1.9273769313470974e+00 6.6089197886521067e-06
1.8318948532983358e-04 -1.1200000000000040e-03 0.0000000000000000e+00 0.0000000000000000e+00 1.9273768424656532e+00 6.8514292489397419e-06
1.8646072613929491e-04 -1.1400000000000036e-03 0.0000000000000000e+00 0.0000000000000000e+00 1.9273767535837563e+00 7.0983082672917562e-06
1.8973196694875623e-04 -1.1600000000000030e-03 0.0000000000000000e+00 0.0000000000000000e+00 1.9273766647028294e+00 7.3495568443538061e-06
1.9300320775821755e-04 -1.1800000000000024e-03 0.0000000000000000e+00 0.0000000000000000e+00 1.9273765758215031e+00 7.6051749807715571e-06
1.9627444856767888e-04 -1.2000000000000031e-03 0.0000000000000000e+00 0.0000000000000000e+00 1.9273764869416734e+00 7.8651626771906812e-06
1.9954568937714020e-04 -1.2200000000000039e-03 0.0000000000000000e+00 0.0000000000000000e+00 1.9273763980608181e+00 8.1295199342568216e-06
2.0281693018660152e-04 -1.2400000000000046e-03 0.0000000000000000e+00 0.0000000000000000e+00 1.9273763091816247e+00 8.3982467526156393e-06
2.0608817099606285e-04 -1.2600000000000055e-03 0.0000000000000000e+00 0.0000000000000000e+00 1.9273762203015068e+00 8.6713431329127937e-06
2.0935941180552417e-04 -1.2800000000000064e-03 0.0000000000000000e+00 0.0000000000000000e+00 1.9273761314229811e+00 8.9488090757939424e-06
2.1263065261498549e-04 -1.3000000000000071e-03 0.0000000000000000e+00 0.0000000000000000e+00 1.9273760425437074e+00 9.2306445819047396e-06
2.1590189342444682e-04 -1.3200000000000080e-03 0.0000000000000000e+00 0.0000000000000000e+00 1.9273759536654269e+00 9.5168496518908498e-06
2.1917313423390814e-04 -1.3400000000000092e-03 0.0000000000000000e+00 0.0000000000000000e+00 1.9273758647877020e+00 9.8074242863979341e-06
2.2244437504336946e-04 -1.3600000000000101e-03 0.0000000000000000e+00 0.0000000000000000e+00 1.9273757759094758e+00 1.0102368486071645e-05
2.2571561585283078e-04 -1.3800000000000110e-03 0.0000000000000000e+00 0.0000000000000000e+00 1.9273756870325913e+00 1.0401682251557642e-05
2.2898685666229211e-04 -1.4000000000000121e-03 0.0000000000000000e+00 0.0000000000000000e+00 1.9273755981551217e+00 1.0705365583501590e-05
2.3225809747175343e-04 -1.4200000000000130e-03 0.0000000000000000e+00 0.0000000000000000e+00 1.9273755092786788e+00 1.1013418482549142e-05
2.3552933828121475e-04 -1.4400000000000140e-03 0.0000000000000000e+00 0.0000000000000000e+00 1.9273754204023850e+00 1.1325840949345956e-05
2.3880057909067608e-04 -1.4600000000000149e-03 0.0000000000000000e+00 0.0000000000000000e+00 1.9273753315260049e+00 1.1642632984537694e-05
2.4207181990013740e-04 -1.4800000000000156e-03 0.0000000000000000e+00 0.0000000000000000e+00 1.9273752426509512e+00 1.1963794588770011e-05
2.4534306070959872e-04 -1.5000000000000165e-03 0.0000000000000000e+00 0.0000000000000000e+00 1.9273751537751844e+00 1.2289325762688572e-05
2.4861430151906002e-04 -1.5200000000000174e-03 0.0000000000000000e+00 0.0000000000000000e+00 1.9273750649004804e+00 1.2619226506939035e-05
2.5188554232852132e-04 -1.5400000000000181e-03 0.0000000000000000e+00 0.0000000000000000e+00 1.9273749760261101e+00 1.2953496822167053e-05
2.5515678313798261e-04 -1.5600000000000188e-03 0.0000000000000000e+00 0.0000000000000000e+00 1.9273748871512777e+00 1.3292136709018286e-05
2.5842802394744391e-04 -1.5800000000000193e-03 0.0000000000000000e+00 0.0000000000000000e+00 1.9273747982778056e+00 1.3635146168138393e-05
2.6169926475690520e-04 -1.6000000000000196e-03 0.0000000000000000e+00 0.0000000000000000e+00 1.9273747094041394e+00 1.3982525200173034e-05
2.6497050556636650e-04 -1.6200000000000199e-03 0.0000000000000000e+00 0.0000000000000000e+00 1.9273746205305768e+00 1.4334273805767866e-05
2.6824174637582780e-04 -1.6400000000000199e-03 0.0000000000000000e+00 0.0000000000000000e+00 1.9273745316581796e+00 1.4690391985568550e-05
2.7151298718528909e-04 -1.6600000000000197e-03 0.0000000000000000e+00 0.0000000000000000e+00 1.9273744427854669e+00 1.5050879740220738e-05
2.7478422799475039e-04 -1.6800000000000196e-03 0.0000000000000000e+00 0.0000000000000000e+00 1.9273743539131425e+00 1.5415737070370101e-05
2.7805546880421168e-04 -1.7000000000000192e-03 0.0000000000000000e+00 0.0000000000000000e+00 1.9273742650417081e+00 1.5784963976662288e-05
2.8132670961367298e-04 -1.7200000000000186e-03 0.0000000000000000e+00 0.0000000000000000e+00 1.9273741761698628e+00 1.6158560459742953e-05
2.8459795042313428e-04 -1.7400000000000180e-03 0.0000000000000000e+00 0.0000000000000000e+00 1.9273740872986709e+00 1.6536526520257775e-05
2.8786919123259557e-04 -1.7600000000000172e-03 0.0000000000000000e+00 0.0000000000000000e+00 1.9273739984282758e+00 1.6918862158852391e-05
2.9114043204205687e-04 -1.7800000000000166e-03 0.0000000000000000e+00 0.0000000000000000e+00 1.9273739095573599e+00 1.7305567376172477e-05
2.9441167285151817e-04 -1.8000000000000160e-03 0.0000000000000000e+00 0.0000000000000000e+00 1.9273738206872857e+00 1.7696642172863691e-05
2.9768291366097946e-04 -1.8200000000000154e-03 0.0000000000000000e+00 0.0000000000000000e+00 1.9273737318179416e+00 1.8092086549571687e-05
3.0095415447044076e-04 -1.8400000000000150e-03 0.0000000000000000e+00 0.0000000000000000e+00 1.9273736429482016e+00 1.8491900506942126e-05
3.0422539527990205e-04 -1.8600000000000144e-03 0.0000000000000000e+00 0.0000000000000000e+00 1.9273735540791306e+00 1.8896084045620662e-05
3.0749663608936335e-04 -1.8800000000000138e-03 0.0000000000000000e+00 0.0000000000000000e+00 1.9273734652108012e+00 1.9304637166252953e-05
3.1076787689882465e-04 -1.9000000000000130e-03 0.0000000000000000e+00 0.0000000000000000e+00 1.9273733763422378e+00 1.9717559869484664e-05
3.1403911770828594e-04 -1.9200000000000120e-03 0.0000000000000000e+00 0.0000000000000000e+00 1.9273732874739518e+00 2.0134852155961444e-05
3.1731035851774724e-04 -1.9400000000000109e-03 0.0000000000000000e+00 0.0000000000000000e+00 1.9273731986067013e+00 2.0556514026328959e-05
3.2058159932720853e-04 -1.9600000000000099e-03 0.0000000000000000e+00 0.0000000000000000e+00 1.9273731097392082e+00 2.0982545481232869e-05
3.2385284013666983e-04 -1.9800000000000091e-03 0.0000000000000000e+00 0.0000000000000000e+00 1.9273730208719777e+00 2.1412946521318840e-05
3.2712408094613113e-04 -2.0000000000000078e-03 0.0000000000000000e+00 0.0000000000000000e+00 1.9273729320055499e+00 2.1847717147232508e-05
