2.2222222222222221e-26 -2.0000000000000002e-05 0.0000000000000000e+00 0.0000000000000000e+00 2.0943951023310960e+00 1.8000000000000004e-09
4.4444444444444443e-26 -4.0000000000000010e-05 0.0000000000000000e+00 0.0000000000000000e+00 2.0943951023637775e+00 7.2000000000000041e-09
6.6666666666666662e-26 -6.0000000000000029e-05 0.0000000000000000e+00 0.0000000000000000e+00 2.0943951023857279e+00 1.6200000000000016e-08
8.8888888888888874e-26 -8.0000000000000047e-05 0.0000000000000000e+00 0.0000000000000000e+00 2.0943951023801972e+00 2.8800000000000033e-08
1.1111111111111109e-25 -1.0000000000000005e-04 0.0000000000000000e+00 0.0000000000000000e+00 2.0943951023886171e+00 4.5000000000000039e-08
1.3333333333333330e-25 -1.2000000000000004e-04 0.0000000000000000e+00 0.0000000000000000e+00 2.0943951023853598e+00 6.4800000000000051e-08
1.5555555555555551e-25 -1.4000000000000004e-04 0.0000000000000000e+00 0.0000000000000000e+00 2.0943951023864407e+00 8.8200000000000062e-08
1.7777777777777773e-25 -1.6000000000000001e-04 0.0000000000000000e+00 0.0000000000000000e+00 2.0943951023848402e+00 1.1520000000000003e-07
1.9999999999999994e-25 -1.7999999999999998e-04 0.0000000000000000e+00 0.0000000000000000e+00 2.0943951023887939e+00 1.4579999999999997e-07
2.2222222222222217e-25 -1.9999999999999996e-04 0.0000000000000000e+00 0.0000000000000000e+00 2.0943951023865814e+00 1.7999999999999992e-07
2.4444444444444441e-25 -2.1999999999999995e-04 0.0000000000000000e+00 0.0000000000000000e+00 2.0943951023881144e+00 2.1779999999999990e-07
2.6666666666666665e-25 -2.4000000000000001e-04 0.0000000000000000e+00 0.0000000000000000e+00 2.0943951023919918e+00 2.5919999999999999e-07
2.8888888888888888e-25 -2.5999999999999998e-04 0.0000000000000000e+00 0.0000000000000000e+00 2.0943951023895813e+00 3.0419999999999993e-07
3.1111111111111112e-25 -2.7999999999999998e-04 0.0000000000000000e+00 0.0000000000000000e+00 2.0943951023908887e+00 3.5279999999999993e-07
3.3333333333333335e-25 -3.0000000000000003e-04 0.0000000000000000e+00 0.0000000000000000e+00 2.0943951023890062e+00 4.0500000000000004e-07
3.5555555555555559e-25 -3.2000000000000008e-04 0.0000000000000000e+00 0.0000000000000000e+00 2.0943951023913749e+00 4.6080000000000026e-07
3.7777777777777783e-25 -3.4000000000000013e-04 0.0000000000000000e+00 0.0000000000000000e+00 2.0943951023923661e+00 5.2020000000000044e-07
4.0000000000000006e-25 -3.6000000000000019e-04 0.0000000000000000e+00 0.0000000000000000e+00 2.0943951023921441e+00 5.8320000000000062e-07
4.2222222222222225e-25 -3.8000000000000024e-04 0.0000000000000000e+00 0.0000000000000000e+00 2.0943951023902878e+00 6.4980000000000086e-07
4.4444444444444444e-25 -4.0000000000000029e-04 0.0000000000000000e+00 0.0000000000000000e+00 2.0943951023906755e+00 7.2000000000000105e-07
4.6666666666666663e-25 -4.2000000000000034e-04 0.0000000000000000e+00 0.0000000000000000e+00 2.0943951023902616e+00 7.9380000000000130e-07
4.8888888888888882e-25 -4.4000000000000034e-04 0.0000000000000000e+00 0.0000000000000000e+00 2.0943951023904863e+00 8.7120000000000140e-07
5.1111111111111101e-25 -4.6000000000000045e-04 0.0000000000000000e+00 0.0000000000000000e+00 2.0943951023913217e+00 9.5220000000000187e-07
5.3333333333333320e-25 -4.8000000000000055e-04 0.0000000000000000e+00 0.0000000000000000e+00 2.0943951023905387e+00 1.0368000000000023e-06
5.5555555555555539e-25 -5.0000000000000055e-04 0.0000000000000000e+00 0.0000000000000000e+00 2.0943951023915495e+00 1.1250000000000026e-06
5.7777777777777758e-25 -5.2000000000000060e-04 0.0000000000000000e+00 0.0000000000000000e+00 2.0943951023907599e+00 1.2168000000000029e-06
5.9999999999999977e-25 -5.4000000000000055e-04 0.0000000000000000e+00 0.0000000000000000e+00 2.0943951023927241e+00 1.3122000000000027e-06
6.2222222222222196e-25 -5.6000000000000049e-04 0.0000000000000000e+00 0.0000000000000000e+00 2.0943951023922760e+00 1.4112000000000025e-06
6.4444444444444415e-25 -5.8000000000000055e-04 0.0000000000000000e+00 0.0000000000000000e+00 2.0943951023918026e+00 1.5138000000000030e-06
6.6666666666666634e-25 -6.0000000000000060e-04 0.0000000000000000e+00 0.0000000000000000e+00 2.0943951023923697e+00 1.6200000000000033e-06
6.8888888888888853e-25 -6.2000000000000076e-04 0.0000000000000000e+00 0.0000000000000000e+00 2.0943951023915481e+00 1.7298000000000042e-06
7.1111111111111072e-25 -6.4000000000000081e-04 0.0000000000000000e+00 0.0000000000000000e+00 2.0943951023917142e+00 1.8432000000000046e-06
7.3333333333333291e-25 -6.6000000000000076e-04 0.0000000000000000e+00 0.0000000000000000e+00 2.0943951023925065e+00 1.9602000000000045e-06
7.5555555555555510e-25 -6.8000000000000081e-04 0.0000000000000000e+00 0.0000000000000000e+00 2.0943951023922884e+00 2.0808000000000051e-06
7.7777777777777729e-25 -7.0000000000000086e-04 0.0000000000000000e+00 0.0000000000000000e+00 2.0943951023924070e+00 2.2050000000000056e-06
7.9999999999999948e-25 -7.2000000000000080e-04 0.0000000000000000e+00 0.0000000000000000e+00 2.0943951023928329e+00 2.3328000000000050e-06
8.2222222222222167e-25 -7.4000000000000075e-04 0.0000000000000000e+00 0.0000000000000000e+00 2.0943951023915073e+00 2.4642000000000051e-06
8.4444444444444377e-25 -7.6000000000000080e-04 0.0000000000000000e+00 0.0000000000000000e+00 2.0943951023917293e+00 2.5992000000000055e-06
8.6666666666666587e-25 -7.8000000000000074e-04 0.0000000000000000e+00 0.0000000000000000e+00 2.0943951023924274e+00 2.7378000000000049e-06
8.8888888888888796e-25 -8.0000000000000080e-04 0.0000000000000000e+00 0.0000000000000000e+00 2.0943951023917124e+00 2.8800000000000059e-06
9.1111111111111006e-25 -8.2000000000000085e-04 0.0000000000000000e+00 0.0000000000000000e+00 2.0943951023917542e+00 3.0258000000000062e-06
9.3333333333333216e-25 -8.4000000000000101e-04 0.0000000000000000e+00 0.0000000000000000e+00 2.0943951023922001e+00 3.1752000000000073e-06
9.5555555555555426e-25 -8.6000000000000106e-04 0.0000000000000000e+00 0.0000000000000000e+00 2.0943951023917506e+00 3.3282000000000082e-06
9.7777777777777636e-25 -8.8000000000000101e-04 0.0000000000000000e+00 0.0000000000000000e+00 2.0943951023925393e+00 3.4848000000000077e-06
9.9999999999999845e-25 -9.0000000000000106e-04 0.0000000000000000e+00 0.0000000000000000e+00 2.0943951023918124e+00 3.6450000000000083e-06
1.0222222222222206e-24 -9.2000000000000100e-04 0.0000000000000000e+00 0.0000000000000000e+00 2.0943951023923142e+00 3.8088000000000083e-06
1.0444444444444427e-24 -9.4000000000000106e-04 0.0000000000000000e+00 0.0000000000000000e+00 2.0943951023919083e+00 3.9762000000000095e-06
1.0666666666666647e-24 -9.6000000000000111e-04 0.0000000000000000e+00 0.0000000000000000e+00 2.0943951023926886e+00 4.1472000000000092e-06
1.0888888888888868e-24 -9.8000000000000127e-04 0.0000000000000000e+00 0.0000000000000000e+00 2.0943951023928942e+00 4.3218000000000109e-06
1.1111111111111089e-24 -1.0000000000000013e-03 0.0000000000000000e+00 0.0000000000000000e+00 2.0943951023929741e+00 4.5000000000000120e-06
1.1333333333333310e-24 -1.0200000000000016e-03 0.0000000000000000e+00 0.0000000000000000e+00 2.0943951023926415e+00 4.6818000000000142e-06
1.1555555555555531e-24 -1.0400000000000019e-03 0.0000000000000000e+00 0.0000000000000000e+00 2.0943951023920300e+00 4.8672000000000175e-06
1.1777777777777752e-24 -1.0600000000000019e-03 0.0000000000000000e+00 0.0000000000000000e+00 2.0943951023922085e+00 5.0562000000000186e-06
1.1999999999999973e-24 -1.0800000000000020e-03 0.0000000000000000e+00 0.0000000000000000e+00 2.0943951023922462e+00 5.2488000000000191e-06
1.2222222222222194e-24 -1.1000000000000018e-03 0.0000000000000000e+00 0.0000000000000000e+00 2.0943951023929297e+00 5.4450000000000173e-06
1.2444444444444415e-24 -1.1200000000000014e-03 0.0000000000000000e+00 0.0000000000000000e+00 2.0943951023929932e+00 5.6448000000000141e-06
1.2666666666666636e-24 -1.1400000000000013e-03 0.0000000000000000e+00 0.0000000000000000e+00 2.0943951023924550e+00 5.8482000000000129e-06
1.2888888888888857e-24 -1.1600000000000011e-03 0.0000000000000000e+00 0.0000000000000000e+00 2.0943951023924807e+00 6.0552000000000119e-06
1.3111111111111078e-24 -1.1800000000000007e-03 0.0000000000000000e+00 0.0000000000000000e+00 2.0943951023928151e+00 6.2658000000000078e-06
1.3333333333333299e-24 -1.2000000000000005e-03 0.0000000000000000e+00 0.0000000000000000e+00 2.0943951023930087e+00 6.4800000000000057e-06
1.3555555555555520e-24 -1.2200000000000004e-03 0.0000000000000000e+00 0.0000000000000000e+00 2.0943951023924181e+00 6.6978000000000039e-06
1.3777777777777741e-24 -1.2400000000000002e-03 0.0000000000000000e+00 0.0000000000000000e+00 2.0943951023927365e+00 6.9192000000000023e-06
1.3999999999999962e-24 -1.2600000000000003e-03 0.0000000000000000e+00 0.0000000000000000e+00 2.0943951023926068e+00 7.1442000000000035e-06
1.4222222222222183e-24 -1.2800000000000005e-03 0.0000000000000000e+00 0.0000000000000000e+00 2.0943951023929355e+00 7.3728000000000059e-06
1.4444444444444404e-24 -1.3000000000000006e-03 0.0000000000000000e+00 0.0000000000000000e+00 2.0943951023922560e+00 7.6050000000000077e-06
1.4666666666666625e-24 -1.3200000000000004e-03 0.0000000000000000e+00 0.0000000000000000e+00 2.0943951023922720e+00 7.8408000000000046e-06
1.4888888888888846e-24 -1.3400000000000005e-03 0.0000000000000000e+00 0.0000000000000000e+00 2.0943951023930381e+00 8.0802000000000061e-06
1.5111111111111067e-24 -1.3600000000000007e-03 0.0000000000000000e+00 0.0000000000000000e+00 2.0943951023923906e+00 8.3232000000000087e-06
1.5333333333333288e-24 -1.3800000000000012e-03 0.0000000000000000e+00 0.0000000000000000e+00 2.0943951023930190e+00 8.5698000000000141e-06
1.5555555555555509e-24 -1.4000000000000015e-03 0.0000000000000000e+00 0.0000000000000000e+00 2.0943951023930145e+00 8.8200000000000189e-06
1.5777777777777730e-24 -1.4200000000000018e-03 0.0000000000000000e+00 0.0000000000000000e+00 2.0943951023926579e+00 9.0738000000000214e-06
1.5999999999999951e-24 -1.4400000000000023e-03 0.0000000000000000e+00 0.0000000000000000e+00 2.0943951023927676e+00 9.3312000000000302e-06
1.6222222222222172e-24 -1.4600000000000025e-03 0.0000000000000000e+00 0.0000000000000000e+00 2.0943951023926495e+00 9.5922000000000333e-06
1.6444444444444393e-24 -1.4800000000000026e-03 0.0000000000000000e+00 0.0000000000000000e+00 2.0943951023926450e+00 9.8568000000000341e-06
1.6666666666666612e-24 -1.5000000000000026e-03 0.0000000000000000e+00 0.0000000000000000e+00 2.0943951023928680e+00 1.0125000000000036e-05
1.6888888888888831e-24 -1.5200000000000029e-03 0.0000000000000000e+00 0.0000000000000000e+00 2.0943951023926002e+00 1.0396800000000039e-05
1.7111111111111050e-24 -1.5400000000000030e-03 0.0000000000000000e+00 0.0000000000000000e+00 2.0943951023929710e+00 1.0672200000000042e-05
1.7333333333333270e-24 -1.5600000000000030e-03 0.0000000000000000e+00 0.0000000000000000e+00 2.0943951023927974e+00 1.0951200000000042e-05
1.7555555555555489e-24 -1.5800000000000031e-03 0.0000000000000000e+00 0.0000000000000000e+00 2.0943951023926664e+00 1.1233800000000043e-05
1.7777777777777708e-24 -1.6000000000000033e-03 0.0000000000000000e+00 0.0000000000000000e+00 2.0943951023929563e+00 1.1520000000000047e-05
1.7999999999999927e-24 -1.6200000000000032e-03 0.0000000000000000e+00 0.0000000000000000e+00 2.0943951023925487e+00 1.1809800000000047e-05
1.8222222222222146e-24 -1.6400000000000028e-03 0.0000000000000000e+00 0.0000000000000000e+00 2.0943951023925123e+00 1.2103200000000040e-05
1.8444444444444365e-24 -1.6600000000000024e-03 0.0000000000000000e+00 0.0000000000000000e+00 2.0943951023930745e+00 1.2400200000000036e-05
1.8666666666666584e-24 -1.6800000000000018e-03 0.0000000000000000e+00 0.0000000000000000e+00 2.0943951023924647e+00 1.2700800000000028e-05
1.8888888888888804e-24 -1.7000000000000010e-03 0.0000000000000000e+00 0.0000000000000000e+00 2.0943951023930416e+00 1.3005000000000015e-05
1.9111111111111023e-24 -1.7200000000000000e-03 0.0000000000000000e+00 0.0000000000000000e+00 2.0943951023925331e+00 1.3312799999999999e-05
1.9333333333333242e-24 -1.7399999999999987e-03 0.0000000000000000e+00 0.0000000000000000e+00 2.0943951023926353e+00 1.3624199999999979e-05
1.9555555555555461e-24 -1.7599999999999977e-03 0.0000000000000000e+00 0.0000000000000000e+00 2.0943951023928364e+00 1.3939199999999963e-05
1.9777777777777680e-24 -1.7799999999999966e-03 0.0000000000000000e+00 0.0000000000000000e+00 2.0943951023928982e+00 1.4257799999999947e-05
1.9999999999999899e-24 -1.7999999999999956e-03 0.0000000000000000e+00 0.0000000000000000e+00 2.0943951023926326e+00 1.4579999999999928e-05
2.0222222222222118e-24 -1.8199999999999946e-03 0.0000000000000000e+00 0.0000000000000000e+00 2.0943951023925633e+00 1.4905799999999911e-05
2.0444444444444338e-24 -1.8399999999999944e-03 0.0000000000000000e+00 0.0000000000000000e+00 2.0943951023930829e+00 1.5235199999999908e-05
2.0666666666666557e-24 -1.8599999999999945e-03 0.0000000000000000e+00 0.0000000000000000e+00 2.0943951023925584e+00 1.5568199999999910e-05
2.0888888888888776e-24 -1.8799999999999950e-03 0.0000000000000000e+00 0.0000000000000000e+00 2.0943951023929586e+00 1.5904799999999916e-05
2.1111111111110995e-24 -1.8999999999999954e-03 0.0000000000000000e+00 0.0000000000000000e+00 2.0943951023928133e+00 1.6244999999999923e-05
2.1333333333333214e-24 -1.9199999999999959e-03 0.0000000000000000e+00 0.0000000000000000e+00 2.0943951023929901e+00 1.6588799999999928e-05
2.1555555555555433e-24 -1.9399999999999964e-03 0.0000000000000000e+00 0.0000000000000000e+00 2.0943951023926224e+00 1.6936199999999938e-05
2.1777777777777652e-24 -1.9599999999999969e-03 0.0000000000000000e+00 0.0000000000000000e+00 2.0943951023930887e+00 1.7287199999999945e-05
2.1999999999999872e-24 -1.9799999999999970e-03 0.0000000000000000e+00 0.0000000000000000e+00 2.0943951023926055e+00 1.7641799999999947e-05
2.2222222222222091e-24 -1.9999999999999970e-03 0.0000000000000000e+00 0.0000000000000000e+00 2.0943951023929293e+00 1.7999999999999946e-05
