3.2712408094613084e-06 -2.0000000000000005e-05 0.0000000000000000e+00 0.0000000000000000e+00 1.9273817539578371e+00 2.1847610341252176e-09
6.5424816189226167e-06 -4.0000000000000003e-05 0.0000000000000000e+00 0.0000000000000000e+00 1.9273816875623782e+00 8.7390444580338013e-09
9.8137224283839255e-06 -5.9999999999999995e-05 0.0000000000000000e+00 0.0000000000000000e+00 1.9273816211580417e+00 1.9662850754025147e-08
1.3084963237845235e-05 -7.9999999999999979e-05 0.0000000000000000e+00 0.0000000000000000e+00 1.9273815547411381e+00 3.4956180404398652e-08
1.6356204047306545e-05 -9.9999999999999951e-05 0.0000000000000000e+00 0.0000000000000000e+00 1.9273814883460927e+00 5.4619033891453699e-08
1.9627444856767854e-05 -1.1999999999999991e-04 0.0000000000000000e+00 0.0000000000000000e+00 1.9273814219340377e+00 7.8651411697489693e-08
2.2898685666229164e-05 -1.3999999999999988e-04 0.0000000000000000e+00 0.0000000000000000e+00 1.9273813555331269e+00 1.0705331430480605e-07
2.6169926475690474e-05 -1.5999999999999982e-04 0.0000000000000000e+00 0.0000000000000000e+00 1.9273812891222060e+00 1.3982474219570213e-07
2.9441167285151783e-05 -1.7999999999999979e-04 0.0000000000000000e+00 0.0000000000000000e+00 1.9273812227164331e+00 1.7696569585247741e-07
3.2712408094613096e-05 -1.9999999999999977e-04 0.0000000000000000e+00 0.0000000000000000e+00 1.9273811563110637e+00 2.1847617575743126e-07
3.5983648904074406e-05 -2.1999999999999971e-04 0.0000000000000000e+00 0.0000000000000000e+00 1.9273810899044979e+00 2.6435618239286297e-07
3.9254889713535716e-05 -2.3999999999999963e-04 0.0000000000000000e+00 0.0000000000000000e+00 1.9273810235020166e+00 3.1460571624107194e-07
4.2526130522997025e-05 -2.5999999999999960e-04 0.0000000000000000e+00 0.0000000000000000e+00 1.9273809570952254e+00 3.6922477778435784e-07
4.5797371332458335e-05 -2.7999999999999954e-04 0.0000000000000000e+00 0.0000000000000000e+00 1.9273808906899090e+00 4.2821336750501987e-07
4.9068612141919644e-05 -2.9999999999999949e-04 0.0000000000000000e+00 0.0000000000000000e+00 1.9273808242847252e+00 4.9157148588535736e-07
5.2339852951380954e-05 -3.1999999999999938e-04 0.0000000000000000e+00 0.0000000000000000e+00 1.9273807578814037e+00 5.5929913340766967e-07
5.5611093760842264e-05 -3.3999999999999921e-04 0.0000000000000000e+00 0.0000000000000000e+00 1.9273806914737976e+00 6.3139631055425607e-07
5.8882334570303573e-05 -3.5999999999999910e-04 0.0000000000000000e+00 0.0000000000000000e+00 1.9273806250699197e+00 7.0786301780741639e-07
6.2153575379764883e-05 -3.7999999999999905e-04 0.0000000000000000e+00 0.0000000000000000e+00 1.9273805586664274e+00 7.8869925564945014e-07
6.5424816189226193e-05 -3.9999999999999893e-04 0.0000000000000000e+00 0.0000000000000000e+00 1.9273804922625926e+00 8.7390502456265616e-07
6.8696056998687502e-05 -4.1999999999999888e-04 0.0000000000000000e+00 0.0000000000000000e+00 1.9273804258590228e+00 9.6348032502933430e-07
7.1967297808148812e-05 -4.3999999999999882e-04 0.0000000000000000e+00 0.0000000000000000e+00 1.9273803594551124e+00 1.0574251575317837e-06
7.5238538617610122e-05 -4.5999999999999871e-04 0.0000000000000000e+00 0.0000000000000000e+00 1.9273802930513821e+00 1.1557395225523038e-06
7.8509779427071431e-05 -4.7999999999999855e-04 0.0000000000000000e+00 0.0000000000000000e+00 1.9273802266478675e+00 1.2584234205731935e-06
8.1781020236532741e-05 -4.9999999999999838e-04 0.0000000000000000e+00 0.0000000000000000e+00 1.9273801602444580e+00 1.3654768520767532e-06
8.5052261045994050e-05 -5.1999999999999833e-04 0.0000000000000000e+00 0.0000000000000000e+00 1.9273800938412806e+00 1.4768998175452820e-06
8.8323501855455360e-05 -5.3999999999999838e-04 0.0000000000000000e+00 0.0000000000000000e+00 1.9273800274377668e+00 1.5926923174610800e-06
9.1594742664916670e-05 -5.5999999999999843e-04 0.0000000000000000e+00 0.0000000000000000e+00 1.9273799610341895e+00 1.7128543523064457e-06
9.4865983474377979e-05 -5.7999999999999838e-04 0.0000000000000000e+00 0.0000000000000000e+00 1.9273798946315053e+00 1.8373859225636779e-06
9.8137224283839289e-05 -5.9999999999999832e-04 0.0000000000000000e+00 0.0000000000000000e+00 1.9273798282300261e+00 1.9662870287150767e-06
1.0140846509330060e-04 -6.1999999999999827e-04 0.0000000000000000e+00 0.0000000000000000e+00 1.9273797618285242e+00 2.0995576712429414e-06
1.0467970590276191e-04 -6.3999999999999821e-04 0.0000000000000000e+00 0.0000000000000000e+00 1.9273796954258990e+00 2.2371978506295716e-06
1.0795094671222322e-04 -6.5999999999999804e-04 0.0000000000000000e+00 0.0000000000000000e+00 1.9273796290234984e+00 2.3792075673572658e-06
1.1122218752168453e-04 -6.7999999999999788e-04 0.0000000000000000e+00 0.0000000000000000e+00 1.9273795626225085e+00 2.5255868219083238e-06
1.1449342833114584e-04 -6.9999999999999772e-04 0.0000000000000000e+00 0.0000000000000000e+00 1.9273794962217710e+00 2.6763356147650460e-06
1.1776466914060715e-04 -7.1999999999999744e-04 0.0000000000000000e+00 0.0000000000000000e+00 1.9273794298201241e+00 2.8314539464097297e-06
1.2103590995006846e-04 -7.3999999999999706e-04 0.0000000000000000e+00 0.0000000000000000e+00 1.9273793634184306e+00 2.9909418173246745e-06
1.2430715075952977e-04 -7.5999999999999679e-04 0.0000000000000000e+00 0.0000000000000000e+00 1.9273792970186632e+00 3.1547992279921827e-06
1.2757839156899109e-04 -7.7999999999999662e-04 0.0000000000000000e+00 0.0000000000000000e+00 1.9273792306173856e+00 3.3230261788945524e-06
1.3084963237845241e-04 -7.9999999999999657e-04 0.0000000000000000e+00 0.0000000000000000e+00 1.9273791642164930e+00 3.4956226705140837e-06
1.3412087318791374e-04 -8.1999999999999651e-04 0.0000000000000000e+00 0.0000000000000000e+00 1.9273790978172980e+00 3.6725887033330749e-06
1.3739211399737506e-04 -8.3999999999999657e-04 0.0000000000000000e+00 0.0000000000000000e+00 1.9273790314164172e+00 3.8539242778338264e-06
1.4066335480683638e-04 -8.5999999999999673e-04 0.0000000000000000e+00 0.0000000000000000e+00 1.9273789650167641e+00 4.0396293944986381e-06
1.4393459561629771e-04 -8.7999999999999689e-04 0.0000000000000000e+00 0.0000000000000000e+00 1.9273788986173532e+00 4.2297040538098072e-06
1.4720583642575903e-04 -8.9999999999999705e-04 0.0000000000000000e+00 0.0000000000000000e+00 1.9273788322173260e+00 4.4241482562496344e-06
1.5047707723522035e-04 -9.1999999999999732e-04 0.0000000000000000e+00 0.0000000000000000e+00 1.9273787658190304e+00 4.6229620023004202e-06
1.5374831804468167e-04 -9.3999999999999759e-04 0.0000000000000000e+00 0.0000000000000000e+00 1.9273786994189814e+00 4.8261452924444617e-06
1.5701955885414300e-04 -9.5999999999999786e-04 0.0000000000000000e+00 0.0000000000000000e+00 1.9273786330210059e+00 5.0336981271640587e-06
1.6029079966360432e-04 -9.7999999999999823e-04 0.0000000000000000e+00 0.0000000000000000e+00 1.9273785666214671e+00 5.2456205069415134e-06
1.6356204047306564e-04 -9.9999999999999872e-04 0.0000000000000000e+00 0.0000000000000000e+00 1.9273785002237267e+00 5.4619124322591238e-06
1.6683328128252697e-04 -1.0199999999999992e-03 0.0000000000000000e+00 0.0000000000000000e+00 1.9273784338249433e+00 5.6825739035991880e-06
1.7010452209198829e-04 -1.0399999999999995e-03 0.0000000000000000e+00 0.0000000000000000e+00 1.9273783674273322e+00 5.9076049214440040e-06
1.7337576290144961e-04 -1.0599999999999997e-03 0.0000000000000000e+00 0.0000000000000000e+00 1.9273783010290209e+00 6.1370054862758715e-06
1.7664700371091094e-04 -1.0800000000000000e-03 0.0000000000000000e+00 0.0000000000000000e+00 1.9273782346313990e+00 6.3707755985770927e-06
1.7991824452037226e-04 -1.1000000000000003e-03 0.0000000000000000e+00 0.0000000000000000e+00 1.9273781682336413e+00 6.6089152588299657e-06
1.8318948532983358e-04 -1.1200000000000003e-03 0.0000000000000000e+00 0.0000000000000000e+00 1.9273781018367482e+00 6.8514244675167876e-06
1.8646072613929491e-04 -1.1400000000000002e-03 0.0000000000000000e+00 0.0000000000000000e+00 1.9273780354392487e+00 7.0983032251198556e-06
1.8973196694875623e-04 -1.1600000000000000e-03 0.0000000000000000e+00 0.0000000000000000e+00 1.9273779690425652e+00 7.3495515321214737e-06
1.9300320775821755e-04 -1.1800000000000001e-03 0.0000000000000000e+00 0.0000000000000000e+00 1.9273779026453297e+00 7.6051693890039449e-06
1.9627444856767888e-04 -1.2000000000000014e-03 0.0000000000000000e+00 0.0000000000000000e+00 1.9273778362494374e+00 7.8651567962495800e-06
1.9954568937714020e-04 -1.2200000000000025e-03 0.0000000000000000e+00 0.0000000000000000e+00 1.9273777698523662e+00 8.1295137543406626e-06
2.0281693018660152e-04 -1.2400000000000039e-03 0.0000000000000000e+00 0.0000000000000000e+00 1.9273777034568029e+00 8.3982402637594950e-06
2.0608817099606285e-04 -1.2600000000000053e-03 0.0000000000000000e+00 0.0000000000000000e+00 1.9273776370601627e+00 8.6713363249883743e-06
2.0935941180552417e-04 -1.2800000000000068e-03 0.0000000000000000e+00 0.0000000000000000e+00 1.9273775706649610e+00 8.9488019385096045e-06
2.1263065261498549e-04 -1.3000000000000084e-03 0.0000000000000000e+00 0.0000000000000000e+00 1.9273775042688572e+00 9.2306371048054793e-06
2.1590189342444682e-04 -1.3200000000000102e-03 0.0000000000000000e+00 0.0000000000000000e+00 1.9273774378735944e+00 9.5168418243583044e-06
2.1917313423390814e-04 -1.3400000000000122e-03 0.0000000000000000e+00 0.0000000000000000e+00 1.9273773714787328e+00 9.8074160976503770e-06
2.2244437504336946e-04 -1.3600000000000144e-03 0.0000000000000000e+00 0.0000000000000000e+00 1.9273773050832177e+00 1.0102359925163996e-05
2.2571561585283078e-04 -1.3800000000000166e-03 0.0000000000000000e+00 0.0000000000000000e+00 1.9273772386888905e+00 1.0401673307381464e-05
2.2898685666229211e-04 -1.4000000000000191e-03 0.0000000000000000e+00 0.0000000000000000e+00 1.9273771722938244e+00 1.0705356244785073e-05
2.3225809747175343e-04 -1.4200000000000213e-03 0.0000000000000000e+00 0.0000000000000000e+00 1.9273771058996321e+00 1.1013408737857126e-05
2.3552933828121475e-04 -1.4400000000000237e-03 0.0000000000000000e+00 0.0000000000000000e+00 1.9273770395054359e+00 1.1325830787079923e-05
2.3880057909067608e-04 -1.4600000000000264e-03 0.0000000000000000e+00 0.0000000000000000e+00 1.9273769731109995e+00 1.1642622392935765e-05
2.4207181990013740e-04 -1.4800000000000293e-03 0.0000000000000000e+00 0.0000000000000000e+00 1.9273769067177355e+00 1.1963783555906953e-05
2.4534306070959872e-04 -1.5000000000000319e-03 0.0000000000000000e+00 0.0000000000000000e+00 1.9273768403236067e+00 1.2289314276475777e-05
2.4861430151906002e-04 -1.5200000000000346e-03 0.0000000000000000e+00 0.0000000000000000e+00 1.9273767739303869e+00 1.2619214555124541e-05
2.5188554232852132e-04 -1.5400000000000370e-03 0.0000000000000000e+00 0.0000000000000000e+00 1.9273767075373467e+00 1.2953484392335543e-05
2.5515678313798261e-04 -1.5600000000000394e-03 0.0000000000000000e+00 0.0000000000000000e+00 1.9273766411436921e+00 1.3292123788591081e-05
2.5842802394744391e-04 -1.5800000000000417e-03 0.0000000000000000e+00 0.0000000000000000e+00 1.9273765747512441e+00 1.3635132744373457e-05
2.6169926475690520e-04 -1.6000000000000439e-03 0.0000000000000000e+00 0.0000000000000000e+00 1.9273765083584484e+00 1.3982511260164967e-05
2.6497050556636650e-04 -1.6200000000000463e-03 0.0000000000000000e+00 0.0000000000000000e+00 1.9273764419656034e+00 1.4334259336447921e-05
2.6824174637582780e-04 -1.6400000000000485e-03 0.0000000000000000e+00 0.0000000000000000e+00 1.9273763755737705e+00 1.4690376973704605e-05
2.7151298718528909e-04 -1.6600000000000505e-03 0.0000000000000000e+00 0.0000000000000000e+00 1.9273763091814686e+00 1.5050864172417321e-05
2.7478422799475039e-04 -1.6800000000000528e-03 0.0000000000000000e+00 0.0000000000000000e+00 1.9273762427894019e+00 1.5415720933068378e-05
2.7805546880421168e-04 -1.7000000000000548e-03 0.0000000000000000e+00 0.0000000000000000e+00 1.9273761763980723e+00 1.5784947256140067e-05
2.8132670961367298e-04 -1.7200000000000568e-03 0.0000000000000000e+00 0.0000000000000000e+00 1.9273761100061781e+00 1.6158543142114682e-05
2.8459795042313428e-04 -1.7400000000000588e-03 0.0000000000000000e+00 0.0000000000000000e+00 1.9273760436147838e+00 1.6536508591474540e-05
2.8786919123259557e-04 -1.7600000000000606e-03 0.0000000000000000e+00 0.0000000000000000e+00 1.9273759772240338e+00 1.6918843604701923e-05
2.9114043204205687e-04 -1.7800000000000621e-03 0.0000000000000000e+00 0.0000000000000000e+00 1.9273759108326085e+00 1.7305548182279132e-05
2.9441167285151817e-04 -1.8000000000000637e-03 0.0000000000000000e+00 0.0000000000000000e+00 1.9273758444418725e+00 1.7696622324688474e-05
2.9768291366097946e-04 -1.8200000000000655e-03 0.0000000000000000e+00 0.0000000000000000e+00 1.9273757780517129e+00 1.8092066032412247e-05
3.0095415447044076e-04 -1.8400000000000673e-03 0.0000000000000000e+00 0.0000000000000000e+00 1.9273757116610040e+00 1.8491879305932757e-05
3.0422539527990205e-04 -1.8600000000000686e-03 0.0000000000000000e+00 0.0000000000000000e+00 1.9273756452708117e+00 1.8896062145732286e-05
3.0749663608936335e-04 -1.8800000000000700e-03 0.0000000000000000e+00 0.0000000000000000e+00 1.9273755788811910e+00 1.9304614552293139e-05
3.1076787689882465e-04 -1.9000000000000716e-03 0.0000000000000000e+00 0.0000000000000000e+00 1.9273755124912151e+00 1.9717536526097629e-05
3.1403911770828594e-04 -1.9200000000000729e-03 0.0000000000000000e+00 0.0000000000000000e+00 1.9273754461013481e+00 2.0134828067628045e-05
3.1731035851774724e-04 -1.9400000000000745e-03 0.0000000000000000e+00 0.0000000000000000e+00 1.9273753797123627e+00 2.0556489177366685e-05
3.2058159932720853e-04 -1.9600000000000767e-03 0.0000000000000000e+00 0.0000000000000000e+00 1.9273753133229814e+00 2.0982519855795865e-05
3.2385284013666983e-04 -1.9800000000000789e-03 0.0000000000000000e+00 0.0000000000000000e+00 1.9273752469337100e+00 2.1412920103397882e-05
3.2712408094613113e-04 -2.0000000000000811e-03 0.0000000000000000e+00 0.0000000000000000e+00 1.9273751805450874e+00 2.1847689920655016e-05
