8.6491106406735161e-06 -1.9999999999999988e-05 0.0000000000000000e+00 0.0000000000000000e+00 1.6310489868984985e+00 3.4971227188835450e-09
1.7298221281347032e-05 -4.0000000000000024e-05 0.0000000000000000e+00 0.0000000000000000e+00 1.6310486780457003e+00 1.3988494805551326e-08
2.5947331922020550e-05 -6.0000000000000029e-05 0.0000000000000000e+00 0.0000000000000000e+00 1.6310483691575208e+00 3.1474122155029000e-08
3.4596442562694071e-05 -7.9999999999999993e-05 0.0000000000000000e+00 0.0000000000000000e+00 1.6310480602625179e+00 5.5954010662342187e-08
4.3245553203367592e-05 -1.0000000000000002e-04 0.0000000000000000e+00 0.0000000000000000e+00 1.6310477513718606e+00 8.7428166222516707e-08
5.1894663844041114e-05 -1.2000000000000013e-04 0.0000000000000000e+00 0.0000000000000000e+00 1.6310474424878849e+00 1.2589659473057827e-07
6.0543774484714635e-05 -1.4000000000000031e-04 0.0000000000000000e+00 0.0000000000000000e+00 1.6310471335975758e+00 1.7135930208155268e-07
6.9192885125388156e-05 -1.6000000000000042e-04 0.0000000000000000e+00 0.0000000000000000e+00 1.6310468247147738e+00 2.2381629417046536e-07
7.7841995766061677e-05 -1.8000000000000036e-04 0.0000000000000000e+00 0.0000000000000000e+00 1.6310465158254561e+00 2.8326757689234150e-07
8.6491106406735198e-05 -2.0000000000000031e-04 0.0000000000000000e+00 0.0000000000000000e+00 1.6310462069406737e+00 3.4971315614220734e-07
9.5140217047408719e-05 -2.2000000000000017e-04 0.0000000000000000e+00 0.0000000000000000e+00 1.6310458980566385e+00 4.2315303781508808e-07
1.0378932768808224e-04 -2.3999999999999987e-04 0.0000000000000000e+00 0.0000000000000000e+00 1.6310455891751041e+00 5.0358722780600921e-07
1.1243843832875576e-04 -2.5999999999999971e-04 0.0000000000000000e+00 0.0000000000000000e+00 1.6310452802937374e+00 5.9101573200999725e-07
1.2108754896942928e-04 -2.7999999999999970e-04 0.0000000000000000e+00 0.0000000000000000e+00 1.6310449714098656e+00 6.8543855632207827e-07
1.2973665961010279e-04 -2.9999999999999949e-04 0.0000000000000000e+00 0.0000000000000000e+00 1.6310446625317259e+00 7.8685570663727623e-07
1.3838577025077628e-04 -3.1999999999999943e-04 0.0000000000000000e+00 0.0000000000000000e+00 1.6310443536499621e+00 8.9526718885061856e-07
1.4703488089144978e-04 -3.3999999999999954e-04 0.0000000000000000e+00 0.0000000000000000e+00 1.6310440447717918e+00 1.0106730088571311e-06
1.5568399153212327e-04 -3.5999999999999959e-04 0.0000000000000000e+00 0.0000000000000000e+00 1.6310437358952343e+00 1.1330731725518385e-06
1.6433310217279677e-04 -3.7999999999999980e-04 0.0000000000000000e+00 0.0000000000000000e+00 1.6310434270174807e+00 1.2624676858297676e-06
1.7298221281347026e-04 -4.0000000000000045e-04 0.0000000000000000e+00 0.0000000000000000e+00 1.6310431181404541e+00 1.3988565545859456e-06
1.8163132345414376e-04 -4.2000000000000132e-04 0.0000000000000000e+00 0.0000000000000000e+00 1.6310428092652103e+00 1.5422397847153976e-06
1.9028043409481725e-04 -4.4000000000000208e-04 0.0000000000000000e+00 0.0000000000000000e+00 1.6310425003912461e+00 1.6926173821131474e-06
1.9892954473549074e-04 -4.6000000000000310e-04 0.0000000000000000e+00 0.0000000000000000e+00 1.6310421915182285e+00 1.8499893526742225e-06
2.0757865537616424e-04 -4.8000000000000462e-04 0.0000000000000000e+00 0.0000000000000000e+00 1.6310418826456319e+00 2.0143557022936513e-06
2.1622776601683773e-04 -5.0000000000000587e-04 0.0000000000000000e+00 0.0000000000000000e+00 1.6310415737741966e+00 2.1857164368664537e-06
2.2487687665751123e-04 -5.2000000000000700e-04 0.0000000000000000e+00 0.0000000000000000e+00 1.6310412649032642e+00 2.3640715622876565e-06
2.3352598729818472e-04 -5.4000000000000760e-04 0.0000000000000000e+00 0.0000000000000000e+00 1.6310409560335812e+00 2.5494210844522821e-06
2.4217509793885821e-04 -5.6000000000000765e-04 0.0000000000000000e+00 0.0000000000000000e+00 1.6310406471648882e+00 2.7417650092553539e-06
2.5082420857953171e-04 -5.8000000000000738e-04 0.0000000000000000e+00 0.0000000000000000e+00 1.6310403382975935e+00 2.9411033425919008e-06
2.5947331922020520e-04 -6.0000000000000689e-04 0.0000000000000000e+00 0.0000000000000000e+00 1.6310400294311493e+00 3.1474360903569490e-06
2.6812242986087870e-04 -6.2000000000000651e-04 0.0000000000000000e+00 0.0000000000000000e+00 1.6310397205650122e+00 3.3607632584455270e-06
2.7677154050155219e-04 -6.4000000000000558e-04 0.0000000000000000e+00 0.0000000000000000e+00 1.6310394116994198e+00 3.5810848527526536e-06
2.8542065114222568e-04 -6.6000000000000422e-04 0.0000000000000000e+00 0.0000000000000000e+00 1.6310391028346354e+00 3.8084008791733548e-06
2.9406976178289918e-04 -6.8000000000000254e-04 0.0000000000000000e+00 0.0000000000000000e+00 1.6310387939717548e+00 4.0427113436026585e-06
3.0271887242357267e-04 -7.0000000000000032e-04 0.0000000000000000e+00 0.0000000000000000e+00 1.6310384851099524e+00 4.2840162519355866e-06
3.1136798306424617e-04 -7.1999999999999885e-04 0.0000000000000000e+00 0.0000000000000000e+00 1.6310381762477331e+00 4.5323156100671785e-06
3.2001709370491966e-04 -7.3999999999999728e-04 0.0000000000000000e+00 0.0000000000000000e+00 1.6310378673868904e+00 4.7876094238924514e-06
3.2866620434559315e-04 -7.5999999999999495e-04 0.0000000000000000e+00 0.0000000000000000e+00 1.6310375585281494e+00 5.0498976993064226e-06
3.3731531498626665e-04 -7.7999999999999261e-04 0.0000000000000000e+00 0.0000000000000000e+00 1.6310372496691321e+00 5.3191804422041280e-06
3.4596442562694014e-04 -7.9999999999999104e-04 0.0000000000000000e+00 0.0000000000000000e+00 1.6310369408106162e+00 5.5954576584805993e-06
3.5461353626761364e-04 -8.1999999999998903e-04 0.0000000000000000e+00 0.0000000000000000e+00 1.6310366319544711e+00 5.8787293540308512e-06
3.6326264690828713e-04 -8.3999999999998648e-04 0.0000000000000000e+00 0.0000000000000000e+00 1.6310363230981748e+00 6.1689955347499052e-06
3.7191175754896062e-04 -8.5999999999998415e-04 0.0000000000000000e+00 0.0000000000000000e+00 1.6310360142426970e+00 6.4662562065327981e-06
3.8056086818963412e-04 -8.7999999999998149e-04 0.0000000000000000e+00 0.0000000000000000e+00 1.6310357053892046e+00 6.7705113752745480e-06
3.8920997883030761e-04 -8.9999999999997829e-04 0.0000000000000000e+00 0.0000000000000000e+00 1.6310353965352145e+00 7.0817610468701756e-06
3.9785908947098111e-04 -9.1999999999997596e-04 0.0000000000000000e+00 0.0000000000000000e+00 1.6310350876834134e+00 7.4000052272147287e-06
4.0650820011165460e-04 -9.3999999999997265e-04 0.0000000000000000e+00 0.0000000000000000e+00 1.6310347788317794e+00 7.7252439222032041e-06
4.1515731075232810e-04 -9.5999999999996988e-04 0.0000000000000000e+00 0.0000000000000000e+00 1.6310344699808652e+00 8.0574771377306531e-06
4.2380642139300159e-04 -9.7999999999996744e-04 0.0000000000000000e+00 0.0000000000000000e+00 1.6310341611318053e+00 8.3967048796920962e-06
4.3245553203367508e-04 -9.9999999999996424e-04 0.0000000000000000e+00 0.0000000000000000e+00 1.6310338522823766e+00 8.7429271539825407e-06
4.4110464267434858e-04 -1.0199999999999602e-03 0.0000000000000000e+00 0.0000000000000000e+00 1.6310335434352781e+00 9.0961439664970140e-06
4.4975375331502207e-04 -1.0399999999999572e-03 0.0000000000000000e+00 0.0000000000000000e+00 1.6310332345877625e+00 9.4563553231305706e-06
4.5840286395569557e-04 -1.0599999999999531e-03 0.0000000000000000e+00 0.0000000000000000e+00 1.6310329257423684e+00 9.8235612297782006e-06
4.6705197459636906e-04 -1.0799999999999482e-03 0.0000000000000000e+00 0.0000000000000000e+00 1.6310326168966862e+00 1.0197761692334932e-05
4.7570108523704255e-04 -1.0999999999999424e-03 0.0000000000000000e+00 0.0000000000000000e+00 1.6310323080530291e+00 1.0578956716695791e-05
4.8435019587771605e-04 -1.1199999999999368e-03 0.0000000000000000e+00 0.0000000000000000e+00 1.6310319992093643e+00 1.0967146308755821e-05
4.9299930651838949e-04 -1.1399999999999316e-03 0.0000000000000000e+00 0.0000000000000000e+00 1.6310316903675008e+00 1.1362330474410052e-05
5.0164841715906287e-04 -1.1599999999999261e-03 0.0000000000000000e+00 0.0000000000000000e+00 1.6310313815254962e+00 1.1764509219553495e-05
5.1029752779973626e-04 -1.1799999999999207e-03 0.0000000000000000e+00 0.0000000000000000e+00 1.6310310726855288e+00 1.2173682550081183e-05
5.1894663844040964e-04 -1.1999999999999164e-03 0.0000000000000000e+00 0.0000000000000000e+00 1.6310307638454029e+00 1.2589850471888163e-05
5.2759574908108303e-04 -1.2199999999999117e-03 0.0000000000000000e+00 0.0000000000000000e+00 1.6310304550072534e+00 1.3013012990869430e-05
5.3624485972175642e-04 -1.2399999999999065e-03 0.0000000000000000e+00 0.0000000000000000e+00 1.6310301461689096e+00 1.3443170112920012e-05
5.4489397036242980e-04 -1.2599999999999018e-03 0.0000000000000000e+00 0.0000000000000000e+00 1.6310298373325913e+00 1.3880321843934949e-05
5.5354308100310319e-04 -1.2799999999998965e-03 0.0000000000000000e+00 0.0000000000000000e+00 1.6310295284960932e+00 1.4324468189809247e-05
5.6219219164377657e-04 -1.2999999999998915e-03 0.0000000000000000e+00 0.0000000000000000e+00 1.6310292196614726e+00 1.4775609156437952e-05
5.7084130228444996e-04 -1.3199999999998872e-03 0.0000000000000000e+00 0.0000000000000000e+00 1.6310289108270295e+00 1.5233744749716095e-05
5.7949041292512334e-04 -1.3399999999998840e-03 0.0000000000000000e+00 0.0000000000000000e+00 1.6310286019939948e+00 1.5698874975538710e-05
5.8813952356579673e-04 -1.3599999999998817e-03 0.0000000000000000e+00 0.0000000000000000e+00 1.6310282931618376e+00 1.6170999839800819e-05
5.9678863420647012e-04 -1.3799999999998807e-03 0.0000000000000000e+00 0.0000000000000000e+00 1.6310279843301487e+00 1.6650119348397462e-05
6.0543774484714350e-04 -1.3999999999998781e-03 0.0000000000000000e+00 0.0000000000000000e+00 1.6310276755000623e+00 1.7136233507223601e-05
6.1408685548781689e-04 -1.4199999999998760e-03 0.0000000000000000e+00 0.0000000000000000e+00 1.6310273666699768e+00 1.7629342322174300e-05
6.2273596612849027e-04 -1.4399999999998730e-03 0.0000000000000000e+00 0.0000000000000000e+00 1.6310270578417101e+00 1.8129445799144563e-05
6.3138507676916366e-04 -1.4599999999998709e-03 0.0000000000000000e+00 0.0000000000000000e+00 1.6310267490137476e+00 1.8636543944029449e-05
6.4003418740983704e-04 -1.4799999999998684e-03 0.0000000000000000e+00 0.0000000000000000e+00 1.6310264401869423e+00 1.9150636762723961e-05
6.4868329805051043e-04 -1.4999999999998617e-03 0.0000000000000000e+00 0.0000000000000000e+00 1.6310261313613366e+00 1.9671724261123028e-05
6.5733240869118382e-04 -1.5199999999998546e-03 0.0000000000000000e+00 0.0000000000000000e+00 1.6310258225358452e+00 2.0199806445121769e-05
6.6598151933185720e-04 -1.5399999999998492e-03 0.0000000000000000e+00 0.0000000000000000e+00 1.6310255137121692e+00 2.0734883320615259e-05
6.7463062997253059e-04 -1.5599999999998430e-03 0.0000000000000000e+00 0.0000000000000000e+00 1.6310252048887988e+00 2.1276954893498458e-05
6.8327974061320397e-04 -1.5799999999998365e-03 0.0000000000000000e+00 0.0000000000000000e+00 1.6310248960664064e+00 2.1826021169666413e-05
6.9192885125387736e-04 -1.5999999999998318e-03 0.0000000000000000e+00 0.0000000000000000e+00 1.6310245872454137e+00 2.2382082155014190e-05
7.0057796189455074e-04 -1.6199999999998280e-03 0.0000000000000000e+00 0.0000000000000000e+00 1.6310242784245517e+00 2.2945137855436794e-05
7.0922707253522413e-04 -1.6399999999998241e-03 0.0000000000000000e+00 0.0000000000000000e+00 1.6310239696052562e+00 2.3515188276829238e-05
7.1787618317589751e-04 -1.6599999999998190e-03 0.0000000000000000e+00 0.0000000000000000e+00 1.6310236607867978e+00 2.4092233425086517e-05
7.2652529381657090e-04 -1.6799999999998147e-03 0.0000000000000000e+00 0.0000000000000000e+00 1.6310233519686743e+00 2.4676273306103700e-05
7.3517440445724429e-04 -1.6999999999998091e-03 0.0000000000000000e+00 0.0000000000000000e+00 1.6310230431521857e+00 2.5267307925775756e-05
7.4382351509791767e-04 -1.7199999999998039e-03 0.0000000000000000e+00 0.0000000000000000e+00 1.6310227343362647e+00 2.5865337289997768e-05
7.5247262573859106e-04 -1.7399999999998001e-03 0.0000000000000000e+00 0.0000000000000000e+00 1.6310224255210783e+00 2.6470361404664769e-05
7.6112173637926444e-04 -1.7599999999997951e-03 0.0000000000000000e+00 0.0000000000000000e+00 1.6310221167073506e+00 2.7082380275671740e-05
7.6977084701993783e-04 -1.7799999999997904e-03 0.0000000000000000e+00 0.0000000000000000e+00 1.6310218078940906e+00 2.7701393908913732e-05
7.7841995766061121e-04 -1.7999999999997844e-03 0.0000000000000000e+00 0.0000000000000000e+00 1.6310214990816985e+00 2.8327402310285720e-05
7.8706906830128460e-04 -1.8199999999997775e-03 0.0000000000000000e+00 0.0000000000000000e+00 1.6310211902706826e+00 2.8960405485682758e-05
7.9571817894195799e-04 -1.8399999999997719e-03 0.0000000000000000e+00 0.0000000000000000e+00 1.6310208814600489e+00 2.9600403440999922e-05
8.0436728958263137e-04 -1.8599999999997679e-03 0.0000000000000000e+00 0.0000000000000000e+00 1.6310205726504385e+00 3.0247396182132243e-05
8.1301640022330476e-04 -1.8799999999997629e-03 0.0000000000000000e+00 0.0000000000000000e+00 1.6310202638421649e+00 3.0901383714974685e-05
8.2166551086397814e-04 -1.8999999999997571e-03 0.0000000000000000e+00 0.0000000000000000e+00 1.6310199550342814e+00 3.1562366045422272e-05
8.3031462150465153e-04 -1.9199999999997520e-03 0.0000000000000000e+00 0.0000000000000000e+00 1.6310196462274538e+00 3.2230343179370075e-05
8.3896373214532491e-04 -1.9399999999997451e-03 0.0000000000000000e+00 0.0000000000000000e+00 1.6310193374218940e+00 3.2905315122713037e-05
8.4761284278599830e-04 -1.9599999999997380e-03 0.0000000000000000e+00 0.0000000000000000e+00 1.6310190286168333e+00 3.3587281881346243e-05
8.5626195342667169e-04 -1.9799999999997315e-03 0.0000000000000000e+00 0.0000000000000000e+00 1.6310187198125914e+00 3.4276243461164743e-05
8.6491106406734507e-04 -1.9999999999997234e-03 0.0000000000000000e+00 0.0000000000000000e+00 1.6310184110098136e+00 3.4972199868063482e-05
