3.2712408094613084e-06 -1.9999999999999998e-05 0.0000000000000000e+00 0.0000000000000000e+00 1.9273817689531763e+00 2.1847610159741630e-09
6.5424816189226167e-06 -4.0000000000000010e-05 0.0000000000000000e+00 0.0000000000000000e+00 1.9273817175529782e+00 8.7390443128253814e-09
9.8137224283839255e-06 -6.0000000000000022e-05 0.0000000000000000e+00 0.0000000000000000e+00 1.9273816661438257e+00 1.9662850263946743e-08
1.3084963237845235e-05 -8.0000000000000034e-05 0.0000000000000000e+00 0.0000000000000000e+00 1.9273816147220277e+00 3.4956179242731320e-08
1.6356204047306545e-05 -1.0000000000000006e-04 0.0000000000000000e+00 0.0000000000000000e+00 1.9273815633220104e+00 5.4619031622572228e-08
1.9627444856767854e-05 -1.2000000000000008e-04 0.0000000000000000e+00 0.0000000000000000e+00 1.9273815119049063e+00 7.8651407776862529e-08
2.2898685666229164e-05 -1.4000000000000012e-04 0.0000000000000000e+00 0.0000000000000000e+00 1.9273814604988682e+00 1.0705330807899533e-07
2.6169926475690474e-05 -1.6000000000000015e-04 0.0000000000000000e+00 0.0000000000000000e+00 1.9273814090827426e+00 1.3982473290236368e-07
2.9441167285151783e-05 -1.8000000000000020e-04 0.0000000000000000e+00 0.0000000000000000e+00 1.9273813576716881e+00 1.7696568262036075e-07
3.2712408094613096e-05 -2.0000000000000025e-04 0.0000000000000000e+00 0.0000000000000000e+00 1.9273813062609586e+00 2.1847615760637958e-07
3.5983648904074406e-05 -2.2000000000000031e-04 0.0000000000000000e+00 0.0000000000000000e+00 1.9273812548489555e+00 2.6435615823381323e-07
3.9254889713535716e-05 -2.4000000000000041e-04 0.0000000000000000e+00 0.0000000000000000e+00 1.9273812034409588e+00 3.1460568487605494e-07
4.2526130522997025e-05 -2.6000000000000052e-04 0.0000000000000000e+00 0.0000000000000000e+00 1.9273811520285751e+00 3.6922473790649768e-07
4.5797371332458335e-05 -2.8000000000000063e-04 0.0000000000000000e+00 0.0000000000000000e+00 1.9273811006175883e+00 4.2821331769853442e-07
4.9068612141919644e-05 -3.0000000000000079e-04 0.0000000000000000e+00 0.0000000000000000e+00 1.9273810492066565e+00 4.9157142462555869e-07
5.2339852951380954e-05 -3.2000000000000100e-04 0.0000000000000000e+00 0.0000000000000000e+00 1.9273809977975092e+00 5.5929905906096325e-07
5.5611093760842264e-05 -3.4000000000000116e-04 0.0000000000000000e+00 0.0000000000000000e+00 1.9273809463840001e+00 6.3139622137814129e-07
5.8882334570303573e-05 -3.6000000000000127e-04 0.0000000000000000e+00 0.0000000000000000e+00 1.9273808949741416e+00 7.0786291195048538e-07
6.2153575379764883e-05 -3.8000000000000138e-04 0.0000000000000000e+00 0.0000000000000000e+00 1.9273808435645909e+00 7.8869913115138913e-07
6.5424816189226193e-05 -4.0000000000000154e-04 0.0000000000000000e+00 0.0000000000000000e+00 1.9273807921546191e+00 8.7390487935424551e-07
6.8696056998687502e-05 -4.2000000000000175e-04 0.0000000000000000e+00 0.0000000000000000e+00 1.9273807407448360e+00 9.6348015693244815e-07
7.1967297808148812e-05 -4.4000000000000197e-04 0.0000000000000000e+00 0.0000000000000000e+00 1.9273806893346341e+00 1.0574249642593894e-06
7.5238538617610122e-05 -4.6000000000000218e-04 0.0000000000000000e+00 0.0000000000000000e+00 1.9273806379245351e+00 1.1557393017084625e-06
7.8509779427071431e-05 -4.8000000000000245e-04 0.0000000000000000e+00 0.0000000000000000e+00 1.9273805865145739e+00 1.2584231696530611e-06
8.1781020236532741e-05 -5.0000000000000272e-04 0.0000000000000000e+00 0.0000000000000000e+00 1.9273805351046405e+00 1.3654765684665779e-06
8.5052261045994050e-05 -5.2000000000000299e-04 0.0000000000000000e+00 0.0000000000000000e+00 1.9273804836948609e+00 1.4768994985224055e-06
8.8323501855455360e-05 -5.4000000000000326e-04 0.0000000000000000e+00 0.0000000000000000e+00 1.9273804322846682e+00 1.5926919601939380e-06
9.1594742664916670e-05 -5.6000000000000364e-04 0.0000000000000000e+00 0.0000000000000000e+00 1.9273803808743339e+00 1.7128539538545680e-06
9.4865983474377979e-05 -5.8000000000000391e-04 0.0000000000000000e+00 0.0000000000000000e+00 1.9273803294648149e+00 1.8373854798776876e-06
9.8137224283839289e-05 -6.0000000000000407e-04 0.0000000000000000e+00 0.0000000000000000e+00 1.9273802780564231e+00 1.9662865386366907e-06
1.0140846509330060e-04 -6.2000000000000434e-04 0.0000000000000000e+00 0.0000000000000000e+00 1.9273802266479318e+00 2.0995571305049705e-06
1.0467970590276191e-04 -6.4000000000000461e-04 0.0000000000000000e+00 0.0000000000000000e+00 1.9273801752382391e+00 2.2371972558559203e-06
1.0795094671222322e-04 -6.6000000000000488e-04 0.0000000000000000e+00 0.0000000000000000e+00 1.9273801238286934e+00 2.3792069150629322e-06
1.1122218752168453e-04 -6.8000000000000514e-04 0.0000000000000000e+00 0.0000000000000000e+00 1.9273800724204804e+00 2.5255861084994009e-06
1.1449342833114584e-04 -7.0000000000000552e-04 0.0000000000000000e+00 0.0000000000000000e+00 1.9273800210124430e+00 2.6763348365387196e-06
1.1776466914060715e-04 -7.2000000000000590e-04 0.0000000000000000e+00 0.0000000000000000e+00 1.9273799696034184e+00 2.8314530995542794e-06
1.2103590995006846e-04 -7.4000000000000628e-04 0.0000000000000000e+00 0.0000000000000000e+00 1.9273799181942690e+00 2.9909408979194746e-06
1.2430715075952977e-04 -7.6000000000000655e-04 0.0000000000000000e+00 0.0000000000000000e+00 1.9273798667869690e+00 3.1547982320076976e-06
1.2757839156899109e-04 -7.8000000000000692e-04 0.0000000000000000e+00 0.0000000000000000e+00 1.9273798153780806e+00 3.3230251021923425e-06
1.3084963237845241e-04 -8.0000000000000719e-04 0.0000000000000000e+00 0.0000000000000000e+00 1.9273797639695001e+00 3.4956215088468014e-06
1.3412087318791374e-04 -8.2000000000000757e-04 0.0000000000000000e+00 0.0000000000000000e+00 1.9273797125625387e+00 3.6725874523444680e-06
1.3739211399737506e-04 -8.4000000000000784e-04 0.0000000000000000e+00 0.0000000000000000e+00 1.9273796611538145e+00 3.8539229330587347e-06
1.4066335480683638e-04 -8.6000000000000822e-04 0.0000000000000000e+00 0.0000000000000000e+00 1.9273796097462403e+00 4.0396279513629957e-06
1.4393459561629771e-04 -8.8000000000000860e-04 0.0000000000000000e+00 0.0000000000000000e+00 1.9273795583388307e+00 4.2297025076306434e-06
1.4720583642575903e-04 -9.0000000000000887e-04 0.0000000000000000e+00 0.0000000000000000e+00 1.9273795069307276e+00 4.4241466022350703e-06
1.5047707723522035e-04 -9.2000000000000903e-04 0.0000000000000000e+00 0.0000000000000000e+00 1.9273794555242785e+00 4.6229602355496679e-06
1.5374831804468167e-04 -9.4000000000000919e-04 0.0000000000000000e+00 0.0000000000000000e+00 1.9273794041159977e+00 4.8261434079478331e-06
1.5701955885414300e-04 -9.6000000000000957e-04 0.0000000000000000e+00 0.0000000000000000e+00 1.9273793527097125e+00 5.0336961198029582e-06
1.6029079966360432e-04 -9.8000000000001016e-04 0.0000000000000000e+00 0.0000000000000000e+00 1.9273793013017877e+00 5.2456183714884382e-06
1.6356204047306564e-04 -1.0000000000000109e-03 0.0000000000000000e+00 0.0000000000000000e+00 1.9273792498955831e+00 5.4619101633776648e-06
1.6683328128252697e-04 -1.0200000000000116e-03 0.0000000000000000e+00 0.0000000000000000e+00 1.9273791984882580e+00 5.6825714958440303e-06
1.7010452209198829e-04 -1.0400000000000123e-03 0.0000000000000000e+00 0.0000000000000000e+00 1.9273791470820272e+00 5.9076023692609272e-06
1.7337576290144961e-04 -1.0600000000000130e-03 0.0000000000000000e+00 0.0000000000000000e+00 1.9273790956750194e+00 6.1370027840017489e-06
1.7664700371091094e-04 -1.0800000000000137e-03 0.0000000000000000e+00 0.0000000000000000e+00 1.9273790442686223e+00 6.3707727404398878e-06
1.7991824452037226e-04 -1.1000000000000144e-03 0.0000000000000000e+00 0.0000000000000000e+00 1.9273789928620131e+00 6.6089122389487371e-06
1.8318948532983358e-04 -1.1200000000000153e-03 0.0000000000000000e+00 0.0000000000000000e+00 1.9273789414561895e+00 6.8514212799016945e-06
1.8646072613929491e-04 -1.1400000000000164e-03 0.0000000000000000e+00 0.0000000000000000e+00 1.9273788900496835e+00 7.0982998636721506e-06
1.8973196694875623e-04 -1.1600000000000176e-03 0.0000000000000000e+00 0.0000000000000000e+00 1.9273788386439150e+00 7.3495479906334954e-06
1.9300320775821755e-04 -1.1800000000000187e-03 0.0000000000000000e+00 0.0000000000000000e+00 1.9273787872375172e+00 7.6051656611591256e-06
1.9627444856767888e-04 -1.2000000000000216e-03 0.0000000000000000e+00 0.0000000000000000e+00 1.9273787358323844e+00 7.8651528756224548e-06
1.9954568937714020e-04 -1.2200000000000247e-03 0.0000000000000000e+00 0.0000000000000000e+00 1.9273786844259959e+00 8.1295096343968560e-06
2.0281693018660152e-04 -1.2400000000000280e-03 0.0000000000000000e+00 0.0000000000000000e+00 1.9273786330210374e+00 8.3982359378557241e-06
2.0608817099606285e-04 -1.2600000000000311e-03 0.0000000000000000e+00 0.0000000000000000e+00 1.9273785816149243e+00 8.6713317863724448e-06
2.0935941180552417e-04 -1.2800000000000339e-03 0.0000000000000000e+00 0.0000000000000000e+00 1.9273785302101722e+00 8.9487971803204141e-06
2.1263065261498549e-04 -1.3000000000000370e-03 0.0000000000000000e+00 0.0000000000000000e+00 1.9273784788044406e+00 9.2306321200730276e-06
2.1590189342444682e-04 -1.3200000000000403e-03 0.0000000000000000e+00 0.0000000000000000e+00 1.9273784273994723e+00 9.5168366060036796e-06
2.1917313423390814e-04 -1.3400000000000434e-03 0.0000000000000000e+00 0.0000000000000000e+00 1.9273783759948282e+00 9.8074106384857575e-06
2.2244437504336946e-04 -1.3600000000000465e-03 0.0000000000000000e+00 0.0000000000000000e+00 1.9273783245894520e+00 1.0102354217892660e-05
2.2571561585283078e-04 -1.3800000000000496e-03 0.0000000000000000e+00 0.0000000000000000e+00 1.9273782731851863e+00 1.0401667344597776e-05
2.2898685666229211e-04 -1.4000000000000529e-03 0.0000000000000000e+00 0.0000000000000000e+00 1.9273782217801048e+00 1.0705350018974503e-05
2.3225809747175343e-04 -1.4200000000000560e-03 0.0000000000000000e+00 0.0000000000000000e+00 1.9273781703758195e+00 1.1013402241396229e-05
2.3552933828121475e-04 -1.4400000000000591e-03 0.0000000000000000e+00 0.0000000000000000e+00 1.9273781189714518e+00 1.1325824012236346e-05
2.3880057909067608e-04 -1.4600000000000624e-03 0.0000000000000000e+00 0.0000000000000000e+00 1.9273780675667673e+00 1.1642615331868256e-05
2.4207181990013740e-04 -1.4800000000000657e-03 0.0000000000000000e+00 0.0000000000000000e+00 1.9273780161631782e+00 1.1963776200665346e-05
2.4534306070959872e-04 -1.5000000000000690e-03 0.0000000000000000e+00 0.0000000000000000e+00 1.9273779647586449e+00 1.2289306619001011e-05
2.4861430151906002e-04 -1.5200000000000721e-03 0.0000000000000000e+00 0.0000000000000000e+00 1.9273779133549445e+00 1.2619206587248641e-05
2.5188554232852132e-04 -1.5400000000000752e-03 0.0000000000000000e+00 0.0000000000000000e+00 1.9273778619513457e+00 1.2953476105781627e-05
2.5515678313798261e-04 -1.5600000000000783e-03 0.0000000000000000e+00 0.0000000000000000e+00 1.9273778105470543e+00 1.3292115174973367e-05
2.5842802394744391e-04 -1.5800000000000816e-03 0.0000000000000000e+00 0.0000000000000000e+00 1.9273777591438923e+00 1.3635123795197255e-05
2.6169926475690520e-04 -1.6000000000000846e-03 0.0000000000000000e+00 0.0000000000000000e+00 1.9273777077403058e+00 1.3982501966826679e-05
2.6497050556636650e-04 -1.6200000000000875e-03 0.0000000000000000e+00 0.0000000000000000e+00 1.9273776563365921e+00 1.4334249690235033e-05
2.6824174637582780e-04 -1.6400000000000906e-03 0.0000000000000000e+00 0.0000000000000000e+00 1.9273776049338123e+00 1.4690366965795716e-05
2.7151298718528909e-04 -1.6600000000000939e-03 0.0000000000000000e+00 0.0000000000000000e+00 1.9273775535304862e+00 1.5050853793882119e-05
2.7478422799475039e-04 -1.6800000000000972e-03 0.0000000000000000e+00 0.0000000000000000e+00 1.9273775021273183e+00 1.5415710174867637e-05
2.7805546880421168e-04 -1.7000000000001003e-03 0.0000000000000000e+00 0.0000000000000000e+00 1.9273774507248096e+00 1.5784936109125650e-05
2.8132670961367298e-04 -1.7200000000001032e-03 0.0000000000000000e+00 0.0000000000000000e+00 1.9273773993216583e+00 1.6158531597029556e-05
2.8459795042313428e-04 -1.7400000000001058e-03 0.0000000000000000e+00 0.0000000000000000e+00 1.9273773479189302e+00 1.6536496638952754e-05
2.8786919123259557e-04 -1.7600000000001089e-03 0.0000000000000000e+00 0.0000000000000000e+00 1.9273772965167681e+00 1.6918831235268642e-05
2.9114043204205687e-04 -1.7800000000001122e-03 0.0000000000000000e+00 0.0000000000000000e+00 1.9273772451138538e+00 1.7305535386350607e-05
2.9441167285151817e-04 -1.8000000000001153e-03 0.0000000000000000e+00 0.0000000000000000e+00 1.9273771937115511e+00 1.7696609092572042e-05
2.9768291366097946e-04 -1.8200000000001182e-03 0.0000000000000000e+00 0.0000000000000000e+00 1.9273771423097472e+00 1.8092052354306338e-05
3.0095415447044076e-04 -1.8400000000001213e-03 0.0000000000000000e+00 0.0000000000000000e+00 1.9273770909073167e+00 1.8491865171926888e-05
3.0422539527990205e-04 -1.8600000000001239e-03 0.0000000000000000e+00 0.0000000000000000e+00 1.9273770395053249e+00 1.8896047545807081e-05
3.0749663608936335e-04 -1.8800000000001268e-03 0.0000000000000000e+00 0.0000000000000000e+00 1.9273769881038267e+00 1.9304599476320323e-05
3.1076787689882465e-04 -1.9000000000001294e-03 0.0000000000000000e+00 0.0000000000000000e+00 1.9273769367018962e+00 1.9717520963839994e-05
3.1403911770828594e-04 -1.9200000000001323e-03 0.0000000000000000e+00 0.0000000000000000e+00 1.9273768852999968e+00 2.0134812008739495e-05
3.1731035851774724e-04 -1.9400000000001348e-03 0.0000000000000000e+00 0.0000000000000000e+00 1.9273768338989024e+00 2.0556472611392209e-05
3.2058159932720853e-04 -1.9600000000001370e-03 0.0000000000000000e+00 0.0000000000000000e+00 1.9273767824973336e+00 2.0982502772171532e-05
3.2385284013666983e-04 -1.9800000000001388e-03 0.0000000000000000e+00 0.0000000000000000e+00 1.9273767310957981e+00 2.1412902491450856e-05
3.2712408094613113e-04 -2.0000000000001406e-03 0.0000000000000000e+00 0.0000000000000000e+00 1.9273766796948328e+00 2.1847671769603583e-05
