3.2712408094613084e-06 -1.9999999999999998e-05 0.0000000000000000e+00 0.0000000000000000e+00 1.9273817914462030e+00 2.1847609887475843e-09
6.5424816189226167e-06 -4.0000000000000010e-05 0.0000000000000000e+00 0.0000000000000000e+00 1.9273817625389524e+00 8.7390440950127499e-09
9.8137224283839255e-06 -6.0000000000000029e-05 0.0000000000000000e+00 0.0000000000000000e+00 1.9273817336226675e+00 1.9662849528829109e-08
1.3084963237845235e-05 -8.0000000000000034e-05 0.0000000000000000e+00 0.0000000000000000e+00 1.9273817046936588e+00 3.4956177500230261e-08
1.6356204047306545e-05 -1.0000000000000005e-04 0.0000000000000000e+00 0.0000000000000000e+00 1.9273816757863507e+00 5.4619028219249823e-08
1.9627444856767854e-05 -1.2000000000000007e-04 0.0000000000000000e+00 0.0000000000000000e+00 1.9273816468618761e+00 7.8651401895921432e-08
2.2898685666229164e-05 -1.4000000000000012e-04 0.0000000000000000e+00 0.0000000000000000e+00 1.9273816179483887e+00 1.0705329874027871e-07
2.6169926475690474e-05 -1.6000000000000020e-04 0.0000000000000000e+00 0.0000000000000000e+00 1.9273815890247341e+00 1.3982471896235530e-07
2.9441167285151783e-05 -1.8000000000000026e-04 0.0000000000000000e+00 0.0000000000000000e+00 1.9273815601060715e+00 1.7696566277218474e-07
3.2712408094613096e-05 -2.0000000000000028e-04 0.0000000000000000e+00 0.0000000000000000e+00 1.9273815311876541e+00 2.1847613037980055e-07
3.5983648904074406e-05 -2.2000000000000028e-04 0.0000000000000000e+00 0.0000000000000000e+00 1.9273815022678833e+00 2.6435612199523643e-07
3.9254889713535716e-05 -2.4000000000000025e-04 0.0000000000000000e+00 0.0000000000000000e+00 1.9273814733520402e+00 3.1460563782852584e-07
4.2526130522997025e-05 -2.6000000000000025e-04 0.0000000000000000e+00 0.0000000000000000e+00 1.9273814444317308e+00 3.6922467808970264e-07
4.5797371332458335e-05 -2.8000000000000025e-04 0.0000000000000000e+00 0.0000000000000000e+00 1.9273814155127382e+00 4.2821324298880038e-07
4.9068612141919644e-05 -3.0000000000000030e-04 0.0000000000000000e+00 0.0000000000000000e+00 1.9273813865937222e+00 4.9157133273585274e-07
5.2339852951380954e-05 -3.2000000000000030e-04 0.0000000000000000e+00 0.0000000000000000e+00 1.9273813576764107e+00 5.5929894754089309e-07
5.5611093760842264e-05 -3.4000000000000035e-04 0.0000000000000000e+00 0.0000000000000000e+00 1.9273813287546580e+00 6.3139608761395531e-07
5.8882334570303573e-05 -3.6000000000000046e-04 0.0000000000000000e+00 0.0000000000000000e+00 1.9273812998364765e+00 7.0786275316507330e-07
6.2153575379764883e-05 -3.8000000000000056e-04 0.0000000000000000e+00 0.0000000000000000e+00 1.9273812709185234e+00 7.8869894440427987e-07
6.5424816189226193e-05 -4.0000000000000072e-04 0.0000000000000000e+00 0.0000000000000000e+00 1.9273812420000702e+00 8.7390466154160957e-07
6.8696056998687502e-05 -4.2000000000000094e-04 0.0000000000000000e+00 0.0000000000000000e+00 1.9273812130817258e+00 9.6347990478709575e-07
7.1967297808148812e-05 -4.4000000000000115e-04 0.0000000000000000e+00 0.0000000000000000e+00 1.9273811841628836e+00 1.0574246743507718e-06
7.5238538617610122e-05 -4.6000000000000142e-04 0.0000000000000000e+00 0.0000000000000000e+00 1.9273811552440647e+00 1.1557389704426714e-06
7.8509779427071431e-05 -4.8000000000000164e-04 0.0000000000000000e+00 0.0000000000000000e+00 1.9273811263253040e+00 1.2584227932728277e-06
8.1781020236532741e-05 -5.0000000000000196e-04 0.0000000000000000e+00 0.0000000000000000e+00 1.9273810974064913e+00 1.3654761430512758e-06
8.5052261045994050e-05 -5.2000000000000223e-04 0.0000000000000000e+00 0.0000000000000000e+00 1.9273810684877548e+00 1.4768990199880478e-06
8.8323501855455360e-05 -5.4000000000000261e-04 0.0000000000000000e+00 0.0000000000000000e+00 1.9273810395685242e+00 1.5926914242931783e-06
9.1594742664916670e-05 -5.6000000000000299e-04 0.0000000000000000e+00 0.0000000000000000e+00 1.9273810106490730e+00 1.7128533561767003e-06
9.4865983474377979e-05 -5.8000000000000336e-04 0.0000000000000000e+00 0.0000000000000000e+00 1.9273809817303575e+00 1.8373848158486477e-06
9.8137224283839289e-05 -6.0000000000000374e-04 0.0000000000000000e+00 0.0000000000000000e+00 1.9273809528126908e+00 1.9662858035190537e-06
1.0140846509330060e-04 -6.2000000000000412e-04 0.0000000000000000e+00 0.0000000000000000e+00 1.9273809238948445e+00 2.0995563193979520e-06
1.0467970590276191e-04 -6.4000000000000439e-04 0.0000000000000000e+00 0.0000000000000000e+00 1.9273808949757176e+00 2.2371963636953759e-06
1.0795094671222322e-04 -6.6000000000000455e-04 0.0000000000000000e+00 0.0000000000000000e+00 1.9273808660566580e+00 2.3792059366213583e-06
1.1122218752168453e-04 -6.8000000000000460e-04 0.0000000000000000e+00 0.0000000000000000e+00 1.9273808371388517e+00 2.5255850383859334e-06
1.1449342833114584e-04 -7.0000000000000465e-04 0.0000000000000000e+00 0.0000000000000000e+00 1.9273808082211417e+00 2.6763336691991351e-06
1.1776466914060715e-04 -7.2000000000000471e-04 0.0000000000000000e+00 0.0000000000000000e+00 1.9273807793023654e+00 2.8314518292709972e-06
1.2103590995006846e-04 -7.4000000000000465e-04 0.0000000000000000e+00 0.0000000000000000e+00 1.9273807503833846e+00 2.9909395188115524e-06
1.2430715075952977e-04 -7.6000000000000460e-04 0.0000000000000000e+00 0.0000000000000000e+00 1.9273807214661742e+00 3.1547967380308350e-06
1.2757839156899109e-04 -7.8000000000000465e-04 0.0000000000000000e+00 0.0000000000000000e+00 1.9273806925472963e+00 3.3230234871388799e-06
1.3084963237845241e-04 -8.0000000000000481e-04 0.0000000000000000e+00 0.0000000000000000e+00 1.9273806636286455e+00 3.4956197663457203e-06
1.3412087318791374e-04 -8.2000000000000497e-04 0.0000000000000000e+00 0.0000000000000000e+00 1.9273806347115363e+00 3.6725855758613894e-06
1.3739211399737506e-04 -8.4000000000000524e-04 0.0000000000000000e+00 0.0000000000000000e+00 1.9273806057925833e+00 3.8539209158959205e-06
1.4066335480683638e-04 -8.6000000000000551e-04 0.0000000000000000e+00 0.0000000000000000e+00 1.9273805768747021e+00 4.0396257866593486e-06
1.4393459561629771e-04 -8.8000000000000578e-04 0.0000000000000000e+00 0.0000000000000000e+00 1.9273805479569059e+00 4.2297001883617057e-06
1.4720583642575903e-04 -9.0000000000000605e-04 0.0000000000000000e+00 0.0000000000000000e+00 1.9273805190383360e+00 4.4241441212130254e-06
1.5047707723522035e-04 -9.2000000000000642e-04 0.0000000000000000e+00 0.0000000000000000e+00 1.9273804901213412e+00 4.6229575854233422e-06
1.5374831804468167e-04 -9.4000000000000691e-04 0.0000000000000000e+00 0.0000000000000000e+00 1.9273804612024354e+00 4.8261405812026916e-06
1.5701955885414300e-04 -9.6000000000000751e-04 0.0000000000000000e+00 0.0000000000000000e+00 1.9273804322854464e+00 5.0336931087611054e-06
1.6029079966360432e-04 -9.8000000000000799e-04 0.0000000000000000e+00 0.0000000000000000e+00 1.9273804033667377e+00 5.2456151683086150e-06
1.6356204047306564e-04 -1.0000000000000085e-03 0.0000000000000000e+00 0.0000000000000000e+00 1.9273803744496700e+00 5.4619067600552563e-06
1.6683328128252697e-04 -1.0200000000000092e-03 0.0000000000000000e+00 0.0000000000000000e+00 1.9273803455314025e+00 5.6825678842110632e-06
1.7010452209198829e-04 -1.0400000000000097e-03 0.0000000000000000e+00 0.0000000000000000e+00 1.9273803166141499e+00 5.9075985409860677e-06
1.7337576290144961e-04 -1.0600000000000104e-03 0.0000000000000000e+00 0.0000000000000000e+00 1.9273802876960404e+00 6.1369987305903067e-06
1.7664700371091094e-04 -1.0800000000000113e-03 0.0000000000000000e+00 0.0000000000000000e+00 1.9273802587784630e+00 6.3707684532338131e-06
1.7991824452037226e-04 -1.1000000000000120e-03 0.0000000000000000e+00 0.0000000000000000e+00 1.9273802298605942e+00 6.6089077091266165e-06
1.8318948532983358e-04 -1.1200000000000127e-03 0.0000000000000000e+00 0.0000000000000000e+00 1.9273802009434313e+00 6.8514164984787528e-06
1.8646072613929491e-04 -1.1400000000000136e-03 0.0000000000000000e+00 0.0000000000000000e+00 1.9273801720255064e+00 7.0982948215002577e-06
1.8973196694875623e-04 -1.1600000000000143e-03 0.0000000000000000e+00 0.0000000000000000e+00 1.9273801431082396e+00 7.3495426784011596e-06
1.9300320775821755e-04 -1.1800000000000152e-03 0.0000000000000000e+00 0.0000000000000000e+00 1.9273801141902649e+00 7.6051600693914990e-06
1.9627444856767888e-04 -1.2000000000000175e-03 0.0000000000000000e+00 0.0000000000000000e+00 1.9273800852734755e+00 7.8651469946813231e-06
1.9954568937714020e-04 -1.2200000000000195e-03 0.0000000000000000e+00 0.0000000000000000e+00 1.9273800563553514e+00 8.1295034544806445e-06
2.0281693018660152e-04 -1.2400000000000217e-03 0.0000000000000000e+00 0.0000000000000000e+00 1.9273800274385773e+00 8.3982294489995052e-06
2.0608817099606285e-04 -1.2600000000000237e-03 0.0000000000000000e+00 0.0000000000000000e+00 1.9273799985205693e+00 8.6713249784479306e-06
2.0935941180552417e-04 -1.2800000000000257e-03 0.0000000000000000e+00 0.0000000000000000e+00 1.9273799696038429e+00 8.9487900430359576e-06
2.1263065261498549e-04 -1.3000000000000277e-03 0.0000000000000000e+00 0.0000000000000000e+00 1.9273799406860579e+00 9.2306246429736216e-06
2.1590189342444682e-04 -1.3200000000000297e-03 0.0000000000000000e+00 0.0000000000000000e+00 1.9273799117689572e+00 9.5168287784709546e-06
2.1917313423390814e-04 -1.3400000000000315e-03 0.0000000000000000e+00 0.0000000000000000e+00 1.9273798828520998e+00 9.8074024497379870e-06
2.2244437504336946e-04 -1.3600000000000335e-03 0.0000000000000000e+00 0.0000000000000000e+00 1.9273798539344329e+00 1.0102345656984759e-05
2.2571561585283078e-04 -1.3800000000000357e-03 0.0000000000000000e+00 0.0000000000000000e+00 1.9273798250177960e+00 1.0401658400421306e-05
2.2898685666229211e-04 -1.4000000000000379e-03 0.0000000000000000e+00 0.0000000000000000e+00 1.9273797961002639e+00 1.0705340680257659e-05
2.3225809747175343e-04 -1.4200000000000402e-03 0.0000000000000000e+00 0.0000000000000000e+00 1.9273797671834492e+00 1.1013392496703847e-05
2.3552933828121475e-04 -1.4400000000000422e-03 0.0000000000000000e+00 0.0000000000000000e+00 1.9273797382664726e+00 1.1325813849969902e-05
2.3880057909067608e-04 -1.4600000000000439e-03 0.0000000000000000e+00 0.0000000000000000e+00 1.9273797093491001e+00 1.1642604740265859e-05
2.4207181990013740e-04 -1.4800000000000457e-03 0.0000000000000000e+00 0.0000000000000000e+00 1.9273796804327428e+00 1.1963765167801753e-05
2.4534306070959872e-04 -1.5000000000000475e-03 0.0000000000000000e+00 0.0000000000000000e+00 1.9273796515153625e+00 1.2289295132787619e-05
2.4861430151906002e-04 -1.5200000000000495e-03 0.0000000000000000e+00 0.0000000000000000e+00 1.9273796225987356e+00 1.2619194635433498e-05
2.5188554232852132e-04 -1.5400000000000513e-03 0.0000000000000000e+00 0.0000000000000000e+00 1.9273795936821314e+00 1.2953463675949408e-05
2.5515678313798261e-04 -1.5600000000000529e-03 0.0000000000000000e+00 0.0000000000000000e+00 1.9273795647647554e+00 1.3292102254545391e-05
2.5842802394744391e-04 -1.5800000000000545e-03 0.0000000000000000e+00 0.0000000000000000e+00 1.9273795358484296e+00 1.3635110371431477e-05
2.6169926475690520e-04 -1.6000000000000560e-03 0.0000000000000000e+00 0.0000000000000000e+00 1.9273795069315984e+00 1.3982488026817704e-05
2.6497050556636650e-04 -1.6200000000000574e-03 0.0000000000000000e+00 0.0000000000000000e+00 1.9273794780145619e+00 1.4334235220914100e-05
2.6824174637582780e-04 -1.6400000000000587e-03 0.0000000000000000e+00 0.0000000000000000e+00 1.9273794490983802e+00 1.4690351953930704e-05
2.7151298718528909e-04 -1.6600000000000599e-03 0.0000000000000000e+00 0.0000000000000000e+00 1.9273794201815717e+00 1.5050838226077545e-05
2.7478422799475039e-04 -1.6800000000000612e-03 0.0000000000000000e+00 0.0000000000000000e+00 1.9273793912648429e+00 1.5415694037564663e-05
2.7805546880421168e-04 -1.7000000000000630e-03 0.0000000000000000e+00 0.0000000000000000e+00 1.9273793623486932e+00 1.5784919388602098e-05
2.8132670961367298e-04 -1.7200000000000650e-03 0.0000000000000000e+00 0.0000000000000000e+00 1.9273793334318223e+00 1.6158514279399875e-05
2.8459795042313428e-04 -1.7400000000000670e-03 0.0000000000000000e+00 0.0000000000000000e+00 1.9273793045152954e+00 1.6536478710168035e-05
2.8786919123259557e-04 -1.7600000000000690e-03 0.0000000000000000e+00 0.0000000000000000e+00 1.9273792755992545e+00 1.6918812681116595e-05
2.9114043204205687e-04 -1.7800000000000708e-03 0.0000000000000000e+00 0.0000000000000000e+00 1.9273792466823825e+00 1.7305516192455599e-05
2.9441167285151817e-04 -1.8000000000000724e-03 0.0000000000000000e+00 0.0000000000000000e+00 1.9273792177660429e+00 1.7696589244395069e-05
2.9768291366097946e-04 -1.8200000000000744e-03 0.0000000000000000e+00 0.0000000000000000e+00 1.9273791888501222e+00 1.8092031837145064e-05
3.0095415447044076e-04 -1.8400000000000759e-03 0.0000000000000000e+00 0.0000000000000000e+00 1.9273791599334955e+00 1.8491843970915591e-05
3.0422539527990205e-04 -1.8600000000000780e-03 0.0000000000000000e+00 0.0000000000000000e+00 1.9273791310172286e+00 1.8896025645916702e-05
3.0749663608936335e-04 -1.8800000000000795e-03 0.0000000000000000e+00 0.0000000000000000e+00 1.9273791021013766e+00 1.9304576862358419e-05
3.1076787689882465e-04 -1.9000000000000809e-03 0.0000000000000000e+00 0.0000000000000000e+00 1.9273790731850120e+00 1.9717497620450774e-05
3.1403911770828594e-04 -1.9200000000000820e-03 0.0000000000000000e+00 0.0000000000000000e+00 1.9273790442685996e+00 2.0134787920403802e-05
3.1731035851774724e-04 -1.9400000000000834e-03 0.0000000000000000e+00 0.0000000000000000e+00 1.9273790153529122e+00 2.0556447762427540e-05
3.2058159932720853e-04 -1.9600000000000849e-03 0.0000000000000000e+00 0.0000000000000000e+00 1.9273789864366713e+00 2.0982477146732027e-05
3.2385284013666983e-04 -1.9800000000000867e-03 0.0000000000000000e+00 0.0000000000000000e+00 1.9273789575203848e+00 2.1412876073527305e-05
3.2712408094613113e-04 -2.0000000000000885e-03 0.0000000000000000e+00 0.0000000000000000e+00 1.9273789286045897e+00 2.1847644543023391e-05
