8.6491106406735161e-06 -2.0000000000000015e-05 0.0000000000000000e+00 0.0000000000000000e+00 1.6310488814228847e+00 3.4971230543728193e-09
1.7298221281347032e-05 -3.9999999999999969e-05 0.0000000000000000e+00 0.0000000000000000e+00 1.6310484670952037e+00 1.3988497489465422e-08
2.5947331922020550e-05 -5.9999999999999968e-05 0.0000000000000000e+00 0.0000000000000000e+00 1.6310480527328712e+00 3.1474131213239122e-08
3.4596442562694071e-05 -7.9999999999999952e-05 0.0000000000000000e+00 0.0000000000000000e+00 1.6310476383644457e+00 5.5954032133655165e-08
4.3245553203367592e-05 -9.9999999999999937e-05 0.0000000000000000e+00 0.0000000000000000e+00 1.6310472240010960e+00 8.7428208158674835e-08
5.1894663844041114e-05 -1.1999999999999983e-04 0.0000000000000000e+00 0.0000000000000000e+00 1.6310468096451580e+00 1.2589666719625924e-07
6.0543774484714635e-05 -1.3999999999999969e-04 0.0000000000000000e+00 0.0000000000000000e+00 1.6310463952836167e+00 1.7135941715436966e-07
6.9192885125388156e-05 -1.5999999999999944e-04 0.0000000000000000e+00 0.0000000000000000e+00 1.6310459809303139e+00 2.2381646594096722e-07
7.7841995766061677e-05 -1.7999999999999933e-04 0.0000000000000000e+00 0.0000000000000000e+00 1.6310455665712242e+00 2.8326782146401371e-07
8.6491106406735198e-05 -1.9999999999999901e-04 0.0000000000000000e+00 0.0000000000000000e+00 1.6310451522174001e+00 3.4971349163146945e-07
9.5140217047408719e-05 -2.1999999999999890e-04 0.0000000000000000e+00 0.0000000000000000e+00 1.6310447378650537e+00 4.2315348435129692e-07
1.0378932768808224e-04 -2.3999999999999892e-04 0.0000000000000000e+00 0.0000000000000000e+00 1.6310443235159382e+00 5.0358780753145755e-07
1.1243843832875576e-04 -2.5999999999999889e-04 0.0000000000000000e+00 0.0000000000000000e+00 1.6310439091677200e+00 5.9101646907991169e-07
1.2108754896942928e-04 -2.7999999999999873e-04 0.0000000000000000e+00 0.0000000000000000e+00 1.6310434948177273e+00 6.8543947690462047e-07
1.2973665961010279e-04 -2.9999999999999840e-04 0.0000000000000000e+00 0.0000000000000000e+00 1.6310430804741964e+00 7.8685683891354447e-07
1.3838577025077628e-04 -3.1999999999999807e-04 0.0000000000000000e+00 0.0000000000000000e+00 1.6310426661277722e+00 8.9526856301464596e-07
1.4703488089144978e-04 -3.3999999999999791e-04 0.0000000000000000e+00 0.0000000000000000e+00 1.6310422517856697e+00 1.0106746571158870e-06
1.5568399153212327e-04 -3.5999999999999796e-04 0.0000000000000000e+00 0.0000000000000000e+00 1.6310418374459121e+00 1.1330751291252295e-06
1.6433310217279677e-04 -3.7999999999999823e-04 0.0000000000000000e+00 0.0000000000000000e+00 1.6310414231056884e+00 1.2624699869506346e-06
1.7298221281347026e-04 -3.9999999999999856e-04 0.0000000000000000e+00 0.0000000000000000e+00 1.6310410087669200e+00 1.3988592385000629e-06
1.8163132345414376e-04 -4.1999999999999893e-04 0.0000000000000000e+00 0.0000000000000000e+00 1.6310405944306652e+00 1.5422428916814758e-06
1.9028043409481725e-04 -4.3999999999999915e-04 0.0000000000000000e+00 0.0000000000000000e+00 1.6310401800964200e+00 1.6926209544028333e-06
1.9892954473549074e-04 -4.5999999999999942e-04 0.0000000000000000e+00 0.0000000000000000e+00 1.6310397657638516e+00 1.8499934345720977e-06
2.0757865537616424e-04 -4.7999999999999942e-04 0.0000000000000000e+00 0.0000000000000000e+00 1.6310393514324335e+00 2.0143603400972278e-06
2.1622776601683773e-04 -4.9999999999999893e-04 0.0000000000000000e+00 0.0000000000000000e+00 1.6310389371029066e+00 2.1857216788861838e-06
2.2487687665751123e-04 -5.1999999999999811e-04 0.0000000000000000e+00 0.0000000000000000e+00 1.6310385227746131e+00 2.3640774588469268e-06
2.3352598729818472e-04 -5.3999999999999740e-04 0.0000000000000000e+00 0.0000000000000000e+00 1.6310381084482988e+00 2.5494276878874219e-06
2.4217509793885821e-04 -5.5999999999999681e-04 0.0000000000000000e+00 0.0000000000000000e+00 1.6310376941237041e+00 2.7417723739156301e-06
2.5082420857953171e-04 -5.7999999999999621e-04 0.0000000000000000e+00 0.0000000000000000e+00 1.6310372798012380e+00 2.9411115248395130e-06
2.5947331922020520e-04 -5.9999999999999529e-04 0.0000000000000000e+00 0.0000000000000000e+00 1.6310368654803515e+00 3.1474451485670272e-06
2.6812242986087870e-04 -6.1999999999999393e-04 0.0000000000000000e+00 0.0000000000000000e+00 1.6310364511605016e+00 3.3607732530061337e-06
2.7677154050155219e-04 -6.3999999999999235e-04 0.0000000000000000e+00 0.0000000000000000e+00 1.6310360368419263e+00 3.5810958460647953e-06
2.8542065114222568e-04 -6.5999999999999013e-04 0.0000000000000000e+00 0.0000000000000000e+00 1.6310356225248892e+00 3.8084129356509692e-06
2.9406976178289918e-04 -6.7999999999998845e-04 0.0000000000000000e+00 0.0000000000000000e+00 1.6310352082104862e+00 4.0427245296726261e-06
3.0271887242357267e-04 -6.9999999999998709e-04 0.0000000000000000e+00 0.0000000000000000e+00 1.6310347938978897e+00 4.2840306360377283e-06
3.1136798306424617e-04 -7.1999999999998508e-04 0.0000000000000000e+00 0.0000000000000000e+00 1.6310343795856064e+00 4.5323312626542261e-06
3.2001709370491966e-04 -7.3999999999998286e-04 0.0000000000000000e+00 0.0000000000000000e+00 1.6310339652754307e+00 4.7876264174300836e-06
3.2866620434559315e-04 -7.5999999999998096e-04 0.0000000000000000e+00 0.0000000000000000e+00 1.6310335509680849e+00 5.0499161082732707e-06
3.3731531498626665e-04 -7.7999999999997874e-04 0.0000000000000000e+00 0.0000000000000000e+00 1.6310331366611925e+00 5.3192003430917387e-06
3.4596442562694014e-04 -7.9999999999997727e-04 0.0000000000000000e+00 0.0000000000000000e+00 1.6310327223555317e+00 5.5954791297934615e-06
3.5461353626761364e-04 -8.1999999999997537e-04 0.0000000000000000e+00 0.0000000000000000e+00 1.6310323080529716e+00 5.8787524762863898e-06
3.6326264690828713e-04 -8.3999999999997293e-04 0.0000000000000000e+00 0.0000000000000000e+00 1.6310318937509884e+00 6.1690203904784798e-06
3.7191175754896062e-04 -8.5999999999996973e-04 0.0000000000000000e+00 0.0000000000000000e+00 1.6310314794505554e+00 6.4662828802776879e-06
3.8056086818963412e-04 -8.7999999999996740e-04 0.0000000000000000e+00 0.0000000000000000e+00 1.6310310651528357e+00 6.7705399535920034e-06
3.8920997883030761e-04 -8.9999999999996441e-04 0.0000000000000000e+00 0.0000000000000000e+00 1.6310306508553478e+00 7.0817916183293599e-06
3.9785908947098111e-04 -9.1999999999996056e-04 0.0000000000000000e+00 0.0000000000000000e+00 1.6310302365607798e+00 7.4000378823977195e-06
4.0650820011165460e-04 -9.3999999999995650e-04 0.0000000000000000e+00 0.0000000000000000e+00 1.6310298222671069e+00 7.7252787537050498e-06
4.1515731075232810e-04 -9.5999999999995221e-04 0.0000000000000000e+00 0.0000000000000000e+00 1.6310294079748850e+00 8.0575142401593128e-06
4.2380642139300159e-04 -9.7999999999994858e-04 0.0000000000000000e+00 0.0000000000000000e+00 1.6310289936852449e+00 8.3967443496684812e-06
4.3245553203367508e-04 -9.9999999999994451e-04 0.0000000000000000e+00 0.0000000000000000e+00 1.6310285793959667e+00 8.7429690901405036e-06
4.4110464267434858e-04 -1.0199999999999404e-03 0.0000000000000000e+00 0.0000000000000000e+00 1.6310281651097478e+00 9.0961884694833456e-06
4.4975375331502207e-04 -1.0399999999999375e-03 0.0000000000000000e+00 0.0000000000000000e+00 1.6310277508238413e+00 9.4564024956049866e-06
4.5840286395569557e-04 -1.0599999999999347e-03 0.0000000000000000e+00 0.0000000000000000e+00 1.6310273365407859e+00 9.8236111764133734e-06
4.6705197459636906e-04 -1.0799999999999324e-03 0.0000000000000000e+00 0.0000000000000000e+00 1.6310269222581708e+00 1.0197814519816470e-05
4.7570108523704255e-04 -1.0999999999999298e-03 0.0000000000000000e+00 0.0000000000000000e+00 1.6310265079783119e+00 1.0579012533722231e-05
4.8435019587771605e-04 -1.1199999999999264e-03 0.0000000000000000e+00 0.0000000000000000e+00 1.6310260936991727e+00 1.0967205226038602e-05
4.9299930651838949e-04 -1.1399999999999223e-03 0.0000000000000000e+00 0.0000000000000000e+00 1.6310256794225655e+00 1.1362392604673551e-05
5.0164841715906287e-04 -1.1599999999999189e-03 0.0000000000000000e+00 0.0000000000000000e+00 1.6310252651465451e+00 1.1764574677535058e-05
5.1029752779973626e-04 -1.1799999999999164e-03 0.0000000000000000e+00 0.0000000000000000e+00 1.6310248508732936e+00 1.2173751452531092e-05
5.1894663844040964e-04 -1.1999999999999138e-03 0.0000000000000000e+00 0.0000000000000000e+00 1.6310244366006106e+00 1.2589922937569598e-05
5.2759574908108303e-04 -1.2199999999999123e-03 0.0000000000000000e+00 0.0000000000000000e+00 1.6310240223306340e+00 1.3013089140558559e-05
5.3624485972175642e-04 -1.2399999999999115e-03 0.0000000000000000e+00 0.0000000000000000e+00 1.6310236080611922e+00 1.3443250069405928e-05
5.4489397036242980e-04 -1.2599999999999098e-03 0.0000000000000000e+00 0.0000000000000000e+00 1.6310231937945057e+00 1.3880405732019636e-05
5.5354308100310319e-04 -1.2799999999999075e-03 0.0000000000000000e+00 0.0000000000000000e+00 1.6310227795283687e+00 1.4324556136307647e-05
5.6219219164377657e-04 -1.2999999999999065e-03 0.0000000000000000e+00 0.0000000000000000e+00 1.6310223652648370e+00 1.4775701290177964e-05
5.7084130228444996e-04 -1.3199999999999059e-03 0.0000000000000000e+00 0.0000000000000000e+00 1.6310219510022135e+00 1.5233841201538530e-05
5.7949041292512334e-04 -1.3399999999999040e-03 0.0000000000000000e+00 0.0000000000000000e+00 1.6310215367417267e+00 1.5698975878297274e-05
5.8813952356579673e-04 -1.3599999999999014e-03 0.0000000000000000e+00 0.0000000000000000e+00 1.6310211224828470e+00 1.6171105328362163e-05
5.9678863420647012e-04 -1.3799999999998993e-03 0.0000000000000000e+00 0.0000000000000000e+00 1.6310207082251644e+00 1.6650229559641188e-05
6.0543774484714350e-04 -1.3999999999998961e-03 0.0000000000000000e+00 0.0000000000000000e+00 1.6310202939698129e+00 1.7136348580042272e-05
6.1408685548781689e-04 -1.4199999999998938e-03 0.0000000000000000e+00 0.0000000000000000e+00 1.6310198797151929e+00 1.7629462397473423e-05
6.2273596612849027e-04 -1.4399999999998915e-03 0.0000000000000000e+00 0.0000000000000000e+00 1.6310194654631192e+00 1.8129571019842578e-05
6.3138507676916366e-04 -1.4599999999998883e-03 0.0000000000000000e+00 0.0000000000000000e+00 1.6310190512120806e+00 1.8636674455057686e-05
6.4003418740983704e-04 -1.4799999999998851e-03 0.0000000000000000e+00 0.0000000000000000e+00 1.6310186369629258e+00 1.9150772711026720e-05
6.4868329805051043e-04 -1.4999999999998784e-03 0.0000000000000000e+00 0.0000000000000000e+00 1.6310182227157015e+00 1.9671865795657568e-05
6.5733240869118382e-04 -1.5199999999998726e-03 0.0000000000000000e+00 0.0000000000000000e+00 1.6310178084693199e+00 2.0199953716858289e-05
6.6598151933185720e-04 -1.5399999999998661e-03 0.0000000000000000e+00 0.0000000000000000e+00 1.6310173942254820e+00 2.0735036482536803e-05
6.7463062997253059e-04 -1.5599999999998590e-03 0.0000000000000000e+00 0.0000000000000000e+00 1.6310169799826804e+00 2.1277114100601071e-05
6.8327974061320397e-04 -1.5799999999998504e-03 0.0000000000000000e+00 0.0000000000000000e+00 1.6310165657415834e+00 2.1826186578959037e-05
6.9192885125387736e-04 -1.5999999999998400e-03 0.0000000000000000e+00 0.0000000000000000e+00 1.6310161515026165e+00 2.2382253925518650e-05
7.0057796189455074e-04 -1.6199999999998303e-03 0.0000000000000000e+00 0.0000000000000000e+00 1.6310157372645098e+00 2.2945316148187935e-05
7.0922707253522413e-04 -1.6399999999998198e-03 0.0000000000000000e+00 0.0000000000000000e+00 1.6310153230286966e+00 2.3515373254874817e-05
7.1787618317589751e-04 -1.6599999999998094e-03 0.0000000000000000e+00 0.0000000000000000e+00 1.6310149087944517e+00 2.4092425253487283e-05
7.2652529381657090e-04 -1.6799999999998001e-03 0.0000000000000000e+00 0.0000000000000000e+00 1.6310144945612688e+00 2.4676472151933313e-05
7.3517440445724429e-04 -1.6999999999997896e-03 0.0000000000000000e+00 0.0000000000000000e+00 1.6310140803304496e+00 2.5267513958120807e-05
7.4382351509791767e-04 -1.7199999999997777e-03 0.0000000000000000e+00 0.0000000000000000e+00 1.6310136661009287e+00 2.5865550679957726e-05
7.5247262573859106e-04 -1.7399999999997645e-03 0.0000000000000000e+00 0.0000000000000000e+00 1.6310132518728688e+00 2.6470582325352034e-05
7.6112173637926444e-04 -1.7599999999997516e-03 0.0000000000000000e+00 0.0000000000000000e+00 1.6310128376469972e+00 2.7082608902211729e-05
7.6977084701993783e-04 -1.7799999999997384e-03 0.0000000000000000e+00 0.0000000000000000e+00 1.6310124234223238e+00 2.7701630418444760e-05
7.7841995766061121e-04 -1.7999999999997254e-03 0.0000000000000000e+00 0.0000000000000000e+00 1.6310120091992442e+00 2.8327646881959093e-05
7.8706906830128460e-04 -1.8199999999997127e-03 0.0000000000000000e+00 0.0000000000000000e+00 1.6310115949782711e+00 2.8960658300662707e-05
7.9571817894195799e-04 -1.8399999999997012e-03 0.0000000000000000e+00 0.0000000000000000e+00 1.6310111807584098e+00 2.9600664682463578e-05
8.0436728958263137e-04 -1.8599999999996881e-03 0.0000000000000000e+00 0.0000000000000000e+00 1.6310107665402980e+00 3.0247666035269590e-05
8.1301640022330476e-04 -1.8799999999996738e-03 0.0000000000000000e+00 0.0000000000000000e+00 1.6310103523242538e+00 3.0901662366988726e-05
8.2166551086397814e-04 -1.8999999999996585e-03 0.0000000000000000e+00 0.0000000000000000e+00 1.6310099381093284e+00 3.1562653685528931e-05
8.3031462150465153e-04 -1.9199999999996423e-03 0.0000000000000000e+00 0.0000000000000000e+00 1.6310095238961857e+00 3.2230639998798174e-05
8.3896373214532491e-04 -1.9399999999996271e-03 0.0000000000000000e+00 0.0000000000000000e+00 1.6310091096850401e+00 3.2905621314704496e-05
8.4761284278599830e-04 -1.9599999999996101e-03 0.0000000000000000e+00 0.0000000000000000e+00 1.6310086954751244e+00 3.3587597641155743e-05
8.5626195342667169e-04 -1.9799999999995941e-03 0.0000000000000000e+00 0.0000000000000000e+00 1.6310082812667537e+00 3.4276568986059977e-05
8.6491106406734507e-04 -1.9999999999995794e-03 0.0000000000000000e+00 0.0000000000000000e+00 1.6310078670605754e+00 3.4972535357325165e-05
