3.2385284013666983e-04 -1.9800000000000768e-03 0.0000000000000000e+00 0.0000000000000000e+00 1.9273782153546586e+00 2.1412884879501241e-05
3.2712408094613113e-04 -2.0000000000000794e-03 0.0000000000000000e+00 0.0000000000000000e+00 1.9273781789433158e+00 2.1847653618549553e-05
3.3121313195795776e-04 -2.0250000000000827e-03 0.0000000000000000e+00 0.0000000000000000e+00 1.9273781334291207e+00 2.2397259219766785e-05
3.3939123398161103e-04 -2.0750000000000894e-03 0.0000000000000000e+00 0.0000000000000000e+00 1.9273780424007729e+00 2.3516952682187072e-05
3.5574743802891756e-04 -2.1750000000001026e-03 0.0000000000000000e+00 0.0000000000000000e+00 1.9273778603446208e+00 2.5838268661435010e-05
3.8845984612353063e-04 -2.3750000000001292e-03 0.0000000000000000e+00 0.0000000000000000e+00 1.9273774962378309e+00 3.0808616953273314e-05
4.5388466231275677e-04 -2.7750000000001818e-03 0.0000000000000000e+00 0.0000000000000000e+00 1.9273767680409417e+00 4.2060179796023326e-05
5.8473429469120910e-04 -3.5750000000002863e-03 0.0000000000000000e+00 0.0000000000000000e+00 1.9273753117168237e+00 6.9806777923446474e-05
8.4643355944811376e-04 -5.1750000000004952e-03 0.0000000000000000e+00 0.0000000000000000e+00 1.9273723993485896e+00 1.4627392319102134e-04
1.3698320889619230e-03 -8.3750000000009112e-03 0.0000000000000000e+00 0.0000000000000000e+00 1.9273665757289833e+00 3.8310448373737383e-04
2.4166291479895416e-03 -1.4775000000001743e-02 0.0000000000000000e+00 0.0000000000000000e+00 1.9273549329538984e+00 1.1923544765571974e-03
4.5102232660447789e-03 -2.7575000000003413e-02 0.0000000000000000e+00 0.0000000000000000e+00 1.9273316652224286e+00 4.1532402825637795e-03
8.6974115021552535e-03 -5.3175000000006745e-02 0.0000000000000000e+00 0.0000000000000000e+00 1.9272852007346029e+00 1.5444797843712357e-02
1.7071787974376203e-02 -1.0437500000001340e-01 0.0000000000000000e+00 0.0000000000000000e+00 1.9271925532755996e+00 5.9508998103892555e-02
3.3820540918818101e-02 -2.0677500000002672e-01 0.0000000000000000e+00 0.0000000000000000e+00 1.9270083655414325e+00 2.3357726990651648e-01
