8.5626195342667169e-04 -1.9799999999994084e-03 0.0000000000000000e+00 0.0000000000000000e+00 1.6310291594008703e+00 3.4275917936255422e-05
8.6491106406734507e-04 -1.9999999999993959e-03 0.0000000000000000e+00 0.0000000000000000e+00 1.6310289560226430e+00 3.4971864378787230e-05
8.7572245236818675e-04 -2.0249999999993815e-03 0.0000000000000000e+00 0.0000000000000000e+00 1.6310287017998262e+00 3.5851633633209438e-05
8.9734522896987010e-04 -2.0749999999993512e-03 0.0000000000000000e+00 0.0000000000000000e+00 1.6310281933566013e+00 3.7643959508390891e-05
9.4059078217323682e-04 -2.1749999999992886e-03 0.0000000000000000e+00 0.0000000000000000e+00 1.6310271764768172e+00 4.1359760936403807e-05
1.0270818885799702e-03 -2.3749999999991612e-03 0.0000000000000000e+00 0.0000000000000000e+00 1.6310251427476732e+00 4.9315964201444352e-05
1.2000641013934371e-03 -2.7749999999989042e-03 0.0000000000000000e+00 0.0000000000000000e+00 1.6310210754079422e+00 6.7326785954899699e-05
1.5460285270203708e-03 -3.5749999999983915e-03 0.0000000000000000e+00 0.0000000000000000e+00 1.6310129412034524e+00 1.1174219905383003e-04
2.2379573782742379e-03 -5.1749999999973683e-03 0.0000000000000000e+00 0.0000000000000000e+00 1.6309966746920255e+00 2.3414897320794701e-04
3.6218150807819723e-03 -8.3749999999953150e-03 0.0000000000000000e+00 0.0000000000000000e+00 1.6309641492557576e+00 6.1327327004662775e-04
6.3895304857974414e-03 -1.4774999999991214e-02 0.0000000000000000e+00 0.0000000000000000e+00 1.6308991286774270e+00 1.9088205114891591e-03
1.1924961295828380e-02 -2.7574999999983012e-02 0.0000000000000000e+00 0.0000000000000000e+00 1.6307692082942047e+00 6.6495548145819447e-03
2.2995822915890259e-02 -5.3174999999966666e-02 0.0000000000000000e+00 0.0000000000000000e+00 1.6305098474032378e+00 2.4733144534774813e-02
4.5137546156014015e-02 -1.0437499999993406e-01 0.0000000000000000e+00 0.0000000000000000e+00 1.6299930195975827e+00 9.5337303096600698e-02
8.9420992636261520e-02 -2.0677499999986898e-01 0.0000000000000000e+00 0.0000000000000000e+00 1.6289667392062754e+00 3.7452149402930013e-01
