8.5626195342667169e-04 -1.9800000000000069e-03 0.0000000000000000e+00 0.0000000000000000e+00 1.6309874073004720e+00 3.4277220035871492e-05
8.6491106406734507e-04 -2.0000000000000044e-03 0.0000000000000000e+00 0.0000000000000000e+00 1.6309867823508890e+00 3.4973206335870568e-05
8.7572245236818675e-04 -2.0250000000000008e-03 0.0000000000000000e+00 0.0000000000000000e+00 1.6309860011685762e+00 3.5853026545346654e-05
8.9734522896987010e-04 -2.0749999999999953e-03 0.0000000000000000e+00 0.0000000000000000e+00 1.6309844388219910e+00 3.7645458167794458e-05
9.4059078217323682e-04 -2.1749999999999821e-03 0.0000000000000000e+00 0.0000000000000000e+00 1.6309813141980583e+00 4.1361486879303807e-05
1.0270818885799702e-03 -2.3749999999999570e-03 0.0000000000000000e+00 0.0000000000000000e+00 1.6309750652308423e+00 4.9318211389829419e-05
1.2000641013934371e-03 -2.7749999999999043e-03 0.0000000000000000e+00 0.0000000000000000e+00 1.6309625684155022e+00 6.7330370529321737e-05
1.5460285270203708e-03 -3.5749999999998010e-03 0.0000000000000000e+00 0.0000000000000000e+00 1.6309375792591938e+00 1.1174986342938018e-04
2.2379573782742379e-03 -5.1749999999995949e-03 0.0000000000000000e+00 0.0000000000000000e+00 1.6308876188195309e+00 2.3417222089226465e-04
3.6218150807819723e-03 -8.3749999999991869e-03 0.0000000000000000e+00 0.0000000000000000e+00 1.6307877692514341e+00 6.1337180789688495e-04
6.3895304857974414e-03 -1.4774999999998368e-02 0.0000000000000000e+00 0.0000000000000000e+00 1.6305883538968362e+00 1.9093615536437728e-03
1.1924961295828380e-02 -2.7574999999996731e-02 0.0000000000000000e+00 0.0000000000000000e+00 1.6301906466992002e+00 6.6530719994660949e-03
2.2995822915890259e-02 -5.3174999999993450e-02 0.0000000000000000e+00 0.0000000000000000e+00 1.6293996346617126e+00 2.4758366047448521e-02
4.5137546156014015e-02 -1.0437499999998698e-01 0.0000000000000000e+00 0.0000000000000000e+00 1.6278345056730563e+00 9.5528041480953604e-02
8.9420992636261520e-02 -2.0677499999997401e-01 0.0000000000000000e+00 0.0000000000000000e+00 1.6247664017491235e+00 3.7600449939563585e-01
