6.1497619017623917e-04 -1.9800000000000035e-03 0.0000000000000000e+00 0.0000000000000000e+00 1.7712707101710334e+00 2.6987035983603884e-05
6.2118807088509006e-04 -2.0000000000000022e-03 0.0000000000000000e+00 0.0000000000000000e+00 1.7712703206401170e+00 2.7534990117973742e-05
6.2895292177115366e-04 -2.0250000000000003e-03 0.0000000000000000e+00 0.0000000000000000e+00 1.7712698337291031e+00 2.8227677451907362e-05
6.4448262354328085e-04 -2.0749999999999961e-03 0.0000000000000000e+00 0.0000000000000000e+00 1.7712688599191242e+00 2.9638867708592861e-05
6.7554202708753524e-04 -2.1749999999999886e-03 0.0000000000000000e+00 0.0000000000000000e+00 1.7712669123425400e+00 3.2564510839409634e-05
7.3766083417604400e-04 -2.3749999999999744e-03 0.0000000000000000e+00 0.0000000000000000e+00 1.7712630173670623e+00 3.8828849668207389e-05
8.6189844835306154e-04 -2.7749999999999468e-03 0.0000000000000000e+00 0.0000000000000000e+00 1.7712552281243055e+00 5.3009754373509427e-05
1.1103736767070966e-03 -3.5749999999998912e-03 0.0000000000000000e+00 0.0000000000000000e+00 1.7712396524700711e+00 8.7980606207337374e-05
1.6073241334151668e-03 -5.1749999999997796e-03 0.0000000000000000e+00 0.0000000000000000e+00 1.7712085124722405e+00 1.8435955342707160e-04
2.6012250468313070e-03 -8.3749999999995564e-03 0.0000000000000000e+00 0.0000000000000000e+00 1.7711462776155318e+00 4.8287501294831507e-04
4.5890268736635872e-03 -1.4774999999999108e-02 0.0000000000000000e+00 0.0000000000000000e+00 1.7710219876173181e+00 1.5030049193055983e-03
8.5646305273281466e-03 -2.7574999999998222e-02 0.0000000000000000e+00 0.0000000000000000e+00 1.7707741197875124e+00 5.2362104971809195e-03
1.6515837834657265e-02 -5.3174999999996461e-02 0.0000000000000000e+00 0.0000000000000000e+00 1.7702811798683700e+00 1.9478803240787122e-02
3.2418252449315503e-02 -1.0437499999999290e-01 0.0000000000000000e+00 0.0000000000000000e+00 1.7693060691593105e+00 7.5103903297121979e-02
6.4223081678631971e-02 -2.0677499999998578e-01 0.0000000000000000e+00 0.0000000000000000e+00 1.7673957585022704e+00 2.9519526742788377e-01
