8.5626195342667169e-04 -1.9799999999997372e-03 0.0000000000000000e+00 0.0000000000000000e+00 1.6310030623845977e+00 3.4276731748514072e-05
8.6491106406734507e-04 -1.9999999999997320e-03 0.0000000000000000e+00 0.0000000000000000e+00 1.6310025954846465e+00 3.4972703101962953e-05
8.7572245236818675e-04 -2.0249999999997245e-03 0.0000000000000000e+00 0.0000000000000000e+00 1.6310020118620532e+00 3.5852504203293817e-05
8.9734522896987010e-04 -2.0749999999997112e-03 0.0000000000000000e+00 0.0000000000000000e+00 1.6310008446271835e+00 3.7644896170516763e-05
9.4059078217323682e-04 -2.1749999999996846e-03 0.0000000000000000e+00 0.0000000000000000e+00 1.6309985101957731e+00 4.1360839650715056e-05
1.0270818885799702e-03 -2.3749999999996309e-03 0.0000000000000000e+00 0.0000000000000000e+00 1.6309938414900012e+00 4.9317368694184004e-05
1.2000641013934371e-03 -2.7749999999995222e-03 0.0000000000000000e+00 0.0000000000000000e+00 1.6309845047033644e+00 6.7329026313913171e-05
1.5460285270203708e-03 -3.5749999999993070e-03 0.0000000000000000e+00 0.0000000000000000e+00 1.6309658336293817e+00 1.1174698928855079e-04
2.2379573782742379e-03 -5.1749999999988775e-03 0.0000000000000000e+00 0.0000000000000000e+00 1.6309285014674415e+00 2.3416350301065495e-04
3.6218150807819723e-03 -8.3749999999980264e-03 0.0000000000000000e+00 0.0000000000000000e+00 1.6308538770138676e+00 6.1333485620307620e-04
6.3895304857974414e-03 -1.4774999999996328e-02 0.0000000000000000e+00 0.0000000000000000e+00 1.6307047869757396e+00 1.9091586628359393e-03
1.1924961295828380e-02 -2.7574999999992945e-02 0.0000000000000000e+00 0.0000000000000000e+00 1.6304072375155541e+00 6.6517530551351168e-03
2.2995822915890259e-02 -5.3174999999986219e-02 0.0000000000000000e+00 0.0000000000000000e+00 1.6298146225619707e+00 2.4748907980198201e-02
4.5137546156014015e-02 -1.0437499999997281e-01 0.0000000000000000e+00 0.0000000000000000e+00 1.6286390266053479e+00 9.5456514586830410e-02
8.9420992636261520e-02 -2.0677499999994467e-01 0.0000000000000000e+00 0.0000000000000000e+00 1.6263240478567385e+00 3.7544837238329209e-01
