8.5626195342667169e-04 -1.9799999999995286e-03 0.0000000000000000e+00 0.0000000000000000e+00 1.6310239394763966e+00 3.4276080698708819e-05
8.6491106406734507e-04 -1.9999999999995065e-03 0.0000000000000000e+00 0.0000000000000000e+00 1.6310236833832492e+00 3.4972032123423716e-05
8.7572245236818675e-04 -2.0249999999994773e-03 0.0000000000000000e+00 0.0000000000000000e+00 1.6310233632671087e+00 3.5851807747227171e-05
8.9734522896987010e-04 -2.0749999999994180e-03 0.0000000000000000e+00 0.0000000000000000e+00 1.6310227230383201e+00 3.7644146840815895e-05
9.4059078217323682e-04 -2.1749999999992982e-03 0.0000000000000000e+00 0.0000000000000000e+00 1.6310214425917535e+00 4.1359976679263711e-05
1.0270818885799702e-03 -2.3749999999990589e-03 0.0000000000000000e+00 0.0000000000000000e+00 1.6310188817464175e+00 4.9316245099985087e-05
1.2000641013934371e-03 -2.7749999999985781e-03 0.0000000000000000e+00 0.0000000000000000e+00 1.6310137602437800e+00 6.7327234026683111e-05
1.5460285270203708e-03 -3.5749999999976187e-03 0.0000000000000000e+00 0.0000000000000000e+00 1.6310035179912916e+00 1.1174315710072141e-04
2.2379573782742379e-03 -5.1749999999957021e-03 0.0000000000000000e+00 0.0000000000000000e+00 1.6309830364943354e+00 2.3415187916833130e-04
3.6218150807819723e-03 -8.3749999999918733e-03 0.0000000000000000e+00 0.0000000000000000e+00 1.6309420855225769e+00 6.1328558727740204e-04
6.3895304857974414e-03 -1.4774999999984207e-02 0.0000000000000000e+00 0.0000000000000000e+00 1.6308602315651510e+00 1.9088881417566829e-03
1.1924961295828380e-02 -2.7574999999968892e-02 0.0000000000000000e+00 0.0000000000000000e+00 1.6306967147895199e+00 6.6499944626857207e-03
2.2995822915890259e-02 -5.3174999999938299e-02 0.0000000000000000e+00 0.0000000000000000e+00 1.6303704393840963e+00 2.4736297223832977e-02
4.5137546156014015e-02 -1.0437499999987704e-01 0.0000000000000000e+00 0.0000000000000000e+00 1.6297208704254309e+00 9.5361145394542213e-02
8.9420992636261520e-02 -2.0677499999975443e-01 0.0000000000000000e+00 0.0000000000000000e+00 1.6284332628190443e+00 3.7470686969968425e-01
