6.1497619017623917e-04 -1.9799999999998499e-03 0.0000000000000000e+00 0.0000000000000000e+00 1.7712767092498325e+00 2.6986915385857926e-05
6.2118807088509006e-04 -1.9999999999998470e-03 0.0000000000000000e+00 0.0000000000000000e+00 1.7712763802817812e+00 2.7534865828712462e-05
6.2895292177115366e-04 -2.0249999999998425e-03 0.0000000000000000e+00 0.0000000000000000e+00 1.7712759690733966e+00 2.8227548443295477e-05
6.4448262354328085e-04 -2.0749999999998331e-03 0.0000000000000000e+00 0.0000000000000000e+00 1.7712751466655037e+00 2.9638728905890161e-05
6.7554202708753524e-04 -2.1749999999998147e-03 0.0000000000000000e+00 0.0000000000000000e+00 1.7712735018804000e+00 3.2564350986184475e-05
7.3766083417604400e-04 -2.3749999999997783e-03 0.0000000000000000e+00 0.0000000000000000e+00 1.7712702124371249e+00 3.8828641538314756e-05
8.6189844835306154e-04 -2.7749999999997070e-03 0.0000000000000000e+00 0.0000000000000000e+00 1.7712636340558245e+00 5.3009422377717227e-05
1.1103736767070966e-03 -3.5749999999995655e-03 0.0000000000000000e+00 0.0000000000000000e+00 1.7712504793133692e+00 8.7979896348892427e-05
1.6073241334151668e-03 -5.1749999999992783e-03 0.0000000000000000e+00 0.0000000000000000e+00 1.7712241778998026e+00 1.8435740027514434e-04
2.6012250468313070e-03 -8.3749999999987029e-03 0.0000000000000000e+00 0.0000000000000000e+00 1.7711716072963657e+00 4.8286588657862255e-04
4.5890268736635872e-03 -1.4774999999997552e-02 0.0000000000000000e+00 0.0000000000000000e+00 1.7710665944778530e+00 1.5029548091124202e-03
8.5646305273281466e-03 -2.7574999999995242e-02 0.0000000000000000e+00 0.0000000000000000e+00 1.7708570783542505e+00 5.2358847428709216e-03
1.6515837834657265e-02 -5.3174999999990598e-02 0.0000000000000000e+00 0.0000000000000000e+00 1.7704400521668411e+00 1.9476467277019904e-02
3.2418252449315503e-02 -1.0437499999998136e-01 0.0000000000000000e+00 0.0000000000000000e+00 1.7696137729915897e+00 7.5086237506792761e-02
6.4223081678631971e-02 -2.0677499999996293e-01 0.0000000000000000e+00 0.0000000000000000e+00 1.7679903741337888e+00 2.9505791457181335e-01
