8.5626195342667169e-04 -1.9799999999996478e-03 0.0000000000000000e+00 0.0000000000000000e+00 1.6310135004093977e+00 3.4276406223611900e-05
8.6491106406734507e-04 -1.9999999999996375e-03 0.0000000000000000e+00 0.0000000000000000e+00 1.6310131389022771e+00 3.4972367612693897e-05
8.7572245236818675e-04 -2.0249999999996265e-03 0.0000000000000000e+00 0.0000000000000000e+00 1.6310126870195454e+00 3.5852155975261293e-05
8.9734522896987010e-04 -2.0749999999996058e-03 0.0000000000000000e+00 0.0000000000000000e+00 1.6310117832604913e+00 3.7644521505667644e-05
9.4059078217323682e-04 -2.1749999999995640e-03 0.0000000000000000e+00 0.0000000000000000e+00 1.6310099757650662e+00 4.1360408164991820e-05
1.0270818885799702e-03 -2.3749999999994778e-03 0.0000000000000000e+00 0.0000000000000000e+00 1.6310063608686927e+00 4.9316806897089428e-05
1.2000641013934371e-03 -2.7749999999993032e-03 0.0000000000000000e+00 0.0000000000000000e+00 1.6309991314506518e+00 6.7328130170308983e-05
1.5460285270203708e-03 -3.5749999999989575e-03 0.0000000000000000e+00 0.0000000000000000e+00 1.6309846741136886e+00 1.1174507319466339e-04
2.2379573782742379e-03 -5.1749999999982661e-03 0.0000000000000000e+00 0.0000000000000000e+00 1.6309557654302398e+00 2.3415769108957115e-04
3.6218150807819723e-03 -8.3749999999968780e-03 0.0000000000000000e+00 0.0000000000000000e+00 1.6308979719924310e+00 6.1331022174048854e-04
6.3895304857974414e-03 -1.4774999999994107e-02 0.0000000000000000e+00 0.0000000000000000e+00 1.6307824805478377e+00 1.9090234022971875e-03
1.1924961295828380e-02 -2.7574999999988539e-02 0.0000000000000000e+00 0.0000000000000000e+00 1.6305518771219589e+00 6.6508737589136644e-03
2.2995822915890259e-02 -5.3174999999977456e-02 0.0000000000000000e+00 0.0000000000000000e+00 1.6300921701718591e+00 2.4742602602028069e-02
4.5137546156014015e-02 -1.0437499999995531e-01 0.0000000000000000e+00 0.0000000000000000e+00 1.6291786144658780e+00 9.5408829990735300e-02
8.9420992636261520e-02 -2.0677499999991106e-01 0.0000000000000000e+00 0.0000000000000000e+00 1.6273738385496741e+00 3.7507762104168463e-01
