6.1497619017623917e-04 -1.9800000000001206e-03 0.0000000000000000e+00 0.0000000000000000e+00 1.7712857089188114e+00 2.6986734489251807e-05
6.2118807088509006e-04 -2.0000000000001228e-03 0.0000000000000000e+00 0.0000000000000000e+00 1.7712854708163708e+00 2.7534679394833704e-05
6.2895292177115366e-04 -2.0250000000001252e-03 0.0000000000000000e+00 0.0000000000000000e+00 1.7712851731888726e+00 2.8227354930391256e-05
6.4448262354328085e-04 -2.0750000000001306e-03 0.0000000000000000e+00 0.0000000000000000e+00 1.7712845779389932e+00 2.9638520701850662e-05
6.7554202708753524e-04 -2.1750000000001408e-03 0.0000000000000000e+00 0.0000000000000000e+00 1.7712833874548828e+00 3.2564111206363252e-05
7.3766083417604400e-04 -2.3750000000001621e-03 0.0000000000000000e+00 0.0000000000000000e+00 1.7712810065534594e+00 3.8828329343496622e-05
8.6189844835306154e-04 -2.7750000000002048e-03 0.0000000000000000e+00 0.0000000000000000e+00 1.7712762450154200e+00 5.3008924384059706e-05
1.1103736767070966e-03 -3.5750000000002915e-03 0.0000000000000000e+00 0.0000000000000000e+00 1.7712667229983172e+00 8.7978831561281128e-05
1.6073241334151668e-03 -5.1750000000004501e-03 0.0000000000000000e+00 0.0000000000000000e+00 1.7712476831957227e+00 1.8435417054738217e-04
2.6012250468313070e-03 -8.3750000000007655e-03 0.0000000000000000e+00 0.0000000000000000e+00 1.7712096204947476e+00 4.8285219702444578e-04
4.5890268736635872e-03 -1.4775000000001398e-02 0.0000000000000000e+00 0.0000000000000000e+00 1.7711335625179279e+00 1.5028796438238340e-03
8.5646305273281466e-03 -2.7575000000002660e-02 0.0000000000000000e+00 0.0000000000000000e+00 1.7709817147279263e+00 5.2353961114101647e-03
1.6515837834657265e-02 -5.3175000000005197e-02 0.0000000000000000e+00 0.0000000000000000e+00 1.7706790796059011e+00 1.9472963331385162e-02
3.2418252449315503e-02 -1.0437500000001031e-01 0.0000000000000000e+00 0.0000000000000000e+00 1.7700779549826922e+00 7.5059738821361355e-02
6.4223081678631971e-02 -2.0677500000002044e-01 0.0000000000000000e+00 0.0000000000000000e+00 1.7688915396684610e+00 2.9485188528795303e-01
