6.1497619017623917e-04 -1.9799999999998382e-03 0.0000000000000000e+00 0.0000000000000000e+00 1.7712887090887919e+00 2.6986674190373561e-05
6.2118807088509006e-04 -1.9999999999998339e-03 0.0000000000000000e+00 0.0000000000000000e+00 1.7712885012805748e+00 2.7534617250197604e-05
6.2895292177115366e-04 -2.0249999999998290e-03 0.0000000000000000e+00 0.0000000000000000e+00 1.7712882415205606e+00 2.8227290426079622e-05
6.4448262354328085e-04 -2.0749999999998192e-03 0.0000000000000000e+00 0.0000000000000000e+00 1.7712877220046634e+00 2.9638451300493141e-05
6.7554202708753524e-04 -2.1749999999997995e-03 0.0000000000000000e+00 0.0000000000000000e+00 1.7712866829845757e+00 3.2564031279743520e-05
7.3766083417604400e-04 -2.3749999999997597e-03 0.0000000000000000e+00 0.0000000000000000e+00 1.7712846049954269e+00 3.8828225278540954e-05
8.6189844835306154e-04 -2.7749999999996796e-03 0.0000000000000000e+00 0.0000000000000000e+00 1.7712804492188721e+00 5.3008758386149064e-05
1.1103736767070966e-03 -3.5749999999995208e-03 0.0000000000000000e+00 0.0000000000000000e+00 1.7712721384726082e+00 8.7978476632030546e-05
1.6073241334151668e-03 -5.1749999999992158e-03 0.0000000000000000e+00 0.0000000000000000e+00 1.7712555202041782e+00 1.8435309397135273e-04
2.6012250468313070e-03 -8.3749999999986040e-03 0.0000000000000000e+00 0.0000000000000000e+00 1.7712222965495767e+00 4.8284763383941163e-04
4.5890268736635872e-03 -1.4774999999997379e-02 0.0000000000000000e+00 0.0000000000000000e+00 1.7711559006421733e+00 1.5028545887266255e-03
8.5646305273281466e-03 -2.7574999999994937e-02 0.0000000000000000e+00 0.0000000000000000e+00 1.7710233134114595e+00 5.2352332342529423e-03
1.6515837834657265e-02 -5.3174999999990057e-02 0.0000000000000000e+00 0.0000000000000000e+00 1.7707589491635494e+00 1.9471795349493157e-02
3.2418252449315503e-02 -1.0437499999998032e-01 0.0000000000000000e+00 0.0000000000000000e+00 1.7702333973298969e+00 7.5050905926164063e-02
6.4223081678631971e-02 -2.0677499999996088e-01 0.0000000000000000e+00 0.0000000000000000e+00 1.7691944991496489e+00 2.9478320885978909e-01
