6.1497619017623917e-04 -1.9800000000001622e-03 0.0000000000000000e+00 0.0000000000000000e+00 1.7712797089993584e+00 2.6986855086994906e-05
6.2118807088509006e-04 -2.0000000000001666e-03 0.0000000000000000e+00 0.0000000000000000e+00 1.7712794103170013e+00 2.7534803684092100e-05
6.2895292177115366e-04 -2.0250000000001729e-03 0.0000000000000000e+00 0.0000000000000000e+00 1.7712790369653189e+00 2.8227483939000255e-05
6.4448262354328085e-04 -2.0750000000001848e-03 0.0000000000000000e+00 0.0000000000000000e+00 1.7712782902694437e+00 2.9638659504550438e-05
6.7554202708753524e-04 -2.1750000000002076e-03 0.0000000000000000e+00 0.0000000000000000e+00 1.7712767969028298e+00 3.2564271059585397e-05
7.3766083417604400e-04 -2.3750000000002523e-03 0.0000000000000000e+00 0.0000000000000000e+00 1.7712738102743544e+00 3.8828537473386003e-05
8.6189844835306154e-04 -2.7750000000003410e-03 0.0000000000000000e+00 0.0000000000000000e+00 1.7712678374339701e+00 5.3009256379848185e-05
1.1103736767070966e-03 -3.5750000000005192e-03 0.0000000000000000e+00 0.0000000000000000e+00 1.7712558934188558e+00 8.7979541419721562e-05
1.6073241334151668e-03 -5.1750000000008655e-03 0.0000000000000000e+00 0.0000000000000000e+00 1.7712320120440135e+00 1.8435632369930368e-04
2.6012250468313070e-03 -8.3750000000015583e-03 0.0000000000000000e+00 0.0000000000000000e+00 1.7711842758701730e+00 4.8286132339413180e-04
4.5890268736635872e-03 -1.4775000000002939e-02 0.0000000000000000e+00 0.0000000000000000e+00 1.7710889094468769e+00 1.5029297540170091e-03
8.5646305273281466e-03 -2.7575000000005692e-02 0.0000000000000000e+00 0.0000000000000000e+00 1.7708985972709350e+00 5.2357218657201809e-03
1.6515837834657265e-02 -5.3175000000011199e-02 0.0000000000000000e+00 0.0000000000000000e+00 1.7705196316124387e+00 1.9475299295152473e-02
3.2418252449315503e-02 -1.0437500000002219e-01 0.0000000000000000e+00 0.0000000000000000e+00 1.7697681465059003e+00 7.5077404611691045e-02
6.4223081678631971e-02 -2.0677500000004412e-01 0.0000000000000000e+00 0.0000000000000000e+00 1.7682895040539099e+00 2.9498923814402578e-01
