8.5626195342667169e-04 -1.9799999999995941e-03 0.0000000000000000e+00 0.0000000000000000e+00 1.6310082812667537e+00 3.4276568986059977e-05
8.6491106406734507e-04 -1.9999999999995794e-03 0.0000000000000000e+00 0.0000000000000000e+00 1.6310078670605754e+00 3.4972535357325165e-05
8.7572245236818675e-04 -2.0249999999995593e-03 0.0000000000000000e+00 0.0000000000000000e+00 1.6310073493045736e+00 3.5852330089273916e-05
8.9734522896987010e-04 -2.0749999999995186e-03 0.0000000000000000e+00 0.0000000000000000e+00 1.6310063138008075e+00 3.7644708838087721e-05
9.4059078217323682e-04 -2.1749999999994356e-03 0.0000000000000000e+00 0.0000000000000000e+00 1.6310042428232863e+00 4.1360623907847095e-05
1.0270818885799702e-03 -2.3749999999992679e-03 0.0000000000000000e+00 0.0000000000000000e+00 1.6310001009920214e+00 4.9317087795626206e-05
1.2000641013934371e-03 -2.7749999999989324e-03 0.0000000000000000e+00 0.0000000000000000e+00 1.6309918178213623e+00 6.7328578242090484e-05
1.5460285270203708e-03 -3.5749999999982636e-03 0.0000000000000000e+00 0.0000000000000000e+00 1.6309752534475526e+00 1.1174603124155911e-04
2.2379573782742379e-03 -5.1749999999969242e-03 0.0000000000000000e+00 0.0000000000000000e+00 1.6309421325617159e+00 2.3416059704998136e-04
3.6218150807819723e-03 -8.3749999999942516e-03 0.0000000000000000e+00 0.0000000000000000e+00 1.6308759221864599e+00 6.1332253897136832e-04
6.3895304857974414e-03 -1.4774999999988896e-02 0.0000000000000000e+00 0.0000000000000000e+00 1.6307436265934607e+00 1.9090910325651207e-03
1.1924961295828380e-02 -2.7574999999978200e-02 0.0000000000000000e+00 0.0000000000000000e+00 1.6304795326405070e+00 6.6513134070190494e-03
2.2995822915890259e-02 -5.3174999999956847e-02 0.0000000000000000e+00 0.0000000000000000e+00 1.6299533067262533e+00 2.4745755291092603e-02
4.5137546156014015e-02 -1.0437499999991405e-01 0.0000000000000000e+00 0.0000000000000000e+00 1.6289084911144356e+00 9.5432672288702239e-02
8.9420992636261520e-02 -2.0677499999982846e-01 0.0000000000000000e+00 0.0000000000000000e+00 1.6268477687752421e+00 3.7526299671217078e-01
