8.5626195342667169e-04 -1.9799999999994631e-03 0.0000000000000000e+00 0.0000000000000000e+00 1.6309821894596817e+00 3.4277382798304581e-05
8.6491106406734507e-04 -1.9999999999994445e-03 0.0000000000000000e+00 0.0000000000000000e+00 1.6309815118374444e+00 3.4973374080486340e-05
8.7572245236818675e-04 -2.0249999999994227e-03 0.0000000000000000e+00 0.0000000000000000e+00 1.6309806648152356e+00 3.5853200659343305e-05
8.9734522896987010e-04 -2.0749999999993790e-03 0.0000000000000000e+00 0.0000000000000000e+00 1.6309789707919280e+00 3.7645645500197574e-05
9.4059078217323682e-04 -2.1749999999992916e-03 0.0000000000000000e+00 0.0000000000000000e+00 1.6309755828268342e+00 4.1361702622140197e-05
1.0270818885799702e-03 -2.3749999999991152e-03 0.0000000000000000e+00 0.0000000000000000e+00 1.6309688072264159e+00 4.9318492288343029e-05
1.2000641013934371e-03 -2.7749999999987602e-03 0.0000000000000000e+00 0.0000000000000000e+00 1.6309552573410482e+00 6.7330818601070089e-05
1.5460285270203708e-03 -3.5749999999980511e-03 0.0000000000000000e+00 0.0000000000000000e+00 1.6309281628294052e+00 1.1175082147621757e-04
2.2379573782742379e-03 -5.1749999999966380e-03 0.0000000000000000e+00 0.0000000000000000e+00 1.6308739948116560e+00 2.3417512685254576e-04
3.6218150807819723e-03 -8.3749999999938162e-03 0.0000000000000000e+00 0.0000000000000000e+00 1.6307657425674253e+00 6.1338412512740976e-04
6.3895304857974414e-03 -1.4774999999988180e-02 0.0000000000000000e+00 0.0000000000000000e+00 1.6305495713802107e+00 1.9094291839105708e-03
1.1924961295828380e-02 -2.7574999999976924e-02 0.0000000000000000e+00 0.0000000000000000e+00 1.6301185474217816e+00 6.6535116475674458e-03
2.2995822915890259e-02 -5.3174999999954439e-02 0.0000000000000000e+00 0.0000000000000000e+00 1.6292616565547742e+00 2.4761518736497949e-02
4.5137546156014015e-02 -1.0437499999990944e-01 0.0000000000000000e+00 0.0000000000000000e+00 1.6275675964556646e+00 9.5551883778862062e-02
8.9420992636261520e-02 -2.0677499999981935e-01 0.0000000000000000e+00 0.0000000000000000e+00 1.6242515049427468e+00 3.7618987506589185e-01
