3.2385284013666983e-04 -1.9800000000000091e-03 0.0000000000000000e+00 0.0000000000000000e+00 1.9273730208719777e+00 2.1412946521318840e-05
3.2712408094613113e-04 -2.0000000000000078e-03 0.0000000000000000e+00 0.0000000000000000e+00 1.9273729320055499e+00 2.1847717147232508e-05
3.3121313195795776e-04 -2.0250000000000060e-03 0.0000000000000000e+00 0.0000000000000000e+00 1.9273728209229053e+00 2.2397325160678428e-05
3.3939123398161103e-04 -2.0750000000000018e-03 0.0000000000000000e+00 0.0000000000000000e+00 1.9273725987590089e+00 2.3517023629208404e-05
3.5574743802891756e-04 -2.1749999999999933e-03 0.0000000000000000e+00 0.0000000000000000e+00 1.9273721544371709e+00 2.5838350368130358e-05
3.8845984612353063e-04 -2.3749999999999765e-03 0.0000000000000000e+00 0.0000000000000000e+00 1.9273712658206497e+00 3.0808723335898062e-05
4.5388466231275677e-04 -2.7749999999999429e-03 0.0000000000000000e+00 0.0000000000000000e+00 1.9273694886908455e+00 4.2060349490934769e-05
5.8473429469120910e-04 -3.5749999999998752e-03 0.0000000000000000e+00 0.0000000000000000e+00 1.9273659348469618e+00 6.9807140757461721e-05
8.4643355944811376e-04 -5.1749999999997388e-03 0.0000000000000000e+00 0.0000000000000000e+00 1.9273588288224606e+00 1.4627502374391793e-04
1.3698320889619230e-03 -8.3749999999994645e-03 0.0000000000000000e+00 0.0000000000000000e+00 1.9273446234154283e+00 3.8310914855114363e-04
2.4166291479895416e-03 -1.4774999999998916e-02 0.0000000000000000e+00 0.0000000000000000e+00 1.9273162391024381e+00 1.1923800896684812e-03
4.5102232660447789e-03 -2.7574999999997813e-02 0.0000000000000000e+00 0.0000000000000000e+00 1.9272595759366766e+00 4.1534067872397631e-03
8.6974115021552535e-03 -5.3174999999995615e-02 0.0000000000000000e+00 0.0000000000000000e+00 1.9271466671223223e+00 1.5445991838329259e-02
1.7071787974376203e-02 -1.0437499999999118e-01 0.0000000000000000e+00 0.0000000000000000e+00 1.9269224853977669e+00 5.9518027721099986e-02
3.3820540918818101e-02 -2.0677499999998233e-01 0.0000000000000000e+00 0.0000000000000000e+00 1.9264803988112944e+00 2.3364747586344065e-01
