1.5860689349274746e-05 -2.0000000000000198e-05 0.0000000000000000e+00 0.0000000000000000e+00 3.4137743374688574e+00 1.0849410611742327e-09
3.1721378698549492e-05 -4.0000000000000139e-05 0.0000000000000000e+00 0.0000000000000000e+00 3.4137743348384113e+00 4.3397642500168121e-09
4.7582068047824238e-05 -6.0000000000000510e-05 0.0000000000000000e+00 0.0000000000000000e+00 3.4137743322143881e+00 9.7644695745077078e-09
6.3442757397098984e-05 -8.0000000000001253e-05 0.0000000000000000e+00 0.0000000000000000e+00 3.4137743295107557e+00 1.7359057042626879e-08
7.9303446746373723e-05 -1.0000000000000173e-04 0.0000000000000000e+00 0.0000000000000000e+00 3.4137743268493272e+00 2.7123526662354032e-08
9.5164136095648462e-05 -1.2000000000000308e-04 0.0000000000000000e+00 0.0000000000000000e+00 3.4137743241692147e+00 3.9057878441669520e-08
1.1102482544492320e-04 -1.4000000000000544e-04 0.0000000000000000e+00 0.0000000000000000e+00 3.4137743214733201e+00 5.3162112388553447e-08
1.2688551479419794e-04 -1.6000000000000722e-04 0.0000000000000000e+00 0.0000000000000000e+00 3.4137743188041969e+00 6.9436228510985007e-08
1.4274620414347268e-04 -1.8000000000000790e-04 0.0000000000000000e+00 0.0000000000000000e+00 3.4137743161230025e+00 8.7880226816943587e-08
1.5860689349274742e-04 -2.0000000000000779e-04 0.0000000000000000e+00 0.0000000000000000e+00 3.4137743134390850e+00 1.0849410731440902e-07
1.7446758284202216e-04 -2.2000000000000903e-04 0.0000000000000000e+00 0.0000000000000000e+00 3.4137743107520171e+00 1.3127787001136281e-07
1.9032827219129690e-04 -2.4000000000000900e-04 0.0000000000000000e+00 0.0000000000000000e+00 3.4137743080669103e+00 1.5623151491578278e-07
2.0618896154057164e-04 -2.6000000000001028e-04 0.0000000000000000e+00 0.0000000000000000e+00 3.4137743053908327e+00 1.8335504203565102e-07
2.2204965088984638e-04 -2.8000000000001309e-04 0.0000000000000000e+00 0.0000000000000000e+00 3.4137743027010283e+00 2.1264845137894780e-07
2.3791034023912112e-04 -3.0000000000001781e-04 0.0000000000000000e+00 0.0000000000000000e+00 3.4137743000228435e+00 2.4411174295365391e-07
2.5377102958839583e-04 -3.2000000000002458e-04 0.0000000000000000e+00 0.0000000000000000e+00 3.4137742973423677e+00 2.7774491676774981e-07
2.6963171893767057e-04 -3.4000000000003054e-04 0.0000000000000000e+00 0.0000000000000000e+00 3.4137742946539102e+00 3.1354797282921217e-07
2.8549240828694531e-04 -3.6000000000003716e-04 0.0000000000000000e+00 0.0000000000000000e+00 3.4137742919703262e+00 3.5152091114602264e-07
3.0135309763622004e-04 -3.8000000000002658e-04 0.0000000000000000e+00 0.0000000000000000e+00 3.4137742892891803e+00 3.9166373172613624e-07
3.1721378698549478e-04 -4.0000000000001574e-04 0.0000000000000000e+00 0.0000000000000000e+00 3.4137742866076159e+00 4.3397643457755413e-07
3.3307447633476952e-04 -4.2000000000000549e-04 0.0000000000000000e+00 0.0000000000000000e+00 3.4137742839252003e+00 4.7845901970825724e-07
3.4893516568404426e-04 -4.3999999999999573e-04 0.0000000000000000e+00 0.0000000000000000e+00 3.4137742812421106e+00 5.2511148712622550e-07
3.6479585503331900e-04 -4.5999999999999047e-04 0.0000000000000000e+00 0.0000000000000000e+00 3.4137742785584946e+00 5.7393383683944570e-07
3.8065654438259374e-04 -4.7999999999998819e-04 0.0000000000000000e+00 0.0000000000000000e+00 3.4137742758744443e+00 6.2492606885589614e-07
3.9651723373186848e-04 -4.9999999999998928e-04 0.0000000000000000e+00 0.0000000000000000e+00 3.4137742731910707e+00 6.7808818318355779e-07
4.1237792308114322e-04 -5.1999999999999421e-04 0.0000000000000000e+00 0.0000000000000000e+00 3.4137742705073157e+00 7.3342017983041255e-07
4.2823861243041796e-04 -5.3999999999999534e-04 0.0000000000000000e+00 0.0000000000000000e+00 3.4137742678256289e+00 7.9092205880442559e-07
4.4409930177969270e-04 -5.5999999999999377e-04 0.0000000000000000e+00 0.0000000000000000e+00 3.4137742651453293e+00 8.5059382011357831e-07
4.5995999112896744e-04 -5.7999999999999198e-04 0.0000000000000000e+00 0.0000000000000000e+00 3.4137742624622027e+00 9.1243546376585558e-07
4.7582068047824218e-04 -5.9999999999998477e-04 0.0000000000000000e+00 0.0000000000000000e+00 3.4137742597771128e+00 9.7644698976922574e-07
4.9168136982751692e-04 -6.1999999999998222e-04 0.0000000000000000e+00 0.0000000000000000e+00 3.4137742570925087e+00 1.0426283981316898e-06
5.0754205917679165e-04 -6.3999999999997924e-04 0.0000000000000000e+00 0.0000000000000000e+00 3.4137742544113499e+00 1.1109796888612168e-06
5.2340274852606639e-04 -6.5999999999997387e-04 0.0000000000000000e+00 0.0000000000000000e+00 3.4137742517296150e+00 1.1815008619657828e-06
5.3926343787534113e-04 -6.7999999999996763e-04 0.0000000000000000e+00 0.0000000000000000e+00 3.4137742490445118e+00 1.2541919174533699e-06
5.5512412722461587e-04 -6.9999999999996541e-04 0.0000000000000000e+00 0.0000000000000000e+00 3.4137742463609961e+00 1.3290528553319709e-06
5.7098481657389061e-04 -7.1999999999996600e-04 0.0000000000000000e+00 0.0000000000000000e+00 3.4137742436804732e+00 1.4060836756095628e-06
5.8684550592316535e-04 -7.3999999999997082e-04 0.0000000000000000e+00 0.0000000000000000e+00 3.4137742409952812e+00 1.4852843782941308e-06
6.0270619527244009e-04 -7.5999999999997651e-04 0.0000000000000000e+00 0.0000000000000000e+00 3.4137742383123038e+00 1.5666549633936458e-06
6.1856688462171483e-04 -7.7999999999997700e-04 0.0000000000000000e+00 0.0000000000000000e+00 3.4137742356309606e+00 1.6501954309160702e-06
6.3442757397098957e-04 -7.9999999999998432e-04 0.0000000000000000e+00 0.0000000000000000e+00 3.4137742329452112e+00 1.7359057808694187e-06
6.5028826332026431e-04 -8.1999999999998795e-04 0.0000000000000000e+00 0.0000000000000000e+00 3.4137742302641008e+00 1.8237860132616404e-06
6.6614895266953905e-04 -8.3999999999998865e-04 0.0000000000000000e+00 0.0000000000000000e+00 3.4137742275803400e+00 1.9138361281007173e-06
6.8200964201881379e-04 -8.5999999999999000e-04 0.0000000000000000e+00 0.0000000000000000e+00 3.4137742248962537e+00 2.0060561253946396e-06
6.9787033136808852e-04 -8.7999999999998984e-04 0.0000000000000000e+00 0.0000000000000000e+00 3.4137742222150660e+00 2.1004460051513798e-06
7.1373102071736326e-04 -8.9999999999998382e-04 0.0000000000000000e+00 0.0000000000000000e+00 3.4137742195297358e+00 2.1970057673789043e-06
7.2959171006663800e-04 -9.1999999999998680e-04 0.0000000000000000e+00 0.0000000000000000e+00 3.4137742168490952e+00 2.2957354120852412e-06
7.4545239941591274e-04 -9.3999999999998826e-04 0.0000000000000000e+00 0.0000000000000000e+00 3.4137742141637983e+00 2.3966349392783357e-06
7.6131308876518748e-04 -9.5999999999998701e-04 0.0000000000000000e+00 0.0000000000000000e+00 3.4137742114825569e+00 2.4997043489661640e-06
7.7717377811446222e-04 -9.7999999999999303e-04 0.0000000000000000e+00 0.0000000000000000e+00 3.4137742087978560e+00 2.6049436411567405e-06
7.9303446746373696e-04 -1.0000000000000059e-03 0.0000000000000000e+00 0.0000000000000000e+00 3.4137742061160616e+00 2.7123528158580462e-06
8.0889515681301170e-04 -1.0200000000000105e-03 0.0000000000000000e+00 0.0000000000000000e+00 3.4137742034317102e+00 2.8219318730780049e-06
8.2475584616228644e-04 -1.0400000000000105e-03 0.0000000000000000e+00 0.0000000000000000e+00 3.4137742007498404e+00 2.9336808128246088e-06
8.4061653551156118e-04 -1.0600000000000186e-03 0.0000000000000000e+00 0.0000000000000000e+00 3.4137741980653935e+00 3.0475996351058858e-06
8.5647722486083592e-04 -1.0800000000000165e-03 0.0000000000000000e+00 0.0000000000000000e+00 3.4137741953838194e+00 3.1636883399297453e-06
8.7233791421011066e-04 -1.1000000000000146e-03 0.0000000000000000e+00 0.0000000000000000e+00 3.4137741926992820e+00 3.2819469273042080e-06
8.8819860355938540e-04 -1.1199999999999674e-03 0.0000000000000000e+00 0.0000000000000000e+00 3.4137741900177332e+00 3.4023753972370636e-06
9.0405929290866013e-04 -1.1399999999999158e-03 0.0000000000000000e+00 0.0000000000000000e+00 3.4137741873327232e+00 3.5249737497364567e-06
9.1991998225793487e-04 -1.1599999999998649e-03 0.0000000000000000e+00 0.0000000000000000e+00 3.4137741846513872e+00 3.6497419848103859e-06
9.3578067160720961e-04 -1.1799999999998203e-03 0.0000000000000000e+00 0.0000000000000000e+00 3.4137741819663905e+00 3.7766801024668556e-06
9.5164136095648435e-04 -1.1999999999997802e-03 0.0000000000000000e+00 0.0000000000000000e+00 3.4137741792850123e+00 3.9057881027138414e-06
9.6750205030575909e-04 -1.2199999999997298e-03 0.0000000000000000e+00 0.0000000000000000e+00 3.4137741766006622e+00 4.0370659855592556e-06
9.8336273965503383e-04 -1.2399999999996858e-03 0.0000000000000000e+00 0.0000000000000000e+00 3.4137741739181595e+00 4.1705137510111526e-06
9.9922342900430868e-04 -1.2599999999996301e-03 0.0000000000000000e+00 0.0000000000000000e+00 3.4137741712349636e+00 4.3061313990774275e-06
1.0150841183535835e-03 -1.2799999999995864e-03 0.0000000000000000e+00 0.0000000000000000e+00 3.4137741685510772e+00 4.4439189297661746e-06
1.0309448077028584e-03 -1.2999999999995333e-03 0.0000000000000000e+00 0.0000000000000000e+00 3.4137741658694560e+00 4.5838763430852697e-06
1.0468054970521332e-03 -1.3199999999994826e-03 0.0000000000000000e+00 0.0000000000000000e+00 3.4137741631846743e+00 4.7260036390427484e-06
1.0626661864014081e-03 -1.3399999999994213e-03 0.0000000000000000e+00 0.0000000000000000e+00 3.4137741605027854e+00 4.8703008176465281e-06
1.0785268757506829e-03 -1.3599999999993507e-03 0.0000000000000000e+00 0.0000000000000000e+00 3.4137741578190552e+00 5.0167678789045928e-06
1.0943875650999578e-03 -1.3799999999992837e-03 0.0000000000000000e+00 0.0000000000000000e+00 3.4137741551355214e+00 5.1654048228249851e-06
1.1102482544492326e-03 -1.3999999999992063e-03 0.0000000000000000e+00 0.0000000000000000e+00 3.4137741524537386e+00 5.3162116494156148e-06
1.1261089437985075e-03 -1.4199999999991385e-03 0.0000000000000000e+00 0.0000000000000000e+00 3.4137741497690026e+00 5.4691883586845623e-06
1.1419696331477823e-03 -1.4399999999990783e-03 0.0000000000000000e+00 0.0000000000000000e+00 3.4137741470868477e+00 5.6243349506397983e-06
1.1578303224970572e-03 -1.4599999999990100e-03 0.0000000000000000e+00 0.0000000000000000e+00 3.4137741444039209e+00 5.7816514252892231e-06
1.1736910118463320e-03 -1.4799999999989307e-03 0.0000000000000000e+00 0.0000000000000000e+00 3.4137741417197898e+00 5.9411377826407980e-06
1.1895517011956068e-03 -1.4999999999988441e-03 0.0000000000000000e+00 0.0000000000000000e+00 3.4137741390378533e+00 6.1027940227025181e-06
1.2054123905448817e-03 -1.5199999999987719e-03 0.0000000000000000e+00 0.0000000000000000e+00 3.4137741363538843e+00 6.2666201454824886e-06
1.2212730798941565e-03 -1.5399999999987043e-03 0.0000000000000000e+00 0.0000000000000000e+00 3.4137741336707599e+00 6.4326161509886310e-06
1.2371337692434314e-03 -1.5599999999987050e-03 0.0000000000000000e+00 0.0000000000000000e+00 3.4137741309885934e+00 6.6007820392292954e-06
1.2529944585927062e-03 -1.5799999999987207e-03 0.0000000000000000e+00 0.0000000000000000e+00 3.4137741283041914e+00 6.7711178102121676e-06
1.2688551479419811e-03 -1.5999999999987368e-03 0.0000000000000000e+00 0.0000000000000000e+00 3.4137741256216052e+00 6.9436234639451414e-06
1.2847158372912559e-03 -1.6199999999987446e-03 0.0000000000000000e+00 0.0000000000000000e+00 3.4137741229390981e+00 7.1182990004361498e-06
1.3005765266405308e-03 -1.6399999999987668e-03 0.0000000000000000e+00 0.0000000000000000e+00 3.4137741202547005e+00 7.2951444196933017e-06
1.3164372159898056e-03 -1.6599999999987825e-03 0.0000000000000000e+00 0.0000000000000000e+00 3.4137741175723031e+00 7.4741597217244574e-06
1.3322979053390805e-03 -1.6799999999987842e-03 0.0000000000000000e+00 0.0000000000000000e+00 3.4137741148896166e+00 7.6553449065375452e-06
1.3481585946883553e-03 -1.6999999999987797e-03 0.0000000000000000e+00 0.0000000000000000e+00 3.4137741122053074e+00 7.8386999741405940e-06
1.3640192840376302e-03 -1.7199999999987796e-03 0.0000000000000000e+00 0.0000000000000000e+00 3.4137741095228691e+00 8.0242249245416466e-06
1.3798799733869050e-03 -1.7399999999987846e-03 0.0000000000000000e+00 0.0000000000000000e+00 3.4137741068402279e+00 8.2119197577486904e-06
1.3957406627361799e-03 -1.7599999999988016e-03 0.0000000000000000e+00 0.0000000000000000e+00 3.4137741041558485e+00 8.4017844737697502e-06
1.4116013520854547e-03 -1.7799999999988155e-03 0.0000000000000000e+00 0.0000000000000000e+00 3.4137741014733312e+00 8.5938190726127118e-06
1.4274620414347296e-03 -1.7999999999988299e-03 0.0000000000000000e+00 0.0000000000000000e+00 3.4137740987908569e+00 8.7880235542855713e-06
1.4433227307840044e-03 -1.8199999999988538e-03 0.0000000000000000e+00 0.0000000000000000e+00 3.4137740961065144e+00 8.9843979187963806e-06
1.4591834201332793e-03 -1.8399999999988783e-03 0.0000000000000000e+00 0.0000000000000000e+00 3.4137740934239678e+00 9.1829421661530509e-06
1.4750441094825541e-03 -1.8599999999989025e-03 0.0000000000000000e+00 0.0000000000000000e+00 3.4137740907414056e+00 9.3836562963635613e-06
1.4909047988318290e-03 -1.8799999999989314e-03 0.0000000000000000e+00 0.0000000000000000e+00 3.4137740880573255e+00 9.5865403094359247e-06
1.5067654881811038e-03 -1.8999999999989717e-03 0.0000000000000000e+00 0.0000000000000000e+00 3.4137740853742575e+00 9.7915942053781676e-06
1.5226261775303786e-03 -1.9199999999990210e-03 0.0000000000000000e+00 0.0000000000000000e+00 3.4137740826919565e+00 9.9988179841982607e-06
1.5384868668796535e-03 -1.9399999999990584e-03 0.0000000000000000e+00 0.0000000000000000e+00 3.4137740800083640e+00 1.0208211645904029e-05
1.5543475562289283e-03 -1.9599999999990823e-03 0.0000000000000000e+00 0.0000000000000000e+00 3.4137740773245802e+00 1.0419775190503444e-05
1.5702082455782032e-03 -1.9799999999990932e-03 0.0000000000000000e+00 0.0000000000000000e+00 3.4137740746423297e+00 1.0633508618004482e-05
1.5860689349274780e-03 -1.9999999999991075e-03 0.0000000000000000e+00 0.0000000000000000e+00 3.4137740719593856e+00 1.0849411928415243e-05
