8.7644715214029378e-06 -1.9999999999999995e-05 0.0000000000000000e+00 0.0000000000000000e+00 4.9470222363348775e+00 3.8255737245179853e-10
1.7528943042805876e-05 -4.0000000000000003e-05 0.0000000000000000e+00 0.0000000000000000e+00 4.9470221674644295e+00 1.5302295167372472e-09
2.6293414564208815e-05 -6.0000000000000002e-05 0.0000000000000000e+00 0.0000000000000000e+00 4.9470220986494837e+00 3.4430164732514230e-09
3.5057886085611758e-05 -7.9999999999999966e-05 0.0000000000000000e+00 0.0000000000000000e+00 4.9470220298708139e+00 6.1209182823894003e-09
4.3822357607014701e-05 -9.9999999999999951e-05 0.0000000000000000e+00 0.0000000000000000e+00 4.9470219611120658e+00 9.5639349845462623e-09
5.2586829128417644e-05 -1.1999999999999991e-04 0.0000000000000000e+00 0.0000000000000000e+00 4.9470218922774958e+00 1.3772066620117081e-08
6.1351300649820594e-05 -1.3999999999999983e-04 0.0000000000000000e+00 0.0000000000000000e+00 4.9470218234536221e+00 1.8745313229496927e-08
7.0115772171223543e-05 -1.5999999999999971e-04 0.0000000000000000e+00 0.0000000000000000e+00 4.9470217546197226e+00 2.4483674853080880e-08
7.8880243692626493e-05 -1.7999999999999966e-04 0.0000000000000000e+00 0.0000000000000000e+00 4.9470216858062415e+00 3.0987151531264037e-08
8.7644715214029443e-05 -1.9999999999999955e-04 0.0000000000000000e+00 0.0000000000000000e+00 4.9470216170058610e+00 3.8255743304441451e-08
9.6409186735432393e-05 -2.1999999999999949e-04 0.0000000000000000e+00 0.0000000000000000e+00 4.9470215482039031e+00 4.6289450213008222e-08
1.0517365825683534e-04 -2.3999999999999938e-04 0.0000000000000000e+00 0.0000000000000000e+00 4.9470214793598029e+00 5.5088272297359404e-08
1.1393812977823829e-04 -2.5999999999999938e-04 0.0000000000000000e+00 0.0000000000000000e+00 4.9470214105675945e+00 6.4652209597890150e-08
1.2270260129964124e-04 -2.7999999999999927e-04 0.0000000000000000e+00 0.0000000000000000e+00 4.9470213417313289e+00 7.4981262154995408e-08
1.3146707282104419e-04 -2.9999999999999921e-04 0.0000000000000000e+00 0.0000000000000000e+00 4.9470212729138776e+00 8.6075430009070366e-08
1.4023154434244714e-04 -3.1999999999999905e-04 0.0000000000000000e+00 0.0000000000000000e+00 4.9470212041087924e+00 9.7934713200510011e-08
1.4899601586385009e-04 -3.3999999999999878e-04 0.0000000000000000e+00 0.0000000000000000e+00 4.9470211352940643e+00 1.1055911176970938e-07
1.5776048738525304e-04 -3.5999999999999861e-04 0.0000000000000000e+00 0.0000000000000000e+00 4.9470210664734404e+00 1.2394862575706371e-07
1.6652495890665599e-04 -3.7999999999999839e-04 0.0000000000000000e+00 0.0000000000000000e+00 4.9470209976509718e+00 1.3810325520296799e-07
1.7528943042805894e-04 -3.9999999999999807e-04 0.0000000000000000e+00 0.0000000000000000e+00 4.9470209288312450e+00 1.5302300014781721e-07
1.8405390194946189e-04 -4.1999999999999785e-04 0.0000000000000000e+00 0.0000000000000000e+00 4.9470208600140655e+00 1.6870786063200664e-07
1.9281837347086484e-04 -4.3999999999999779e-04 0.0000000000000000e+00 0.0000000000000000e+00 4.9470207911986810e+00 1.8515783669593136e-07
2.0158284499226779e-04 -4.5999999999999757e-04 0.0000000000000000e+00 0.0000000000000000e+00 4.9470207223825362e+00 2.0237292837998630e-07
2.1034731651367074e-04 -4.7999999999999736e-04 0.0000000000000000e+00 0.0000000000000000e+00 4.9470206535632748e+00 2.2035313572456657e-07
2.1911178803507369e-04 -4.9999999999999708e-04 0.0000000000000000e+00 0.0000000000000000e+00 4.9470205847410691e+00 2.3909845877006717e-07
2.2787625955647664e-04 -5.1999999999999692e-04 0.0000000000000000e+00 0.0000000000000000e+00 4.9470205159166651e+00 2.5860889755688343e-07
2.3664073107787959e-04 -5.3999999999999665e-04 0.0000000000000000e+00 0.0000000000000000e+00 4.9470204470964312e+00 2.7888445212541024e-07
2.4540520259928254e-04 -5.5999999999999659e-04 0.0000000000000000e+00 0.0000000000000000e+00 4.9470203782860640e+00 2.9992512251604281e-07
2.5416967412068549e-04 -5.7999999999999664e-04 0.0000000000000000e+00 0.0000000000000000e+00 4.9470203094708127e+00 3.2173090876917624e-07
2.6293414564208844e-04 -5.9999999999999691e-04 0.0000000000000000e+00 0.0000000000000000e+00 4.9470202406458057e+00 3.4430181092520576e-07
2.7169861716349139e-04 -6.1999999999999707e-04 0.0000000000000000e+00 0.0000000000000000e+00 4.9470201718242688e+00 3.6763782902452625e-07
2.8046308868489434e-04 -6.3999999999999756e-04 0.0000000000000000e+00 0.0000000000000000e+00 4.9470201030156620e+00 3.9173896310753293e-07
2.8922756020629729e-04 -6.5999999999999794e-04 0.0000000000000000e+00 0.0000000000000000e+00 4.9470200341935993e+00 4.1660521321462060e-07
2.9799203172770024e-04 -6.7999999999999821e-04 0.0000000000000000e+00 0.0000000000000000e+00 4.9470199653694245e+00 4.4223657938618440e-07
3.0675650324910319e-04 -6.9999999999999880e-04 0.0000000000000000e+00 0.0000000000000000e+00 4.9470198965605281e+00 4.6863306166261981e-07
3.1552097477050614e-04 -7.1999999999999918e-04 0.0000000000000000e+00 0.0000000000000000e+00 4.9470198277372202e+00 4.9579466008432127e-07
3.2428544629190908e-04 -7.3999999999999966e-04 0.0000000000000000e+00 0.0000000000000000e+00 4.9470197589165918e+00 5.2372137469168434e-07
3.3304991781331203e-04 -7.5999999999999983e-04 0.0000000000000000e+00 0.0000000000000000e+00 4.9470196901050203e+00 5.5241320552510340e-07
3.4181438933471498e-04 -7.7999999999999988e-04 0.0000000000000000e+00 0.0000000000000000e+00 4.9470196212789928e+00 5.8187015262497397e-07
3.5057886085611793e-04 -7.9999999999999971e-04 0.0000000000000000e+00 0.0000000000000000e+00 4.9470195524683129e+00 6.1209221603169085e-07
3.5934333237752088e-04 -8.1999999999999977e-04 0.0000000000000000e+00 0.0000000000000000e+00 4.9470194836453718e+00 6.4307939578564967e-07
3.6810780389892383e-04 -8.3999999999999993e-04 0.0000000000000000e+00 0.0000000000000000e+00 4.9470194148282909e+00 6.7483169192724533e-07
3.7687227542032678e-04 -8.6000000000000030e-04 0.0000000000000000e+00 0.0000000000000000e+00 4.9470193460112979e+00 7.0734910449687336e-07
3.8563674694172973e-04 -8.8000000000000057e-04 0.0000000000000000e+00 0.0000000000000000e+00 4.9470192771897157e+00 7.4063163353492812e-07
3.9440121846313268e-04 -9.0000000000000128e-04 0.0000000000000000e+00 0.0000000000000000e+00 4.9470192083760436e+00 7.7467927908180547e-07
4.0316568998453563e-04 -9.2000000000000230e-04 0.0000000000000000e+00 0.0000000000000000e+00 4.9470191395526921e+00 8.0949204117790050e-07
4.1193016150593858e-04 -9.4000000000000301e-04 0.0000000000000000e+00 0.0000000000000000e+00 4.9470190707400379e+00 8.4506991986360738e-07
4.2069463302734153e-04 -9.6000000000000328e-04 0.0000000000000000e+00 0.0000000000000000e+00 4.9470190019164093e+00 8.8141291517932078e-07
4.2945910454874448e-04 -9.8000000000000344e-04 0.0000000000000000e+00 0.0000000000000000e+00 4.9470189331036307e+00 9.1852102716543646e-07
4.3822357607014743e-04 -1.0000000000000037e-03 0.0000000000000000e+00 0.0000000000000000e+00 4.9470188642806274e+00 9.5639425586234951e-07
4.4698804759155038e-04 -1.0200000000000042e-03 0.0000000000000000e+00 0.0000000000000000e+00 4.9470187954668665e+00 9.9503260131045557e-07
4.5575251911295333e-04 -1.0400000000000047e-03 0.0000000000000000e+00 0.0000000000000000e+00 4.9470187266454859e+00 1.0344360635501492e-06
4.6451699063435628e-04 -1.0600000000000056e-03 0.0000000000000000e+00 0.0000000000000000e+00 4.9470186578296325e+00 1.0746046426218263e-06
4.7328146215575923e-04 -1.0800000000000063e-03 0.0000000000000000e+00 0.0000000000000000e+00 4.9470185890112734e+00 1.1155383385658808e-06
4.8204593367716218e-04 -1.1000000000000070e-03 0.0000000000000000e+00 0.0000000000000000e+00 4.9470185201919374e+00 1.1572371514227081e-06
4.9081040519856518e-04 -1.1200000000000075e-03 0.0000000000000000e+00 0.0000000000000000e+00 4.9470184513774216e+00 1.1997010812327030e-06
4.9957487671996813e-04 -1.1400000000000084e-03 0.0000000000000000e+00 0.0000000000000000e+00 4.9470183825543881e+00 1.2429301280362615e-06
5.0833934824137108e-04 -1.1600000000000095e-03 0.0000000000000000e+00 0.0000000000000000e+00 4.9470183137416655e+00 1.2869242918737787e-06
5.1710381976277403e-04 -1.1800000000000111e-03 0.0000000000000000e+00 0.0000000000000000e+00 4.9470182449183833e+00 1.3316835727856500e-06
5.2586829128417698e-04 -1.2000000000000129e-03 0.0000000000000000e+00 0.0000000000000000e+00 4.9470181761044012e+00 1.3772079708122699e-06
5.3463276280557993e-04 -1.2200000000000145e-03 0.0000000000000000e+00 0.0000000000000000e+00 4.9470181072851478e+00 1.4234974859940329e-06
5.4339723432698288e-04 -1.2400000000000165e-03 0.0000000000000000e+00 0.0000000000000000e+00 4.9470180384659281e+00 1.4705521183713351e-06
5.5216170584838583e-04 -1.2600000000000189e-03 0.0000000000000000e+00 0.0000000000000000e+00 4.9470179696519079e+00 1.5183718679845719e-06
5.6092617736978878e-04 -1.2800000000000209e-03 0.0000000000000000e+00 0.0000000000000000e+00 4.9470179008288584e+00 1.5669567348741363e-06
5.6969064889119173e-04 -1.3000000000000234e-03 0.0000000000000000e+00 0.0000000000000000e+00 4.9470178320149563e+00 1.6163067190804254e-06
5.7845512041259468e-04 -1.3200000000000262e-03 0.0000000000000000e+00 0.0000000000000000e+00 4.9470177631960137e+00 1.6664218206438344e-06
5.8721959193399763e-04 -1.3400000000000287e-03 0.0000000000000000e+00 0.0000000000000000e+00 4.9470176943762452e+00 1.7173020396047565e-06
5.9598406345540058e-04 -1.3600000000000313e-03 0.0000000000000000e+00 0.0000000000000000e+00 4.9470176255624017e+00 1.7689473760035876e-06
6.0474853497680353e-04 -1.3800000000000335e-03 0.0000000000000000e+00 0.0000000000000000e+00 4.9470175567404624e+00 1.8213578298807221e-06
6.1351300649820648e-04 -1.4000000000000364e-03 0.0000000000000000e+00 0.0000000000000000e+00 4.9470174879244446e+00 1.8745334012765570e-06
6.2227747801960943e-04 -1.4200000000000386e-03 0.0000000000000000e+00 0.0000000000000000e+00 4.9470174191089251e+00 1.9284740902314849e-06
6.3104194954101238e-04 -1.4400000000000411e-03 0.0000000000000000e+00 0.0000000000000000e+00 4.9470173502866750e+00 1.9831798967859024e-06
6.3980642106241533e-04 -1.4600000000000442e-03 0.0000000000000000e+00 0.0000000000000000e+00 4.9470172814722133e+00 2.0386508209802060e-06
6.4857089258381828e-04 -1.4800000000000472e-03 0.0000000000000000e+00 0.0000000000000000e+00 4.9470172126548029e+00 2.0948868628547893e-06
6.5733536410522123e-04 -1.5000000000000499e-03 0.0000000000000000e+00 0.0000000000000000e+00 4.9470171438337003e+00 2.1518880224500456e-06
6.6609983562662418e-04 -1.5200000000000519e-03 0.0000000000000000e+00 0.0000000000000000e+00 4.9470170750195486e+00 2.2096542998063700e-06
6.7486430714802713e-04 -1.5400000000000535e-03 0.0000000000000000e+00 0.0000000000000000e+00 4.9470170062011123e+00 2.2681856949641583e-06
6.8362877866943008e-04 -1.5600000000000544e-03 0.0000000000000000e+00 0.0000000000000000e+00 4.9470169373809085e+00 2.3274822079638037e-06
6.9239325019083303e-04 -1.5800000000000547e-03 0.0000000000000000e+00 0.0000000000000000e+00 4.9470168685666689e+00 2.3875438388457027e-06
7.0115772171223598e-04 -1.6000000000000543e-03 0.0000000000000000e+00 0.0000000000000000e+00 4.9470167997481163e+00 2.4483705876502497e-06
7.0992219323363893e-04 -1.6200000000000541e-03 0.0000000000000000e+00 0.0000000000000000e+00 4.9470167309281061e+00 2.5099624544178414e-06
7.1868666475504188e-04 -1.6400000000000531e-03 0.0000000000000000e+00 0.0000000000000000e+00 4.9470166621137084e+00 2.5723194391888721e-06
7.2745113627644483e-04 -1.6600000000000518e-03 0.0000000000000000e+00 0.0000000000000000e+00 4.9470165932957171e+00 2.6354415420037358e-06
7.3621560779784778e-04 -1.6800000000000510e-03 0.0000000000000000e+00 0.0000000000000000e+00 4.9470165244753517e+00 2.6993287629028309e-06
7.4498007931925072e-04 -1.7000000000000506e-03 0.0000000000000000e+00 0.0000000000000000e+00 4.9470164556606449e+00 2.7639811019265525e-06
7.5374455084065367e-04 -1.7200000000000509e-03 0.0000000000000000e+00 0.0000000000000000e+00 4.9470163868437611e+00 2.8293985591152964e-06
7.6250902236205662e-04 -1.7400000000000514e-03 0.0000000000000000e+00 0.0000000000000000e+00 4.9470163180228690e+00 2.8955811345094554e-06
7.7127349388345957e-04 -1.7600000000000521e-03 0.0000000000000000e+00 0.0000000000000000e+00 4.9470162492074312e+00 2.9625288281494268e-06
7.8003796540486252e-04 -1.7800000000000528e-03 0.0000000000000000e+00 0.0000000000000000e+00 4.9470161803916488e+00 3.0302416400756024e-06
7.8880243692626547e-04 -1.8000000000000526e-03 0.0000000000000000e+00 0.0000000000000000e+00 4.9470161115710196e+00 3.0987195703283770e-06
7.9756690844766842e-04 -1.8200000000000531e-03 0.0000000000000000e+00 0.0000000000000000e+00 4.9470160427541181e+00 3.1679626189481481e-06
8.0633137996907137e-04 -1.8400000000000540e-03 0.0000000000000000e+00 0.0000000000000000e+00 4.9470159739391404e+00 3.2379707859753122e-06
8.1509585149047432e-04 -1.8600000000000550e-03 0.0000000000000000e+00 0.0000000000000000e+00 4.9470159051201019e+00 3.3087440714502620e-06
8.2386032301187727e-04 -1.8800000000000565e-03 0.0000000000000000e+00 0.0000000000000000e+00 4.9470158363011141e+00 3.3802824754133941e-06
8.3262479453328022e-04 -1.9000000000000585e-03 0.0000000000000000e+00 0.0000000000000000e+00 4.9470157674862154e+00 3.4525859979051044e-06
8.4138926605468317e-04 -1.9200000000000597e-03 0.0000000000000000e+00 0.0000000000000000e+00 4.9470156986695759e+00 3.5256546389657827e-06
8.5015373757608612e-04 -1.9400000000000602e-03 0.0000000000000000e+00 0.0000000000000000e+00 4.9470156298492043e+00 3.5994883986358249e-06
8.5891820909748907e-04 -1.9600000000000607e-03 0.0000000000000000e+00 0.0000000000000000e+00 4.9470155610328463e+00 3.6740872769556290e-06
8.6768268061889202e-04 -1.9800000000000607e-03 0.0000000000000000e+00 0.0000000000000000e+00 4.9470154922176333e+00 3.7494512739655871e-06
8.7644715214029497e-04 -2.0000000000000608e-03 0.0000000000000000e+00 0.0000000000000000e+00 4.9470154233989669e+00 3.8255803897060962e-06
