2.0000000000000001e-25 -2.0000000000000002e-05 0.0000000000000000e+00 0.0000000000000000e+00 6.2831853070403074e+00 2.0000000000000003e-10
4.0000000000000002e-25 -4.0000000000000003e-05 0.0000000000000000e+00 0.0000000000000000e+00 6.2831853070837855e+00 8.0000000000000013e-10
6.0000000000000005e-25 -6.0000000000000002e-05 0.0000000000000000e+00 0.0000000000000000e+00 6.2831853071436461e+00 1.8000000000000000e-09
8.0000000000000012e-25 -7.9999999999999993e-05 0.0000000000000000e+00 0.0000000000000000e+00 6.2831853071456383e+00 3.1999999999999993e-09
1.0000000000000001e-24 -9.9999999999999991e-05 0.0000000000000000e+00 0.0000000000000000e+00 6.2831853071568480e+00 4.9999999999999993e-09
1.2000000000000001e-24 -1.1999999999999998e-04 0.0000000000000000e+00 0.0000000000000000e+00 6.2831853071451791e+00 7.1999999999999975e-09
1.4000000000000001e-24 -1.3999999999999996e-04 0.0000000000000000e+00 0.0000000000000000e+00 6.2831853071460451e+00 9.7999999999999951e-09
1.6000000000000001e-24 -1.5999999999999993e-04 0.0000000000000000e+00 0.0000000000000000e+00 6.2831853071265034e+00 1.2799999999999989e-08
1.8000000000000000e-24 -1.7999999999999988e-04 0.0000000000000000e+00 0.0000000000000000e+00 6.2831853071478454e+00 1.6199999999999976e-08
2.0000000000000002e-24 -1.9999999999999979e-04 0.0000000000000000e+00 0.0000000000000000e+00 6.2831853071705126e+00 1.9999999999999957e-08
2.2000000000000004e-24 -2.1999999999999974e-04 0.0000000000000000e+00 0.0000000000000000e+00 6.2831853071372858e+00 2.4199999999999942e-08
2.4000000000000006e-24 -2.3999999999999968e-04 0.0000000000000000e+00 0.0000000000000000e+00 6.2831853071718617e+00 2.8799999999999924e-08
2.6000000000000007e-24 -2.5999999999999960e-04 0.0000000000000000e+00 0.0000000000000000e+00 6.2831853071393473e+00 3.3799999999999892e-08
2.8000000000000009e-24 -2.7999999999999949e-04 0.0000000000000000e+00 0.0000000000000000e+00 6.2831853071661063e+00 3.9199999999999855e-08
3.0000000000000011e-24 -2.9999999999999927e-04 0.0000000000000000e+00 0.0000000000000000e+00 6.2831853071744872e+00 4.4999999999999781e-08
3.2000000000000012e-24 -3.1999999999999910e-04 0.0000000000000000e+00 0.0000000000000000e+00 6.2831853071592443e+00 5.1199999999999711e-08
3.4000000000000014e-24 -3.3999999999999894e-04 0.0000000000000000e+00 0.0000000000000000e+00 6.2831853071508181e+00 5.7799999999999637e-08
3.6000000000000016e-24 -3.5999999999999878e-04 0.0000000000000000e+00 0.0000000000000000e+00 6.2831853071505259e+00 6.4799999999999561e-08
3.8000000000000017e-24 -3.7999999999999856e-04 0.0000000000000000e+00 0.0000000000000000e+00 6.2831853071520865e+00 7.2199999999999455e-08
4.0000000000000019e-24 -3.9999999999999839e-04 0.0000000000000000e+00 0.0000000000000000e+00 6.2831853071534605e+00 7.9999999999999353e-08
4.2000000000000021e-24 -4.1999999999999823e-04 0.0000000000000000e+00 0.0000000000000000e+00 6.2831853071554686e+00 8.8199999999999255e-08
4.4000000000000022e-24 -4.3999999999999806e-04 0.0000000000000000e+00 0.0000000000000000e+00 6.2831853071604638e+00 9.6799999999999146e-08
4.6000000000000024e-24 -4.5999999999999790e-04 0.0000000000000000e+00 0.0000000000000000e+00 6.2831853071699539e+00 1.0579999999999903e-07
4.8000000000000026e-24 -4.7999999999999779e-04 0.0000000000000000e+00 0.0000000000000000e+00 6.2831853071767210e+00 1.1519999999999894e-07
5.0000000000000027e-24 -4.9999999999999752e-04 0.0000000000000000e+00 0.0000000000000000e+00 6.2831853071739454e+00 1.2499999999999875e-07
5.2000000000000029e-24 -5.1999999999999724e-04 0.0000000000000000e+00 0.0000000000000000e+00 6.2831853071648913e+00 1.3519999999999856e-07
5.4000000000000031e-24 -5.3999999999999697e-04 0.0000000000000000e+00 0.0000000000000000e+00 6.2831853071606352e+00 1.4579999999999835e-07
5.6000000000000032e-24 -5.5999999999999681e-04 0.0000000000000000e+00 0.0000000000000000e+00 6.2831853071730794e+00 1.5679999999999820e-07
5.8000000000000034e-24 -5.7999999999999675e-04 0.0000000000000000e+00 0.0000000000000000e+00 6.2831853071757733e+00 1.6819999999999810e-07
6.0000000000000036e-24 -5.9999999999999669e-04 0.0000000000000000e+00 0.0000000000000000e+00 6.2831853071650103e+00 1.7999999999999801e-07
6.2000000000000038e-24 -6.1999999999999675e-04 0.0000000000000000e+00 0.0000000000000000e+00 6.2831853071672414e+00 1.9219999999999798e-07
6.4000000000000039e-24 -6.3999999999999669e-04 0.0000000000000000e+00 0.0000000000000000e+00 6.2831853071771686e+00 2.0479999999999789e-07
6.6000000000000041e-24 -6.5999999999999653e-04 0.0000000000000000e+00 0.0000000000000000e+00 6.2831853071667405e+00 2.1779999999999770e-07
6.8000000000000043e-24 -6.7999999999999625e-04 0.0000000000000000e+00 0.0000000000000000e+00 6.2831853071701538e+00 2.3119999999999746e-07
7.0000000000000052e-24 -6.9999999999999609e-04 0.0000000000000000e+00 0.0000000000000000e+00 6.2831853071760575e+00 2.4499999999999728e-07
7.2000000000000061e-24 -7.1999999999999603e-04 0.0000000000000000e+00 0.0000000000000000e+00 6.2831853071653399e+00 2.5919999999999713e-07
7.4000000000000070e-24 -7.3999999999999598e-04 0.0000000000000000e+00 0.0000000000000000e+00 6.2831853071777068e+00 2.7379999999999701e-07
7.6000000000000079e-24 -7.5999999999999592e-04 0.0000000000000000e+00 0.0000000000000000e+00 6.2831853071699548e+00 2.8879999999999692e-07
7.8000000000000088e-24 -7.7999999999999576e-04 0.0000000000000000e+00 0.0000000000000000e+00 6.2831853071722401e+00 3.0419999999999670e-07
8.0000000000000097e-24 -7.9999999999999548e-04 0.0000000000000000e+00 0.0000000000000000e+00 6.2831853071745041e+00 3.1999999999999641e-07
8.2000000000000106e-24 -8.1999999999999532e-04 0.0000000000000000e+00 0.0000000000000000e+00 6.2831853071687442e+00 3.3619999999999614e-07
8.4000000000000115e-24 -8.3999999999999526e-04 0.0000000000000000e+00 0.0000000000000000e+00 6.2831853071767361e+00 3.5279999999999601e-07
8.6000000000000124e-24 -8.5999999999999532e-04 0.0000000000000000e+00 0.0000000000000000e+00 6.2831853071680070e+00 3.6979999999999597e-07
8.8000000000000133e-24 -8.7999999999999526e-04 0.0000000000000000e+00 0.0000000000000000e+00 6.2831853071775408e+00 3.8719999999999584e-07
9.0000000000000142e-24 -8.9999999999999520e-04 0.0000000000000000e+00 0.0000000000000000e+00 6.2831853071682984e+00 4.0499999999999570e-07
9.2000000000000151e-24 -9.1999999999999504e-04 0.0000000000000000e+00 0.0000000000000000e+00 6.2831853071777202e+00 4.2319999999999543e-07
9.4000000000000160e-24 -9.3999999999999498e-04 0.0000000000000000e+00 0.0000000000000000e+00 6.2831853071688659e+00 4.4179999999999529e-07
9.6000000000000169e-24 -9.5999999999999482e-04 0.0000000000000000e+00 0.0000000000000000e+00 6.2831853071774830e+00 4.6079999999999502e-07
9.8000000000000178e-24 -9.7999999999999476e-04 0.0000000000000000e+00 0.0000000000000000e+00 6.2831853071698527e+00 4.8019999999999489e-07
1.0000000000000019e-23 -9.9999999999999503e-04 0.0000000000000000e+00 0.0000000000000000e+00 6.2831853071766233e+00 4.9999999999999500e-07
1.0200000000000020e-23 -1.0199999999999951e-03 0.0000000000000000e+00 0.0000000000000000e+00 6.2831853071718946e+00 5.2019999999999504e-07
1.0400000000000021e-23 -1.0399999999999951e-03 0.0000000000000000e+00 0.0000000000000000e+00 6.2831853071748274e+00 5.4079999999999500e-07
1.0600000000000021e-23 -1.0599999999999952e-03 0.0000000000000000e+00 0.0000000000000000e+00 6.2831853071754109e+00 5.6179999999999488e-07
1.0800000000000022e-23 -1.0799999999999952e-03 0.0000000000000000e+00 0.0000000000000000e+00 6.2831853071722934e+00 5.8319999999999490e-07
1.1000000000000023e-23 -1.0999999999999955e-03 0.0000000000000000e+00 0.0000000000000000e+00 6.2831853071784973e+00 6.0499999999999505e-07
1.1200000000000024e-23 -1.1199999999999956e-03 0.0000000000000000e+00 0.0000000000000000e+00 6.2831853071705543e+00 6.2719999999999503e-07
1.1400000000000025e-23 -1.1399999999999956e-03 0.0000000000000000e+00 0.0000000000000000e+00 6.2831853071779715e+00 6.4979999999999503e-07
1.1600000000000026e-23 -1.1599999999999957e-03 0.0000000000000000e+00 0.0000000000000000e+00 6.2831853071722623e+00 6.7279999999999496e-07
1.1800000000000027e-23 -1.1799999999999957e-03 0.0000000000000000e+00 0.0000000000000000e+00 6.2831853071750174e+00 6.9619999999999492e-07
1.2000000000000028e-23 -1.1999999999999958e-03 0.0000000000000000e+00 0.0000000000000000e+00 6.2831853071775576e+00 7.1999999999999491e-07
1.2200000000000029e-23 -1.2199999999999958e-03 0.0000000000000000e+00 0.0000000000000000e+00 6.2831853071716068e+00 7.4419999999999492e-07
1.2400000000000030e-23 -1.2399999999999959e-03 0.0000000000000000e+00 0.0000000000000000e+00 6.2831853071782300e+00 7.6879999999999487e-07
1.2600000000000030e-23 -1.2599999999999957e-03 0.0000000000000000e+00 0.0000000000000000e+00 6.2831853071731434e+00 7.9379999999999463e-07
1.2800000000000031e-23 -1.2799999999999953e-03 0.0000000000000000e+00 0.0000000000000000e+00 6.2831853071745867e+00 8.1919999999999399e-07
1.3000000000000032e-23 -1.2999999999999945e-03 0.0000000000000000e+00 0.0000000000000000e+00 6.2831853071786776e+00 8.4499999999999286e-07
1.3200000000000033e-23 -1.3199999999999937e-03 0.0000000000000000e+00 0.0000000000000000e+00 6.2831853071718990e+00 8.7119999999999165e-07
1.3400000000000034e-23 -1.3399999999999929e-03 0.0000000000000000e+00 0.0000000000000000e+00 6.2831853071769697e+00 8.9779999999999048e-07
1.3600000000000035e-23 -1.3599999999999919e-03 0.0000000000000000e+00 0.0000000000000000e+00 6.2831853071769252e+00 9.2479999999998891e-07
1.3800000000000036e-23 -1.3799999999999908e-03 0.0000000000000000e+00 0.0000000000000000e+00 6.2831853071725607e+00 9.5219999999998736e-07
1.4000000000000037e-23 -1.3999999999999896e-03 0.0000000000000000e+00 0.0000000000000000e+00 6.2831853071780968e+00 9.7999999999998532e-07
1.4200000000000038e-23 -1.4199999999999883e-03 0.0000000000000000e+00 0.0000000000000000e+00 6.2831853071754411e+00 1.0081999999999834e-06
1.4400000000000039e-23 -1.4399999999999869e-03 0.0000000000000000e+00 0.0000000000000000e+00 6.2831853071734525e+00 1.0367999999999811e-06
1.4600000000000039e-23 -1.4599999999999854e-03 0.0000000000000000e+00 0.0000000000000000e+00 6.2831853071785027e+00 1.0657999999999786e-06
1.4800000000000040e-23 -1.4799999999999839e-03 0.0000000000000000e+00 0.0000000000000000e+00 6.2831853071749384e+00 1.0951999999999762e-06
1.5000000000000041e-23 -1.4999999999999823e-03 0.0000000000000000e+00 0.0000000000000000e+00 6.2831853071739561e+00 1.1249999999999733e-06
1.5200000000000042e-23 -1.5199999999999806e-03 0.0000000000000000e+00 0.0000000000000000e+00 6.2831853071785968e+00 1.1551999999999705e-06
1.5400000000000043e-23 -1.5399999999999789e-03 0.0000000000000000e+00 0.0000000000000000e+00 6.2831853071751835e+00 1.1857999999999675e-06
1.5600000000000044e-23 -1.5599999999999772e-03 0.0000000000000000e+00 0.0000000000000000e+00 6.2831853071740023e+00 1.2167999999999644e-06
1.5800000000000045e-23 -1.5799999999999753e-03 0.0000000000000000e+00 0.0000000000000000e+00 6.2831853071784920e+00 1.2481999999999610e-06
1.6000000000000046e-23 -1.5999999999999736e-03 0.0000000000000000e+00 0.0000000000000000e+00 6.2831853071760575e+00 1.2799999999999579e-06
1.6200000000000047e-23 -1.6199999999999722e-03 0.0000000000000000e+00 0.0000000000000000e+00 6.2831853071737500e+00 1.3121999999999548e-06
1.6400000000000048e-23 -1.6399999999999709e-03 0.0000000000000000e+00 0.0000000000000000e+00 6.2831853071780790e+00 1.3447999999999524e-06
1.6600000000000049e-23 -1.6599999999999699e-03 0.0000000000000000e+00 0.0000000000000000e+00 6.2831853071774875e+00 1.3777999999999500e-06
1.6800000000000049e-23 -1.6799999999999686e-03 0.0000000000000000e+00 0.0000000000000000e+00 6.2831853071735733e+00 1.4111999999999472e-06
1.7000000000000050e-23 -1.6999999999999676e-03 0.0000000000000000e+00 0.0000000000000000e+00 6.2831853071771651e+00 1.4449999999999449e-06
1.7200000000000051e-23 -1.7199999999999668e-03 0.0000000000000000e+00 0.0000000000000000e+00 6.2831853071788633e+00 1.4791999999999428e-06
1.7400000000000052e-23 -1.7399999999999662e-03 0.0000000000000000e+00 0.0000000000000000e+00 6.2831853071741133e+00 1.5137999999999411e-06
1.7600000000000053e-23 -1.7599999999999654e-03 0.0000000000000000e+00 0.0000000000000000e+00 6.2831853071757315e+00 1.5487999999999391e-06
1.7800000000000054e-23 -1.7799999999999648e-03 0.0000000000000000e+00 0.0000000000000000e+00 6.2831853071788784e+00 1.5841999999999373e-06
1.8000000000000055e-23 -1.7999999999999644e-03 0.0000000000000000e+00 0.0000000000000000e+00 6.2831853071760095e+00 1.6199999999999360e-06
1.8200000000000056e-23 -1.8199999999999642e-03 0.0000000000000000e+00 0.0000000000000000e+00 6.2831853071743682e+00 1.6561999999999349e-06
1.8400000000000057e-23 -1.8399999999999643e-03 0.0000000000000000e+00 0.0000000000000000e+00 6.2831853071779324e+00 1.6927999999999343e-06
1.8600000000000058e-23 -1.8599999999999645e-03 0.0000000000000000e+00 0.0000000000000000e+00 6.2831853071786412e+00 1.7297999999999341e-06
1.8800000000000058e-23 -1.8799999999999648e-03 0.0000000000000000e+00 0.0000000000000000e+00 6.2831853071744410e+00 1.7671999999999339e-06
1.9000000000000059e-23 -1.8999999999999649e-03 0.0000000000000000e+00 0.0000000000000000e+00 6.2831853071759447e+00 1.8049999999999332e-06
1.9200000000000060e-23 -1.9199999999999647e-03 0.0000000000000000e+00 0.0000000000000000e+00 6.2831853071788553e+00 1.8431999999999322e-06
1.9400000000000061e-23 -1.9399999999999648e-03 0.0000000000000000e+00 0.0000000000000000e+00 6.2831853071769874e+00 1.8817999999999315e-06
1.9600000000000062e-23 -1.9599999999999648e-03 0.0000000000000000e+00 0.0000000000000000e+00 6.2831853071744668e+00 1.9207999999999309e-06
1.9800000000000063e-23 -1.9799999999999649e-03 0.0000000000000000e+00 0.0000000000000000e+00 6.2831853071772148e+00 1.9601999999999304e-06
2.0000000000000064e-23 -1.9999999999999645e-03 0.0000000000000000e+00 0.0000000000000000e+00 6.2831853071790604e+00 1.9999999999999288e-06
