1.3563030616708749e-05 -2.0000000000000025e-05 0.0000000000000000e+00 0.0000000000000000e+00 4.0077789041564662e+00 7.0506667944009925e-10
2.7126061233417497e-05 -4.0000000000000010e-05 0.0000000000000000e+00 0.0000000000000000e+00 4.0077785355684918e+00 2.8202671132638024e-09
4.0689091850126249e-05 -5.9999999999999859e-05 0.0000000000000000e+00 0.0000000000000000e+00 4.0077781667026953e+00 6.3456018947261999e-09
5.4252122466835001e-05 -7.9999999999999573e-05 0.0000000000000000e+00 0.0000000000000000e+00 4.0077777979521159e+00 1.1281071617082385e-08
6.7815153083543753e-05 -9.9999999999999083e-05 0.0000000000000000e+00 0.0000000000000000e+00 4.0077774291883763e+00 1.7626676873587429e-08
8.1378183700252498e-05 -1.1999999999999828e-04 0.0000000000000000e+00 0.0000000000000000e+00 4.0077770603955472e+00 2.5382418257496381e-08
9.4941214316961243e-05 -1.3999999999999779e-04 0.0000000000000000e+00 0.0000000000000000e+00 4.0077766915676465e+00 3.4548296362064539e-08
1.0850424493366999e-04 -1.5999999999999744e-04 0.0000000000000000e+00 0.0000000000000000e+00 4.0077763227955208e+00 4.5124311780546993e-08
1.2206727555037873e-04 -1.7999999999999744e-04 0.0000000000000000e+00 0.0000000000000000e+00 4.0077759540038560e+00 5.7110465106198959e-08
1.3563030616708748e-04 -1.9999999999999735e-04 0.0000000000000000e+00 0.0000000000000000e+00 4.0077755852008954e+00 7.0506756932275391e-08
1.4919333678379621e-04 -2.1999999999999776e-04 0.0000000000000000e+00 0.0000000000000000e+00 4.0077752163974658e+00 8.5313187852031746e-08
1.6275636740050494e-04 -2.3999999999999843e-04 0.0000000000000000e+00 0.0000000000000000e+00 4.0077748476243613e+00 1.0152975845872303e-07
1.7631939801721367e-04 -2.5999999999999862e-04 0.0000000000000000e+00 0.0000000000000000e+00 4.0077744788122081e+00 1.1915646934560394e-07
1.8988242863392241e-04 -2.7999999999999862e-04 0.0000000000000000e+00 0.0000000000000000e+00 4.0077741100348492e+00 1.3819332110592967e-07
2.0344545925063114e-04 -2.9999999999999927e-04 0.0000000000000000e+00 0.0000000000000000e+00 4.0077737412311443e+00 1.5864031433295600e-07
2.1700848986733987e-04 -3.1999999999999948e-04 0.0000000000000000e+00 0.0000000000000000e+00 4.0077733724335465e+00 1.8049744961993724e-07
2.3057152048404860e-04 -3.4000000000000002e-04 0.0000000000000000e+00 0.0000000000000000e+00 4.0077730036478236e+00 2.0376472756012908e-07
2.4413455110075733e-04 -3.6000000000000040e-04 0.0000000000000000e+00 0.0000000000000000e+00 4.0077726348595224e+00 2.2844214874678629e-07
2.5769758171746606e-04 -3.7999999999999991e-04 0.0000000000000000e+00 0.0000000000000000e+00 4.0077722660680184e+00 2.5452971377316311e-07
2.7126061233417479e-04 -3.9999999999999975e-04 0.0000000000000000e+00 0.0000000000000000e+00 4.0077718972755720e+00 2.8202742323251596e-07
2.8482364295088353e-04 -4.1999999999999964e-04 0.0000000000000000e+00 0.0000000000000000e+00 4.0077715284832331e+00 3.1093527771809947e-07
2.9838667356759226e-04 -4.3999999999999980e-04 0.0000000000000000e+00 0.0000000000000000e+00 4.0077711596911172e+00 3.4125327782316932e-07
3.1194970418430099e-04 -4.5999999999999882e-04 0.0000000000000000e+00 0.0000000000000000e+00 4.0077707908989817e+00 3.7298142414097871e-07
3.2551273480100972e-04 -4.7999999999999833e-04 0.0000000000000000e+00 0.0000000000000000e+00 4.0077704221060806e+00 4.0611971726478469e-07
3.3907576541771845e-04 -4.9999999999999730e-04 0.0000000000000000e+00 0.0000000000000000e+00 4.0077700533119351e+00 4.4066815778784120e-07
3.5263879603442718e-04 -5.1999999999999714e-04 0.0000000000000000e+00 0.0000000000000000e+00 4.0077696845175330e+00 4.7662674630340514e-07
3.6620182665113592e-04 -5.3999999999999751e-04 0.0000000000000000e+00 0.0000000000000000e+00 4.0077693157266303e+00 5.1399548340473118e-07
3.7976485726784465e-04 -5.5999999999999681e-04 0.0000000000000000e+00 0.0000000000000000e+00 4.0077689469419138e+00 5.5277436968507211e-07
3.9332788788455338e-04 -5.7999999999999523e-04 0.0000000000000000e+00 0.0000000000000000e+00 4.0077685781545460e+00 5.9296340573768354e-07
4.0689091850126211e-04 -5.9999999999999496e-04 0.0000000000000000e+00 0.0000000000000000e+00 4.0077682093609166e+00 6.3456259215582353e-07
4.2045394911797084e-04 -6.1999999999999447e-04 0.0000000000000000e+00 0.0000000000000000e+00 4.0077678405677304e+00 6.7757192953274519e-07
4.3401697973467957e-04 -6.3999999999999268e-04 0.0000000000000000e+00 0.0000000000000000e+00 4.0077674717844136e+00 7.2199141846170117e-07
4.4758001035138831e-04 -6.5999999999999100e-04 0.0000000000000000e+00 0.0000000000000000e+00 4.0077671029963673e+00 7.6782105953594975e-07
4.6114304096809704e-04 -6.7999999999998888e-04 0.0000000000000000e+00 0.0000000000000000e+00 4.0077667342022325e+00 8.1506085334874423e-07
4.7470607158480577e-04 -6.9999999999998752e-04 0.0000000000000000e+00 0.0000000000000000e+00 4.0077663654176234e+00 8.6371080049334257e-07
4.8826910220151450e-04 -7.1999999999998790e-04 0.0000000000000000e+00 0.0000000000000000e+00 4.0077659966314672e+00 9.1377090156300125e-07
5.0183213281822323e-04 -7.3999999999998687e-04 0.0000000000000000e+00 0.0000000000000000e+00 4.0077656278383307e+00 9.6524115715096985e-07
5.1539516343493191e-04 -7.5999999999998725e-04 0.0000000000000000e+00 0.0000000000000000e+00 4.0077652590567059e+00 1.0181215678505090e-06
5.2895819405164059e-04 -7.7999999999998622e-04 0.0000000000000000e+00 0.0000000000000000e+00 4.0077648902672127e+00 1.0724121342548678e-06
5.4252122466834926e-04 -7.9999999999998594e-04 0.0000000000000000e+00 0.0000000000000000e+00 4.0077645214784186e+00 1.1281128569573064e-06
5.5608425528505794e-04 -8.1999999999998394e-04 0.0000000000000000e+00 0.0000000000000000e+00 4.0077641526962955e+00 1.1852237365510739e-06
5.6964728590176662e-04 -8.3999999999998280e-04 0.0000000000000000e+00 0.0000000000000000e+00 4.0077637839047648e+00 1.2437447736294312e-06
5.8321031651847530e-04 -8.5999999999998101e-04 0.0000000000000000e+00 0.0000000000000000e+00 4.0077634151244910e+00 1.3036759687856304e-06
5.9677334713518397e-04 -8.7999999999997781e-04 0.0000000000000000e+00 0.0000000000000000e+00 4.0077630463342517e+00 1.3650173226129245e-06
6.1033637775189265e-04 -8.9999999999997363e-04 0.0000000000000000e+00 0.0000000000000000e+00 4.0077626775525230e+00 1.4277688357045692e-06
6.2389940836860133e-04 -9.1999999999996783e-04 0.0000000000000000e+00 0.0000000000000000e+00 4.0077623087649634e+00 1.4919305086538177e-06
6.3746243898531001e-04 -9.3999999999996387e-04 0.0000000000000000e+00 0.0000000000000000e+00 4.0077619399815969e+00 1.5575023420539345e-06
6.5102546960201868e-04 -9.5999999999995991e-04 0.0000000000000000e+00 0.0000000000000000e+00 4.0077615711962915e+00 1.6244843364981695e-06
6.6458850021872736e-04 -9.7999999999995768e-04 0.0000000000000000e+00 0.0000000000000000e+00 4.0077612024124960e+00 1.6928764925797824e-06
6.7815153083543604e-04 -9.9999999999995774e-04 0.0000000000000000e+00 0.0000000000000000e+00 4.0077608336282839e+00 1.7626788108920304e-06
6.9171456145214472e-04 -1.0199999999999602e-03 0.0000000000000000e+00 0.0000000000000000e+00 4.0077604648452194e+00 1.8338912920281690e-06
7.0527759206885339e-04 -1.0399999999999643e-03 0.0000000000000000e+00 0.0000000000000000e+00 4.0077600960609985e+00 1.9065139365814521e-06
7.1884062268556207e-04 -1.0599999999999677e-03 0.0000000000000000e+00 0.0000000000000000e+00 4.0077597272795753e+00 1.9805467451451276e-06
7.3240365330227075e-04 -1.0799999999999714e-03 0.0000000000000000e+00 0.0000000000000000e+00 4.0077593584945692e+00 2.0559897183124540e-06
7.4596668391897943e-04 -1.0999999999999747e-03 0.0000000000000000e+00 0.0000000000000000e+00 4.0077589897152555e+00 2.1328428566766842e-06
7.5952971453568810e-04 -1.1199999999999782e-03 0.0000000000000000e+00 0.0000000000000000e+00 4.0077586209292280e+00 2.2111061608310755e-06
7.7309274515239678e-04 -1.1399999999999791e-03 0.0000000000000000e+00 0.0000000000000000e+00 4.0077582521512900e+00 2.2907796313688732e-06
7.8665577576910546e-04 -1.1599999999999783e-03 0.0000000000000000e+00 0.0000000000000000e+00 4.0077578833655734e+00 2.3718632688833362e-06
8.0021880638581414e-04 -1.1799999999999766e-03 0.0000000000000000e+00 0.0000000000000000e+00 4.0077575145878495e+00 2.4543570739677218e-06
8.1378183700252281e-04 -1.1999999999999767e-03 0.0000000000000000e+00 0.0000000000000000e+00 4.0077571458043675e+00 2.5382610472152922e-06
8.2734486761923149e-04 -1.2199999999999754e-03 0.0000000000000000e+00 0.0000000000000000e+00 4.0077567770247144e+00 2.6235751892192941e-06
8.4090789823594017e-04 -1.2399999999999731e-03 0.0000000000000000e+00 0.0000000000000000e+00 4.0077564082455011e+00 2.7102995005729835e-06
8.5447092885264884e-04 -1.2599999999999682e-03 0.0000000000000000e+00 0.0000000000000000e+00 4.0077560394625626e+00 2.7984339818696077e-06
8.6803395946935752e-04 -1.2799999999999648e-03 0.0000000000000000e+00 0.0000000000000000e+00 4.0077556706860982e+00 2.8879786337024381e-06
8.8159699008606620e-04 -1.2999999999999616e-03 0.0000000000000000e+00 0.0000000000000000e+00 4.0077553019032246e+00 2.9789334566647246e-06
8.9516002070277488e-04 -1.3199999999999599e-03 0.0000000000000000e+00 0.0000000000000000e+00 4.0077549331259759e+00 3.0712984513497261e-06
9.0872305131948355e-04 -1.3399999999999608e-03 0.0000000000000000e+00 0.0000000000000000e+00 4.0077545643475343e+00 3.1650736183507045e-06
9.2228608193619223e-04 -1.3599999999999587e-03 0.0000000000000000e+00 0.0000000000000000e+00 4.0077541955663847e+00 3.2602589582608920e-06
9.3584911255290091e-04 -1.3799999999999540e-03 0.0000000000000000e+00 0.0000000000000000e+00 4.0077538267910917e+00 3.3568544716735459e-06
9.4941214316960959e-04 -1.3999999999999466e-03 0.0000000000000000e+00 0.0000000000000000e+00 4.0077534580104963e+00 3.4548601591819208e-06
9.6297517378631826e-04 -1.4199999999999363e-03 0.0000000000000000e+00 0.0000000000000000e+00 4.0077530892333133e+00 3.5542760213792693e-06
9.7653820440302694e-04 -1.4399999999999270e-03 0.0000000000000000e+00 0.0000000000000000e+00 4.0077527204578249e+00 3.6551020588588635e-06
9.9010123501973562e-04 -1.4599999999999160e-03 0.0000000000000000e+00 0.0000000000000000e+00 4.0077523516773299e+00 3.7573382722139465e-06
1.0036642656364443e-03 -1.4799999999999011e-03 0.0000000000000000e+00 0.0000000000000000e+00 4.0077519829026080e+00 3.8609846620377637e-06
1.0172272962531530e-03 -1.4999999999998886e-03 0.0000000000000000e+00 0.0000000000000000e+00 4.0077516141264384e+00 3.9660412289235961e-06
1.0307903268698617e-03 -1.5199999999998747e-03 0.0000000000000000e+00 0.0000000000000000e+00 4.0077512453475315e+00 4.0725079734646844e-06
1.0443533574865703e-03 -1.5399999999998633e-03 0.0000000000000000e+00 0.0000000000000000e+00 4.0077508765740557e+00 4.1803848962542980e-06
1.0579163881032790e-03 -1.5599999999998521e-03 0.0000000000000000e+00 0.0000000000000000e+00 4.0077505077976499e+00 4.2896719978856828e-06
1.0714794187199877e-03 -1.5799999999998413e-03 0.0000000000000000e+00 0.0000000000000000e+00 4.0077501390204917e+00 4.4003692789520955e-06
1.0850424493366964e-03 -1.5999999999998305e-03 0.0000000000000000e+00 0.0000000000000000e+00 4.0077497702478100e+00 4.5124767400467904e-06
1.0986054799534050e-03 -1.6199999999998186e-03 0.0000000000000000e+00 0.0000000000000000e+00 4.0077494014718882e+00 4.6259943817630175e-06
1.1121685105701137e-03 -1.6399999999998057e-03 0.0000000000000000e+00 0.0000000000000000e+00 4.0077490326959673e+00 4.7409222046940303e-06
1.1257315411868224e-03 -1.6599999999997942e-03 0.0000000000000000e+00 0.0000000000000000e+00 4.0077486639240254e+00 4.8572602094330973e-06
1.1392945718035311e-03 -1.6799999999997839e-03 0.0000000000000000e+00 0.0000000000000000e+00 4.0077482951490842e+00 4.9750083965734686e-06
1.1528576024202397e-03 -1.6999999999997740e-03 0.0000000000000000e+00 0.0000000000000000e+00 4.0077479263739262e+00 5.0941667667083993e-06
1.1664206330369484e-03 -1.7199999999997623e-03 0.0000000000000000e+00 0.0000000000000000e+00 4.0077475576027206e+00 5.2147353204311360e-06
1.1799836636536571e-03 -1.7399999999997519e-03 0.0000000000000000e+00 0.0000000000000000e+00 4.0077471888292102e+00 5.3367140583349457e-06
1.1935466942703658e-03 -1.7599999999997377e-03 0.0000000000000000e+00 0.0000000000000000e+00 4.0077468200544564e+00 5.4601029810130580e-06
1.2071097248870745e-03 -1.7799999999997228e-03 0.0000000000000000e+00 0.0000000000000000e+00 4.0077464512838716e+00 5.5849020890587442e-06
1.2206727555037831e-03 -1.7999999999997085e-03 0.0000000000000000e+00 0.0000000000000000e+00 4.0077460825121003e+00 5.7111113830652653e-06
1.2342357861204918e-03 -1.8199999999996921e-03 0.0000000000000000e+00 0.0000000000000000e+00 4.0077457137377506e+00 5.8387308636258628e-06
1.2477988167372005e-03 -1.8399999999996728e-03 0.0000000000000000e+00 0.0000000000000000e+00 4.0077453449674127e+00 5.9677605313337911e-06
1.2613618473539092e-03 -1.8599999999996549e-03 0.0000000000000000e+00 0.0000000000000000e+00 4.0077449761972908e+00 6.0982003867823186e-06
1.2749248779706178e-03 -1.8799999999996406e-03 0.0000000000000000e+00 0.0000000000000000e+00 4.0077446074240868e+00 6.2300504305647201e-06
1.2884879085873265e-03 -1.8999999999996294e-03 0.0000000000000000e+00 0.0000000000000000e+00 4.0077442386534408e+00 6.3633106632742430e-06
1.3020509392040352e-03 -1.9199999999996136e-03 0.0000000000000000e+00 0.0000000000000000e+00 4.0077438698847079e+00 6.4979810855041059e-06
1.3156139698207439e-03 -1.9399999999995983e-03 0.0000000000000000e+00 0.0000000000000000e+00 4.0077435011136142e+00 6.6340616978475886e-06
1.3291770004374526e-03 -1.9599999999995832e-03 0.0000000000000000e+00 0.0000000000000000e+00 4.0077431323422923e+00 6.7715525008979461e-06
1.3427400310541612e-03 -1.9799999999995715e-03 0.0000000000000000e+00 0.0000000000000000e+00 4.0077427635742886e+00 6.9104534952484506e-06
1.3563030616708699e-03 -1.9999999999995594e-03 0.0000000000000000e+00 0.0000000000000000e+00 4.0077423948057156e+00 7.0507646814923349e-06
