1.5860689349274746e-05 -2.0000000000000059e-05 0.0000000000000000e+00 0.0000000000000000e+00 3.4137741013518434e+00 1.0849411782124121e-09
3.1721378698549492e-05 -3.9999999999999786e-05 0.0000000000000000e+00 0.0000000000000000e+00 3.4137738626044878e+00 4.3397651863222748e-09
4.7582068047824238e-05 -5.9999999999999432e-05 0.0000000000000000e+00 0.0000000000000000e+00 3.4137736238636585e+00 9.7644727345385831e-09
6.3442757397098984e-05 -7.9999999999999220e-05 0.0000000000000000e+00 0.0000000000000000e+00 3.4137733850433238e+00 1.7359064533070392e-08
7.9303446746373723e-05 -9.9999999999998853e-05 0.0000000000000000e+00 0.0000000000000000e+00 3.4137731462652954e+00 2.7123541292126643e-08
9.5164136095648462e-05 -1.1999999999999834e-04 0.0000000000000000e+00 0.0000000000000000e+00 3.4137729074686889e+00 3.9057903721916318e-08
1.1102482544492320e-04 -1.3999999999999649e-04 0.0000000000000000e+00 0.0000000000000000e+00 3.4137726686564034e+00 5.3162152532647787e-08
1.2688551479419794e-04 -1.5999999999999497e-04 0.0000000000000000e+00 0.0000000000000000e+00 3.4137724298709915e+00 6.9436288434530734e-08
1.4274620414347268e-04 -1.7999999999999519e-04 0.0000000000000000e+00 0.0000000000000000e+00 3.4137721910736132e+00 8.7880312137775213e-08
1.5860689349274742e-04 -1.9999999999999722e-04 0.0000000000000000e+00 0.0000000000000000e+00 3.4137719522736161e+00 1.0849422435259064e-07
1.7446758284202216e-04 -2.1999999999999947e-04 0.0000000000000000e+00 0.0000000000000000e+00 3.4137717134705725e+00 1.3127802578918513e-07
1.9032827219129690e-04 -2.4000000000000220e-04 0.0000000000000000e+00 0.0000000000000000e+00 3.4137714746695935e+00 1.5623171715776804e-07
2.0618896154057164e-04 -2.6000000000000719e-04 0.0000000000000000e+00 0.0000000000000000e+00 3.4137712358777454e+00 1.8335529916855010e-07
2.2204965088984638e-04 -2.8000000000001065e-04 0.0000000000000000e+00 0.0000000000000000e+00 3.4137709970722772e+00 2.1264877253173704e-07
2.3791034023912112e-04 -3.0000000000001667e-04 0.0000000000000000e+00 0.0000000000000000e+00 3.4137707582785302e+00 2.4411213795754190e-07
2.5377102958839583e-04 -3.2000000000002415e-04 0.0000000000000000e+00 0.0000000000000000e+00 3.4137705194825978e+00 2.7774539615617301e-07
2.6963171893767057e-04 -3.4000000000002892e-04 0.0000000000000000e+00 0.0000000000000000e+00 3.4137702806787873e+00 3.1354854783783467e-07
2.8549240828694531e-04 -3.6000000000003363e-04 0.0000000000000000e+00 0.0000000000000000e+00 3.4137700418799515e+00 3.5152159371273849e-07
3.0135309763622004e-04 -3.8000000000003705e-04 0.0000000000000000e+00 0.0000000000000000e+00 3.4137698030836581e+00 3.9166453449109201e-07
3.1721378698549478e-04 -4.0000000000003932e-04 0.0000000000000000e+00 0.0000000000000000e+00 3.4137695642870511e+00 4.3397737088310402e-07
3.3307447633476952e-04 -4.2000000000003986e-04 0.0000000000000000e+00 0.0000000000000000e+00 3.4137693254896972e+00 4.7846010359898217e-07
3.4893516568404426e-04 -4.4000000000003726e-04 0.0000000000000000e+00 0.0000000000000000e+00 3.4137690866917723e+00 5.2511273334893341e-07
3.6479585503331900e-04 -4.6000000000003639e-04 0.0000000000000000e+00 0.0000000000000000e+00 3.4137688478934249e+00 5.7393526084317389e-07
3.8065654438259374e-04 -4.8000000000003384e-04 0.0000000000000000e+00 0.0000000000000000e+00 3.4137686090947472e+00 6.2492768679190698e-07
3.9651723373186848e-04 -5.0000000000003102e-04 0.0000000000000000e+00 0.0000000000000000e+00 3.4137683702968507e+00 6.7809001190534406e-07
4.1237792308114322e-04 -5.2000000000002673e-04 0.0000000000000000e+00 0.0000000000000000e+00 3.4137681314986756e+00 7.3342223689369157e-07
4.2823861243041796e-04 -5.4000000000002061e-04 0.0000000000000000e+00 0.0000000000000000e+00 3.4137678927026736e+00 7.9092436246715761e-07
4.4409930177969270e-04 -5.6000000000001123e-04 0.0000000000000000e+00 0.0000000000000000e+00 3.4137676539081605e+00 8.5059638933594786e-07
4.5995999112896744e-04 -5.7999999999999664e-04 0.0000000000000000e+00 0.0000000000000000e+00 3.4137674151109247e+00 9.1243831821026663e-07
4.7582068047824218e-04 -5.9999999999997685e-04 0.0000000000000000e+00 0.0000000000000000e+00 3.4137671763118296e+00 9.7645014980032119e-07
4.9168136982751692e-04 -6.1999999999995370e-04 0.0000000000000000e+00 0.0000000000000000e+00 3.4137669375133242e+00 1.0426318848163242e-06
5.0754205917679165e-04 -6.3999999999993012e-04 0.0000000000000000e+00 0.0000000000000000e+00 3.4137666987183701e+00 1.1109835239684908e-06
5.2340274852606639e-04 -6.5999999999991218e-04 0.0000000000000000e+00 0.0000000000000000e+00 3.4137664599229396e+00 1.1815050679670447e-06
5.3926343787534113e-04 -6.7999999999989586e-04 0.0000000000000000e+00 0.0000000000000000e+00 3.4137662211242459e+00 1.2541965175221852e-06
5.5512412722461587e-04 -6.9999999999988398e-04 0.0000000000000000e+00 0.0000000000000000e+00 3.4137659823272455e+00 1.3290578733441303e-06
5.7098481657389061e-04 -7.1999999999987721e-04 0.0000000000000000e+00 0.0000000000000000e+00 3.4137657435333391e+00 1.4060891361430911e-06
5.8684550592316535e-04 -7.3999999999986468e-04 0.0000000000000000e+00 0.0000000000000000e+00 3.4137655047348678e+00 1.4852903066292481e-06
6.0270619527244009e-04 -7.5999999999985400e-04 0.0000000000000000e+00 0.0000000000000000e+00 3.4137652659387161e+00 1.5666613855128299e-06
6.1856688462171483e-04 -7.7999999999984625e-04 0.0000000000000000e+00 0.0000000000000000e+00 3.4137650271443007e+00 1.6502023735040502e-06
6.3442757397098957e-04 -7.9999999999983741e-04 0.0000000000000000e+00 0.0000000000000000e+00 3.4137647883455835e+00 1.7359132713131055e-06
6.5028826332026431e-04 -8.1999999999982521e-04 0.0000000000000000e+00 0.0000000000000000e+00 3.4137645495516109e+00 1.8237940796501984e-06
6.6614895266953905e-04 -8.3999999999981247e-04 0.0000000000000000e+00 0.0000000000000000e+00 3.4137643107550883e+00 1.9138447992255464e-06
6.8200964201881379e-04 -8.5999999999979517e-04 0.0000000000000000e+00 0.0000000000000000e+00 3.4137640719583464e+00 2.0060654307493445e-06
6.9787033136808852e-04 -8.7999999999978558e-04 0.0000000000000000e+00 0.0000000000000000e+00 3.4137638331646052e+00 2.1004559749318411e-06
7.1373102071736326e-04 -8.9999999999978292e-04 0.0000000000000000e+00 0.0000000000000000e+00 3.4137635943668267e+00 2.1970164324832448e-06
7.2959171006663800e-04 -9.1999999999978308e-04 0.0000000000000000e+00 0.0000000000000000e+00 3.4137633555738414e+00 2.2957468041137521e-06
7.4545239941591274e-04 -9.3999999999977663e-04 0.0000000000000000e+00 0.0000000000000000e+00 3.4137631167763018e+00 2.3966470905335388e-06
7.6131308876518748e-04 -9.5999999999977939e-04 0.0000000000000000e+00 0.0000000000000000e+00 3.4137628779829234e+00 2.4997172924528696e-06
7.7717377811446222e-04 -9.7999999999978942e-04 0.0000000000000000e+00 0.0000000000000000e+00 3.4137626391861873e+00 2.6049574105819480e-06
7.9303446746373696e-04 -9.9999999999980270e-04 0.0000000000000000e+00 0.0000000000000000e+00 3.4137624003924638e+00 2.7123674456309701e-06
8.0889515681301170e-04 -1.0199999999998110e-03 0.0000000000000000e+00 0.0000000000000000e+00 3.4137621615962850e+00 2.8219473983101142e-06
8.2475584616228644e-04 -1.0399999999998141e-03 0.0000000000000000e+00 0.0000000000000000e+00 3.4137619228026943e+00 2.9336972693295878e-06
8.4061653551156118e-04 -1.0599999999998085e-03 0.0000000000000000e+00 0.0000000000000000e+00 3.4137616840066261e+00 3.0476170593995848e-06
8.5647722486083592e-04 -1.0799999999997962e-03 0.0000000000000000e+00 0.0000000000000000e+00 3.4137614452135381e+00 3.1637067692303212e-06
8.7233791421011066e-04 -1.0999999999997865e-03 0.0000000000000000e+00 0.0000000000000000e+00 3.4137612064175871e+00 3.2819663995320416e-06
8.8819860355938540e-04 -1.1199999999997299e-03 0.0000000000000000e+00 0.0000000000000000e+00 3.4137609676247322e+00 3.4023959510147490e-06
9.0405929290866013e-04 -1.1399999999996723e-03 0.0000000000000000e+00 0.0000000000000000e+00 3.4137607288285170e+00 3.5249954243888394e-06
9.1991998225793487e-04 -1.1599999999996164e-03 0.0000000000000000e+00 0.0000000000000000e+00 3.4137604900360810e+00 3.6497648203645300e-06
9.3578067160720961e-04 -1.1799999999995672e-03 0.0000000000000000e+00 0.0000000000000000e+00 3.4137602512400882e+00 3.7767041396520532e-06
9.5164136095648435e-04 -1.1999999999995118e-03 0.0000000000000000e+00 0.0000000000000000e+00 3.4137600124478169e+00 3.9058133829615607e-06
9.6750205030575909e-04 -1.2199999999994565e-03 0.0000000000000000e+00 0.0000000000000000e+00 3.4137597736526781e+00 4.0370925510032912e-06
9.8336273965503383e-04 -1.2399999999993967e-03 0.0000000000000000e+00 0.0000000000000000e+00 3.4137595348594880e+00 4.1705416444874302e-06
9.9922342900430868e-04 -1.2599999999993265e-03 0.0000000000000000e+00 0.0000000000000000e+00 3.4137592960657130e+00 4.3061606641241581e-06
1.0150841183535835e-03 -1.2799999999992644e-03 0.0000000000000000e+00 0.0000000000000000e+00 3.4137590572713465e+00 4.4439496106237713e-06
1.0309448077028584e-03 -1.2999999999992046e-03 0.0000000000000000e+00 0.0000000000000000e+00 3.4137588184793515e+00 4.5839084846964535e-06
1.0468054970521332e-03 -1.3199999999991420e-03 0.0000000000000000e+00 0.0000000000000000e+00 3.4137585796842997e+00 4.7260372870523860e-06
1.0626661864014081e-03 -1.3399999999990746e-03 0.0000000000000000e+00 0.0000000000000000e+00 3.4137583408922425e+00 4.8703360184017695e-06
1.0785268757506829e-03 -1.3599999999990087e-03 0.0000000000000000e+00 0.0000000000000000e+00 3.4137581020984520e+00 5.0168046794548420e-06
1.0943875650999578e-03 -1.3799999999989433e-03 0.0000000000000000e+00 0.0000000000000000e+00 3.4137578633049563e+00 5.1654432709218100e-06
1.1102482544492326e-03 -1.3999999999988655e-03 0.0000000000000000e+00 0.0000000000000000e+00 3.4137576245133192e+00 5.3162517935128134e-06
1.1261089437985075e-03 -1.4199999999987985e-03 0.0000000000000000e+00 0.0000000000000000e+00 3.4137573857188315e+00 5.4692302479381824e-06
1.1419696331477823e-03 -1.4399999999987389e-03 0.0000000000000000e+00 0.0000000000000000e+00 3.4137571469270278e+00 5.6243786349081092e-06
1.1578303224970572e-03 -1.4599999999986651e-03 0.0000000000000000e+00 0.0000000000000000e+00 3.4137569081345580e+00 5.7816969551326861e-06
1.1736910118463320e-03 -1.4799999999986001e-03 0.0000000000000000e+00 0.0000000000000000e+00 3.4137566693409842e+00 5.9411852093222478e-06
1.1895517011956068e-03 -1.4999999999985439e-03 0.0000000000000000e+00 0.0000000000000000e+00 3.4137564305497103e+00 6.1028433981870049e-06
1.2054123905448817e-03 -1.5199999999984842e-03 0.0000000000000000e+00 0.0000000000000000e+00 3.4137561917565105e+00 6.2666715224370981e-06
1.2212730798941565e-03 -1.5399999999984144e-03 0.0000000000000000e+00 0.0000000000000000e+00 3.4137559529642547e+00 6.4326695827826968e-06
1.2371337692434314e-03 -1.5599999999984149e-03 0.0000000000000000e+00 0.0000000000000000e+00 3.4137557141730630e+00 6.6008375799344760e-06
1.2529944585927062e-03 -1.5799999999984221e-03 0.0000000000000000e+00 0.0000000000000000e+00 3.4137554753797401e+00 6.7711755146022840e-06
1.2688551479419811e-03 -1.5999999999984377e-03 0.0000000000000000e+00 0.0000000000000000e+00 3.4137552365883339e+00 6.9436833874963419e-06
1.2847158372912559e-03 -1.6199999999984465e-03 0.0000000000000000e+00 0.0000000000000000e+00 3.4137549977971129e+00 7.1183611993267716e-06
1.3005765266405308e-03 -1.6399999999984515e-03 0.0000000000000000e+00 0.0000000000000000e+00 3.4137547590041062e+00 7.2952089508037992e-06
1.3164372159898056e-03 -1.6599999999984591e-03 0.0000000000000000e+00 0.0000000000000000e+00 3.4137545202131991e+00 7.4742266426376695e-06
1.3322979053390805e-03 -1.6799999999984735e-03 0.0000000000000000e+00 0.0000000000000000e+00 3.4137542814221113e+00 7.6554142755386196e-06
1.3481585946883553e-03 -1.6999999999984987e-03 0.0000000000000000e+00 0.0000000000000000e+00 3.4137540426295017e+00 7.8387718502168874e-06
1.3640192840376302e-03 -1.7199999999985257e-03 0.0000000000000000e+00 0.0000000000000000e+00 3.4137538038388668e+00 8.0242993673826254e-06
1.3798799733869050e-03 -1.7399999999985595e-03 0.0000000000000000e+00 0.0000000000000000e+00 3.4137535650481343e+00 8.2119968277460708e-06
1.3957406627361799e-03 -1.7599999999985789e-03 0.0000000000000000e+00 0.0000000000000000e+00 3.4137533262557667e+00 8.4018642320173030e-06
1.4116013520854547e-03 -1.7799999999986128e-03 0.0000000000000000e+00 0.0000000000000000e+00 3.4137530874653637e+00 8.5939015809067117e-06
1.4274620414347296e-03 -1.7999999999986287e-03 0.0000000000000000e+00 0.0000000000000000e+00 3.4137528486751090e+00 8.7881088751243003e-06
1.4433227307840044e-03 -1.8199999999986532e-03 0.0000000000000000e+00 0.0000000000000000e+00 3.4137526098830890e+00 8.9844861153804464e-06
1.4591834201332793e-03 -1.8399999999986626e-03 0.0000000000000000e+00 0.0000000000000000e+00 3.4137523710929676e+00 9.1830333023852059e-06
1.4750441094825541e-03 -1.8599999999986887e-03 0.0000000000000000e+00 0.0000000000000000e+00 3.4137521323029367e+00 9.3837504368489939e-06
1.4909047988318290e-03 -1.8799999999986983e-03 0.0000000000000000e+00 0.0000000000000000e+00 3.4137518935114923e+00 9.5866375194817984e-06
1.5067654881811038e-03 -1.8999999999987141e-03 0.0000000000000000e+00 0.0000000000000000e+00 3.4137516547211604e+00 9.7916945509939869e-06
1.5226261775303786e-03 -1.9199999999987248e-03 0.0000000000000000e+00 0.0000000000000000e+00 3.4137514159315980e+00 9.9989215320956832e-06
1.5384868668796535e-03 -1.9399999999987398e-03 0.0000000000000000e+00 0.0000000000000000e+00 3.4137511771410551e+00 1.0208318463497168e-05
1.5543475562289283e-03 -1.9599999999987449e-03 0.0000000000000000e+00 0.0000000000000000e+00 3.4137509383503191e+00 1.0419885345908548e-05
1.5702082455782032e-03 -1.9799999999987696e-03 0.0000000000000000e+00 0.0000000000000000e+00 3.4137506995612217e+00 1.0633622180040241e-05
1.5860689349274780e-03 -1.9999999999987948e-03 0.0000000000000000e+00 0.0000000000000000e+00 3.4137504607715332e+00 1.0849528966602322e-05
