1.5860689349274746e-05 -1.9999999999999944e-05 0.0000000000000000e+00 0.0000000000000000e+00 3.4137740718372238e+00 1.0849411928421772e-09
3.1721378698549492e-05 -3.9999999999999895e-05 0.0000000000000000e+00 0.0000000000000000e+00 3.4137738035752760e+00 4.3397653033604807e-09
4.7582068047824238e-05 -5.9999999999999846e-05 0.0000000000000000e+00 0.0000000000000000e+00 3.4137735353198813e+00 9.7644731295425612e-09
6.3442757397098984e-05 -7.9999999999999546e-05 0.0000000000000000e+00 0.0000000000000000e+00 3.4137732669850092e+00 1.7359065469376006e-08
7.9303446746373723e-05 -9.9999999999998772e-05 0.0000000000000000e+00 0.0000000000000000e+00 3.4137729986924699e+00 2.7123543120848326e-08
9.5164136095648462e-05 -1.1999999999999832e-04 0.0000000000000000e+00 0.0000000000000000e+00 3.4137727303813796e+00 3.9057906881947435e-08
1.1102482544492320e-04 -1.3999999999999817e-04 0.0000000000000000e+00 0.0000000000000000e+00 3.4137724620546375e+00 5.3162157550661026e-08
1.2688551479419794e-04 -1.5999999999999646e-04 0.0000000000000000e+00 0.0000000000000000e+00 3.4137721937547978e+00 6.9436295924975753e-08
1.4274620414347268e-04 -1.7999999999999562e-04 0.0000000000000000e+00 0.0000000000000000e+00 3.4137719254430179e+00 8.7880322802880501e-08
1.5860689349274742e-04 -1.9999999999999429e-04 0.0000000000000000e+00 0.0000000000000000e+00 3.4137716571286463e+00 1.0849423898236215e-07
1.7446758284202216e-04 -2.1999999999999461e-04 0.0000000000000000e+00 0.0000000000000000e+00 3.4137713888112544e+00 1.3127804526140993e-07
1.9032827219129690e-04 -2.3999999999999659e-04 0.0000000000000000e+00 0.0000000000000000e+00 3.4137711204959560e+00 1.5623174243801197e-07
2.0618896154057164e-04 -2.6000000000000112e-04 0.0000000000000000e+00 0.0000000000000000e+00 3.4137708521898156e+00 1.8335533131015702e-07
2.2204965088984638e-04 -2.8000000000000301e-04 0.0000000000000000e+00 0.0000000000000000e+00 3.4137705838700816e+00 2.1264881267582802e-07
2.3791034023912112e-04 -3.0000000000000285e-04 0.0000000000000000e+00 0.0000000000000000e+00 3.4137703155620960e+00 2.4411218733301267e-07
2.5377102958839583e-04 -3.2000000000000144e-04 0.0000000000000000e+00 0.0000000000000000e+00 3.4137700472519534e+00 2.7774545607969923e-07
2.6963171893767057e-04 -3.4000000000000257e-04 0.0000000000000000e+00 0.0000000000000000e+00 3.4137697789339589e+00 3.1354861971387955e-07
2.8549240828694531e-04 -3.6000000000000284e-04 0.0000000000000000e+00 0.0000000000000000e+00 3.4137695106209667e+00 3.5152167903353770e-07
3.0135309763622004e-04 -3.8000000000000615e-04 0.0000000000000000e+00 0.0000000000000000e+00 3.4137692423105435e+00 3.9166463483666614e-07
3.1721378698549478e-04 -4.0000000000000951e-04 0.0000000000000000e+00 0.0000000000000000e+00 3.4137689739998343e+00 4.3397748792124935e-07
3.3307447633476952e-04 -4.2000000000001319e-04 0.0000000000000000e+00 0.0000000000000000e+00 3.4137687056884052e+00 4.7846023908527497e-07
3.4893516568404426e-04 -4.4000000000001276e-04 0.0000000000000000e+00 0.0000000000000000e+00 3.4137684373764325e+00 5.2511288912672367e-07
3.6479585503331900e-04 -4.6000000000001346e-04 0.0000000000000000e+00 0.0000000000000000e+00 3.4137681690640651e+00 5.7393543884359128e-07
3.8065654438259374e-04 -4.8000000000001747e-04 0.0000000000000000e+00 0.0000000000000000e+00 3.4137679007513939e+00 6.2492788903386934e-07
3.9651723373186848e-04 -5.0000000000002549e-04 0.0000000000000000e+00 0.0000000000000000e+00 3.4137676324395310e+00 6.7809024049554739e-07
4.1237792308114322e-04 -5.2000000000003226e-04 0.0000000000000000e+00 0.0000000000000000e+00 3.4137673641274167e+00 7.3342249402660425e-07
4.2823861243041796e-04 -5.4000000000004240e-04 0.0000000000000000e+00 0.0000000000000000e+00 3.4137670958175033e+00 7.9092465042503634e-07
4.4409930177969270e-04 -5.6000000000005351e-04 0.0000000000000000e+00 0.0000000000000000e+00 3.4137668275091051e+00 8.5059671048882704e-07
4.5995999112896744e-04 -5.8000000000006722e-04 0.0000000000000000e+00 0.0000000000000000e+00 3.4137665591980122e+00 9.1243867501596789e-07
4.7582068047824218e-04 -6.0000000000008484e-04 0.0000000000000000e+00 0.0000000000000000e+00 3.4137662908850861e+00 9.7645054480444969e-07
4.9168136982751692e-04 -6.2000000000009888e-04 0.0000000000000000e+00 0.0000000000000000e+00 3.4137660225727786e+00 1.0426323206522441e-06
5.0754205917679165e-04 -6.4000000000010695e-04 0.0000000000000000e+00 0.0000000000000000e+00 3.4137657542640496e+00 1.1109840033573324e-06
5.2340274852606639e-04 -6.6000000000011091e-04 0.0000000000000000e+00 0.0000000000000000e+00 3.4137654859548698e+00 1.1815055937177049e-06
5.3926343787534113e-04 -6.8000000000011150e-04 0.0000000000000000e+00 0.0000000000000000e+00 3.4137652176424553e+00 1.2541970925313510e-06
5.5512412722461587e-04 -7.0000000000011047e-04 0.0000000000000000e+00 0.0000000000000000e+00 3.4137649493317617e+00 1.3290585005962614e-06
5.7098481657389061e-04 -7.2000000000011161e-04 0.0000000000000000e+00 0.0000000000000000e+00 3.4137646810241886e+00 1.4060898187104342e-06
5.8684550592316535e-04 -7.4000000000011351e-04 0.0000000000000000e+00 0.0000000000000000e+00 3.4137644127120774e+00 1.4852910476718532e-06
6.0270619527244009e-04 -7.6000000000011139e-04 0.0000000000000000e+00 0.0000000000000000e+00 3.4137641444023146e+00 1.5666621882784930e-06
6.1856688462171483e-04 -7.8000000000010385e-04 0.0000000000000000e+00 0.0000000000000000e+00 3.4137638760943139e+00 1.6502032413283359e-06
6.3442757397098957e-04 -8.0000000000010239e-04 0.0000000000000000e+00 0.0000000000000000e+00 3.4137636077820392e+00 1.7359142076194027e-06
6.5028826332026431e-04 -8.2000000000010179e-04 0.0000000000000000e+00 0.0000000000000000e+00 3.4137633394745364e+00 1.8237950879496672e-06
6.6614895266953905e-04 -8.4000000000009956e-04 0.0000000000000000e+00 0.0000000000000000e+00 3.4137630711645106e+00 1.9138458831171081e-06
6.8200964201881379e-04 -8.6000000000008888e-04 0.0000000000000000e+00 0.0000000000000000e+00 3.4137628028542935e+00 2.0060665939196923e-06
6.9787033136808852e-04 -8.8000000000007332e-04 0.0000000000000000e+00 0.0000000000000000e+00 3.4137625345471028e+00 2.1004572211554168e-06
7.1373102071736326e-04 -9.0000000000006492e-04 0.0000000000000000e+00 0.0000000000000000e+00 3.4137622662359033e+00 2.1970177656223078e-06
7.2959171006663800e-04 -9.2000000000006226e-04 0.0000000000000000e+00 0.0000000000000000e+00 3.4137619979295235e+00 2.2957482281183499e-06
7.4545239941591274e-04 -9.4000000000005635e-04 0.0000000000000000e+00 0.0000000000000000e+00 3.4137617296186176e+00 2.3966486094415008e-06
7.6131308876518748e-04 -9.6000000000004166e-04 0.0000000000000000e+00 0.0000000000000000e+00 3.4137614613119003e+00 2.4997189103897285e-06
7.7717377811446222e-04 -9.8000000000003380e-04 0.0000000000000000e+00 0.0000000000000000e+00 3.4137611930018505e+00 2.6049591317610741e-06
7.9303446746373696e-04 -1.0000000000000247e-03 0.0000000000000000e+00 0.0000000000000000e+00 3.4137609246948428e+00 2.7123692743534984e-06
8.0889515681301170e-04 -1.0200000000000233e-03 0.0000000000000000e+00 0.0000000000000000e+00 3.4137606563854050e+00 2.8219493389650205e-06
8.2475584616228644e-04 -1.0400000000000264e-03 0.0000000000000000e+00 0.0000000000000000e+00 3.4137603880785843e+00 2.9336993263936190e-06
8.4061653551156118e-04 -1.0600000000000349e-03 0.0000000000000000e+00 0.0000000000000000e+00 3.4137601197693126e+00 3.0476192374372851e-06
8.5647722486083592e-04 -1.0800000000000336e-03 0.0000000000000000e+00 0.0000000000000000e+00 3.4137598514630487e+00 3.1637090728939490e-06
8.7233791421011066e-04 -1.1000000000000293e-03 0.0000000000000000e+00 0.0000000000000000e+00 3.4137595831539480e+00 3.2819688335616222e-06
8.8819860355938540e-04 -1.1199999999999843e-03 0.0000000000000000e+00 0.0000000000000000e+00 3.4137593148479715e+00 3.4023985202381339e-06
9.0405929290866013e-04 -1.1399999999999473e-03 0.0000000000000000e+00 0.0000000000000000e+00 3.4137590465386616e+00 3.5249981337216721e-06
9.1991998225793487e-04 -1.1599999999999174e-03 0.0000000000000000e+00 0.0000000000000000e+00 3.4137587782331580e+00 3.6497676748102188e-06
9.3578067160720961e-04 -1.1799999999998804e-03 0.0000000000000000e+00 0.0000000000000000e+00 3.4137585099241252e+00 3.7767071443017032e-06
9.5164136095648435e-04 -1.1999999999998340e-03 0.0000000000000000e+00 0.0000000000000000e+00 3.4137582416188410e+00 3.9058165429940999e-06
9.6750205030575909e-04 -1.2199999999997920e-03 0.0000000000000000e+00 0.0000000000000000e+00 3.4137579733107164e+00 4.0370958716854578e-06
9.8336273965503383e-04 -1.2399999999997561e-03 0.0000000000000000e+00 0.0000000000000000e+00 3.4137577050045680e+00 4.1705451311737744e-06
9.9922342900430868e-04 -1.2599999999997216e-03 0.0000000000000000e+00 0.0000000000000000e+00 3.4137574366978614e+00 4.3061643222570147e-06
1.0150841183535835e-03 -1.2799999999996785e-03 0.0000000000000000e+00 0.0000000000000000e+00 3.4137571683905907e+00 4.4439534457331186e-06
1.0309448077028584e-03 -1.2999999999996369e-03 0.0000000000000000e+00 0.0000000000000000e+00 3.4137569000857191e+00 4.5839125024001232e-06
1.0468054970521332e-03 -1.3199999999996051e-03 0.0000000000000000e+00 0.0000000000000000e+00 3.4137566317778170e+00 4.7260414930560530e-06
1.0626661864014081e-03 -1.3399999999995822e-03 0.0000000000000000e+00 0.0000000000000000e+00 3.4137563634729382e+00 4.8703404184988987e-06
1.0785268757506829e-03 -1.3599999999995647e-03 0.0000000000000000e+00 0.0000000000000000e+00 3.4137560951663519e+00 5.0168092795266261e-06
1.0943875650999578e-03 -1.3799999999995474e-03 0.0000000000000000e+00 0.0000000000000000e+00 3.4137558268600880e+00 5.1654480769372047e-06
1.1102482544492326e-03 -1.3999999999995177e-03 0.0000000000000000e+00 0.0000000000000000e+00 3.4137555585557102e+00 5.3162568115285523e-06
1.1261089437985075e-03 -1.4199999999994894e-03 0.0000000000000000e+00 0.0000000000000000e+00 3.4137552902485084e+00 5.4692354840987264e-06
1.1419696331477823e-03 -1.4399999999994593e-03 0.0000000000000000e+00 0.0000000000000000e+00 3.4137550219440183e+00 5.6243840954456997e-06
1.1578303224970572e-03 -1.4599999999994316e-03 0.0000000000000000e+00 0.0000000000000000e+00 3.4137547536388895e+00 5.7817026463674807e-06
1.1736910118463320e-03 -1.4799999999994173e-03 0.0000000000000000e+00 0.0000000000000000e+00 3.4137544853326838e+00 5.9411911376621184e-06
1.1895517011956068e-03 -1.4999999999994150e-03 0.0000000000000000e+00 0.0000000000000000e+00 3.4137542170288051e+00 6.1028495701275939e-06
1.2054123905448817e-03 -1.5199999999994222e-03 0.0000000000000000e+00 0.0000000000000000e+00 3.4137539487230284e+00 6.2666779445618862e-06
1.2212730798941565e-03 -1.5399999999994305e-03 0.0000000000000000e+00 0.0000000000000000e+00 3.4137536804182216e+00 6.4326762617629374e-06
1.2371337692434314e-03 -1.5599999999995145e-03 0.0000000000000000e+00 0.0000000000000000e+00 3.4137534121145077e+00 6.6008445225291592e-06
1.2529944585927062e-03 -1.5799999999995939e-03 0.0000000000000000e+00 0.0000000000000000e+00 3.4137531438086888e+00 6.7711827276580965e-06
1.2688551479419811e-03 -1.5999999999996768e-03 0.0000000000000000e+00 0.0000000000000000e+00 3.4137528755048132e+00 6.9436908779477798e-06
1.2847158372912559e-03 -1.6199999999997544e-03 0.0000000000000000e+00 0.0000000000000000e+00 3.4137526072011513e+00 7.1183689741961404e-06
1.3005765266405308e-03 -1.6399999999998202e-03 0.0000000000000000e+00 0.0000000000000000e+00 3.4137523388957303e+00 7.2952170172011316e-06
1.3164372159898056e-03 -1.6599999999998955e-03 0.0000000000000000e+00 0.0000000000000000e+00 3.4137520705924360e+00 7.4742350077608668e-06
1.3322979053390805e-03 -1.6799999999999602e-03 0.0000000000000000e+00 0.0000000000000000e+00 3.4137518022889894e+00 7.6554229466732087e-06
1.3481585946883553e-03 -1.7000000000000253e-03 0.0000000000000000e+00 0.0000000000000000e+00 3.4137515339840472e+00 7.8387808347362198e-06
1.3640192840376302e-03 -1.7200000000001075e-03 0.0000000000000000e+00 0.0000000000000000e+00 3.4137512656811073e+00 8.0243086727479857e-06
1.3798799733869050e-03 -1.7400000000001891e-03 0.0000000000000000e+00 0.0000000000000000e+00 3.4137509973780977e+00 8.2120064615063842e-06
1.3957406627361799e-03 -1.7600000000002635e-03 0.0000000000000000e+00 0.0000000000000000e+00 3.4137507290734783e+00 8.4018742018093678e-06
1.4116013520854547e-03 -1.7800000000003295e-03 0.0000000000000000e+00 0.0000000000000000e+00 3.4137504607708520e+00 8.5939118944549043e-06
1.4274620414347296e-03 -1.8000000000003968e-03 0.0000000000000000e+00 0.0000000000000000e+00 3.4137501924684015e+00 8.7881195402410528e-06
1.4433227307840044e-03 -1.8200000000004788e-03 0.0000000000000000e+00 0.0000000000000000e+00 3.4137499241642133e+00 8.9844971399658827e-06
1.4591834201332793e-03 -1.8400000000005712e-03 0.0000000000000000e+00 0.0000000000000000e+00 3.4137496558619493e+00 9.1830446944273617e-06
1.4750441094825541e-03 -1.8600000000006714e-03 0.0000000000000000e+00 0.0000000000000000e+00 3.4137493875598035e+00 9.3837622044234643e-06
1.4909047988318290e-03 -1.8800000000007856e-03 0.0000000000000000e+00 0.0000000000000000e+00 3.4137491192562721e+00 9.5866496707522176e-06
1.5067654881811038e-03 -1.9000000000008838e-03 0.0000000000000000e+00 0.0000000000000000e+00 3.4137488509538803e+00 9.7917070942114011e-06
1.5226261775303786e-03 -1.9200000000009871e-03 0.0000000000000000e+00 0.0000000000000000e+00 3.4137485826522842e+00 9.9989344755991520e-06
1.5384868668796535e-03 -1.9400000000010878e-03 0.0000000000000000e+00 0.0000000000000000e+00 3.4137483143497356e+00 1.0208331815713403e-05
1.5543475562289283e-03 -1.9600000000011926e-03 0.0000000000000000e+00 0.0000000000000000e+00 3.4137480460470213e+00 1.0419899115352191e-05
1.5702082455782032e-03 -1.9800000000012997e-03 0.0000000000000000e+00 0.0000000000000000e+00 3.4137477777459715e+00 1.0633636375313490e-05
1.5860689349274780e-03 -2.0000000000014125e-03 0.0000000000000000e+00 0.0000000000000000e+00 3.4137475094443599e+00 1.0849543596395313e-05
