8.7644715214029378e-06 -2.0000000000000008e-05 0.0000000000000000e+00 0.0000000000000000e+00 4.9470210001441801e+00 3.8255749338768124e-10
1.7528943042805876e-05 -4.0000000000000003e-05 0.0000000000000000e+00 0.0000000000000000e+00 4.9470196950893319e+00 1.5302304842243048e-09
2.6293414564208815e-05 -5.9999999999999968e-05 0.0000000000000000e+00 0.0000000000000000e+00 4.9470183900962530e+00 3.4430197385202397e-09
3.5057886085611758e-05 -7.9999999999999952e-05 0.0000000000000000e+00 0.0000000000000000e+00 4.9470170851457507e+00 6.1209260222858590e-09
4.3822357607014701e-05 -9.9999999999999896e-05 0.0000000000000000e+00 0.0000000000000000e+00 4.9470157802214594e+00 9.5639501015315293e-09
5.2586829128417644e-05 -1.1999999999999984e-04 0.0000000000000000e+00 0.0000000000000000e+00 4.9470144752276273e+00 1.3772092742267623e-08
6.1351300649820594e-05 -1.3999999999999983e-04 0.0000000000000000e+00 0.0000000000000000e+00 4.9470131702508002e+00 1.8745354710504524e-08
7.0115772171223543e-05 -1.5999999999999977e-04 0.0000000000000000e+00 0.0000000000000000e+00 4.9470118652702100e+00 2.4483736772252582e-08
7.8880243692626493e-05 -1.7999999999999963e-04 0.0000000000000000e+00 0.0000000000000000e+00 4.9470105603163343e+00 3.0987239693522160e-08
8.7644715214029443e-05 -1.9999999999999949e-04 0.0000000000000000e+00 0.0000000000000000e+00 4.9470092553818548e+00 3.8255864240323634e-08
9.6409186735432393e-05 -2.1999999999999928e-04 0.0000000000000000e+00 0.0000000000000000e+00 4.9470079504520603e+00 4.6289611178667357e-08
1.0517365825683534e-04 -2.3999999999999914e-04 0.0000000000000000e+00 0.0000000000000000e+00 4.9470066454864279e+00 5.5088481274563766e-08
1.1393812977823829e-04 -2.5999999999999906e-04 0.0000000000000000e+00 0.0000000000000000e+00 4.9470053405789702e+00 6.4652475294023206e-08
1.2270260129964124e-04 -2.7999999999999900e-04 0.0000000000000000e+00 0.0000000000000000e+00 4.9470040356337561e+00 7.4981594003056054e-08
1.3146707282104419e-04 -2.9999999999999894e-04 0.0000000000000000e+00 0.0000000000000000e+00 4.9470027307136144e+00 8.6075838167672677e-08
1.4023154434244714e-04 -3.1999999999999889e-04 0.0000000000000000e+00 0.0000000000000000e+00 4.9470014258121413e+00 9.7935208553883430e-08
1.4899601586385009e-04 -3.3999999999999889e-04 0.0000000000000000e+00 0.0000000000000000e+00 4.9470001209073189e+00 1.1055970592769875e-07
1.5776048738525304e-04 -3.5999999999999878e-04 0.0000000000000000e+00 0.0000000000000000e+00 4.9469988160028926e+00 1.2394933105512888e-07
1.6652495890665599e-04 -3.7999999999999850e-04 0.0000000000000000e+00 0.0000000000000000e+00 4.9469975111028992e+00 1.3810408470218408e-07
1.7528943042805894e-04 -3.9999999999999834e-04 0.0000000000000000e+00 0.0000000000000000e+00 4.9469962062119288e+00 1.5302396763487504e-07
1.8405390194946189e-04 -4.1999999999999823e-04 0.0000000000000000e+00 0.0000000000000000e+00 4.9469949013297949e+00 1.6870898061921204e-07
1.9281837347086484e-04 -4.3999999999999834e-04 0.0000000000000000e+00 0.0000000000000000e+00 4.9469935964557381e+00 1.8515912442120555e-07
2.0158284499226779e-04 -4.5999999999999860e-04 0.0000000000000000e+00 0.0000000000000000e+00 4.9469922915871969e+00 2.0237439980686593e-07
2.1034731651367074e-04 -4.7999999999999887e-04 0.0000000000000000e+00 0.0000000000000000e+00 4.9469909867218345e+00 2.2035480754220345e-07
2.1911178803507369e-04 -4.9999999999999903e-04 0.0000000000000000e+00 0.0000000000000000e+00 4.9469896818598116e+00 2.3910034839322833e-07
2.2787625955647664e-04 -5.1999999999999920e-04 0.0000000000000000e+00 0.0000000000000000e+00 4.9469883770018814e+00 2.5861102312595117e-07
2.3664073107787959e-04 -5.3999999999999957e-04 0.0000000000000000e+00 0.0000000000000000e+00 4.9469870721544185e+00 2.7888683250638232e-07
2.4540520259928254e-04 -5.5999999999999995e-04 0.0000000000000000e+00 0.0000000000000000e+00 4.9469857673231070e+00 2.9992777730053226e-07
2.5416967412068549e-04 -5.8000000000000033e-04 0.0000000000000000e+00 0.0000000000000000e+00 4.9469844624931687e+00 3.2173385827441107e-07
2.6293414564208844e-04 -6.0000000000000081e-04 0.0000000000000000e+00 0.0000000000000000e+00 4.9469831576597700e+00 3.4430507619402944e-07
2.7169861716349139e-04 -6.2000000000000141e-04 0.0000000000000000e+00 0.0000000000000000e+00 4.9469818528361484e+00 3.6764143182539764e-07
2.8046308868489434e-04 -6.4000000000000168e-04 0.0000000000000000e+00 0.0000000000000000e+00 4.9469805480317284e+00 3.9174292593452558e-07
2.8922756020629729e-04 -6.6000000000000206e-04 0.0000000000000000e+00 0.0000000000000000e+00 4.9469792432201185e+00 4.1660955928742412e-07
2.9799203172770024e-04 -6.8000000000000222e-04 0.0000000000000000e+00 0.0000000000000000e+00 4.9469779384127150e+00 4.4224133265010338e-07
3.0675650324910319e-04 -7.0000000000000227e-04 0.0000000000000000e+00 0.0000000000000000e+00 4.9469766336268588e+00 4.6863824678857358e-07
3.1552097477050614e-04 -7.2000000000000243e-04 0.0000000000000000e+00 0.0000000000000000e+00 4.9469753288328597e+00 4.9580030246884546e-07
3.2428544629190908e-04 -7.4000000000000270e-04 0.0000000000000000e+00 0.0000000000000000e+00 4.9469740240478641e+00 5.2372750045692957e-07
3.3304991781331203e-04 -7.6000000000000286e-04 0.0000000000000000e+00 0.0000000000000000e+00 4.9469727192781709e+00 5.5241984151883592e-07
3.4181438933471498e-04 -7.8000000000000270e-04 0.0000000000000000e+00 0.0000000000000000e+00 4.9469714145003225e+00 5.8187732642057431e-07
3.5057886085611793e-04 -8.0000000000000286e-04 0.0000000000000000e+00 0.0000000000000000e+00 4.9469701097441181e+00 6.1209995592815623e-07
3.5934333237752088e-04 -8.2000000000000323e-04 0.0000000000000000e+00 0.0000000000000000e+00 4.9469688049819043e+00 6.4308773080759212e-07
3.6810780389892383e-04 -8.4000000000000405e-04 0.0000000000000000e+00 0.0000000000000000e+00 4.9469675002318816e+00 6.7484065182489220e-07
3.7687227542032678e-04 -8.6000000000000507e-04 0.0000000000000000e+00 0.0000000000000000e+00 4.9469661954881783e+00 7.0735871974606711e-07
3.8563674694172973e-04 -8.8000000000000632e-04 0.0000000000000000e+00 0.0000000000000000e+00 4.9469648907462176e+00 7.4064193533712666e-07
3.9440121846313268e-04 -9.0000000000000767e-04 0.0000000000000000e+00 0.0000000000000000e+00 4.9469635860184091e+00 7.7469029936408148e-07
4.0316568998453563e-04 -9.2000000000000903e-04 0.0000000000000000e+00 0.0000000000000000e+00 4.9469622812872416e+00 8.0950381259294170e-07
4.1193016150593858e-04 -9.4000000000001005e-04 0.0000000000000000e+00 0.0000000000000000e+00 4.9469609765730223e+00 8.4508247578971722e-07
4.2069463302734153e-04 -9.6000000000001065e-04 0.0000000000000000e+00 0.0000000000000000e+00 4.9469596718541426e+00 8.8142628972041794e-07
4.2945910454874448e-04 -9.8000000000001146e-04 0.0000000000000000e+00 0.0000000000000000e+00 4.9469583671523658e+00 9.1853525515105568e-07
4.3822357607014743e-04 -1.0000000000000119e-03 0.0000000000000000e+00 0.0000000000000000e+00 4.9469570624466837e+00 9.5640937284763961e-07
4.4698804759155038e-04 -1.0200000000000129e-03 0.0000000000000000e+00 0.0000000000000000e+00 4.9469557577564869e+00 9.9504864357618162e-07
4.5575251911295333e-04 -1.0400000000000142e-03 0.0000000000000000e+00 0.0000000000000000e+00 4.9469544530649960e+00 1.0344530681026917e-06
4.6451699063435628e-04 -1.0600000000000151e-03 0.0000000000000000e+00 0.0000000000000000e+00 4.9469531483852709e+00 1.0746226471931791e-06
4.7328146215575923e-04 -1.0800000000000163e-03 0.0000000000000000e+00 0.0000000000000000e+00 4.9469518437093720e+00 1.1155573816136553e-06
4.8204593367716218e-04 -1.1000000000000174e-03 0.0000000000000000e+00 0.0000000000000000e+00 4.9469505390387258e+00 1.1572572721301300e-06
4.9081040519856518e-04 -1.1200000000000188e-03 0.0000000000000000e+00 0.0000000000000000e+00 4.9469492343792316e+00 1.1997223195086142e-06
4.9957487671996813e-04 -1.1400000000000197e-03 0.0000000000000000e+00 0.0000000000000000e+00 4.9469479297174646e+00 1.2429525245151171e-06
5.0833934824137108e-04 -1.1600000000000206e-03 0.0000000000000000e+00 0.0000000000000000e+00 4.9469466250723100e+00 1.2869478879156499e-06
5.1710381976277403e-04 -1.1800000000000217e-03 0.0000000000000000e+00 0.0000000000000000e+00 4.9469453204228850e+00 1.3317084104762232e-06
5.2586829128417698e-04 -1.2000000000000227e-03 0.0000000000000000e+00 0.0000000000000000e+00 4.9469440157890183e+00 1.3772340929628468e-06
5.3463276280557993e-04 -1.2200000000000234e-03 0.0000000000000000e+00 0.0000000000000000e+00 4.9469427111562023e+00 1.4235249361415306e-06
5.4339723432698288e-04 -1.2400000000000243e-03 0.0000000000000000e+00 0.0000000000000000e+00 4.9469414065296506e+00 1.4705809407782863e-06
5.5216170584838583e-04 -1.2600000000000256e-03 0.0000000000000000e+00 0.0000000000000000e+00 4.9469401019146195e+00 1.5184021076391245e-06
5.6092617736978878e-04 -1.2800000000000266e-03 0.0000000000000000e+00 0.0000000000000000e+00 4.9469387972968297e+00 1.5669884374900542e-06
5.6969064889119173e-04 -1.3000000000000275e-03 0.0000000000000000e+00 0.0000000000000000e+00 4.9469374926944587e+00 1.6163399310970859e-06
5.7845512041259468e-04 -1.3200000000000284e-03 0.0000000000000000e+00 0.0000000000000000e+00 4.9469361880933667e+00 1.6664565892262302e-06
5.8721959193399763e-04 -1.3400000000000287e-03 0.0000000000000000e+00 0.0000000000000000e+00 4.9469348834976765e+00 1.7173384126434965e-06
5.9598406345540058e-04 -1.3600000000000294e-03 0.0000000000000000e+00 0.0000000000000000e+00 4.9469335789142264e+00 1.7689854021148976e-06
6.0474853497680353e-04 -1.3800000000000301e-03 0.0000000000000000e+00 0.0000000000000000e+00 4.9469322743289688e+00 1.8213975584064416e-06
6.1351300649820648e-04 -1.4000000000000308e-03 0.0000000000000000e+00 0.0000000000000000e+00 4.9469309697558783e+00 1.8745748822841410e-06
6.2227747801960943e-04 -1.4200000000000319e-03 0.0000000000000000e+00 0.0000000000000000e+00 4.9469296651896091e+00 1.9285173745140054e-06
6.3104194954101238e-04 -1.4400000000000326e-03 0.0000000000000000e+00 0.0000000000000000e+00 4.9469283606228673e+00 1.9832250358620434e-06
6.3980642106241533e-04 -1.4600000000000333e-03 0.0000000000000000e+00 0.0000000000000000e+00 4.9469270560701881e+00 2.0386978670942676e-06
6.4857089258381828e-04 -1.4800000000000334e-03 0.0000000000000000e+00 0.0000000000000000e+00 4.9469257515208795e+00 2.0949358689766855e-06
6.5733536410522123e-04 -1.5000000000000330e-03 0.0000000000000000e+00 0.0000000000000000e+00 4.9469244469741138e+00 2.1519390422753086e-06
6.6609983562662418e-04 -1.5200000000000322e-03 0.0000000000000000e+00 0.0000000000000000e+00 4.9469231424405935e+00 2.2097073877561463e-06
6.7486430714802713e-04 -1.5400000000000316e-03 0.0000000000000000e+00 0.0000000000000000e+00 4.9469218379091009e+00 2.2682409061852119e-06
6.8362877866943008e-04 -1.5600000000000312e-03 0.0000000000000000e+00 0.0000000000000000e+00 4.9469205333820732e+00 2.3275395983285150e-06
6.9239325019083303e-04 -1.5800000000000310e-03 0.0000000000000000e+00 0.0000000000000000e+00 4.9469192288673112e+00 2.3876034649520655e-06
7.0115772171223598e-04 -1.6000000000000309e-03 0.0000000000000000e+00 0.0000000000000000e+00 4.9469179243545458e+00 2.4484325068218753e-06
7.0992219323363893e-04 -1.6200000000000311e-03 0.0000000000000000e+00 0.0000000000000000e+00 4.9469166198465526e+00 2.5100267247039543e-06
7.1868666475504188e-04 -1.6400000000000318e-03 0.0000000000000000e+00 0.0000000000000000e+00 4.9469153153504708e+00 2.5723861193643121e-06
7.2745113627644483e-04 -1.6600000000000334e-03 0.0000000000000000e+00 0.0000000000000000e+00 4.9469140108571068e+00 2.6355106915689626e-06
7.3621560779784778e-04 -1.6800000000000358e-03 0.0000000000000000e+00 0.0000000000000000e+00 4.9469127063676037e+00 2.6994004420839143e-06
7.4498007931925072e-04 -1.7000000000000385e-03 0.0000000000000000e+00 0.0000000000000000e+00 4.9469114018900493e+00 2.7640553716751771e-06
7.5374455084065367e-04 -1.7200000000000405e-03 0.0000000000000000e+00 0.0000000000000000e+00 4.9469100974166338e+00 2.8294754811087583e-06
7.6250902236205662e-04 -1.7400000000000432e-03 0.0000000000000000e+00 0.0000000000000000e+00 4.9469087929454512e+00 2.8956607711506721e-06
7.7127349388345957e-04 -1.7600000000000458e-03 0.0000000000000000e+00 0.0000000000000000e+00 4.9469074884859987e+00 2.9626112425669269e-06
7.8003796540486252e-04 -1.7800000000000483e-03 0.0000000000000000e+00 0.0000000000000000e+00 4.9469061840325113e+00 3.0303268961235319e-06
7.8880243692626547e-04 -1.8000000000000503e-03 0.0000000000000000e+00 0.0000000000000000e+00 4.9469048795804538e+00 3.0988077325864979e-06
7.9756690844766842e-04 -1.8200000000000531e-03 0.0000000000000000e+00 0.0000000000000000e+00 4.9469035751383696e+00 3.1680537527218391e-06
8.0633137996907137e-04 -1.8400000000000551e-03 0.0000000000000000e+00 0.0000000000000000e+00 4.9469022707045198e+00 3.2380649572955597e-06
8.1509585149047432e-04 -1.8600000000000565e-03 0.0000000000000000e+00 0.0000000000000000e+00 4.9469009662729038e+00 3.3088413470736704e-06
8.2386032301187727e-04 -1.8800000000000585e-03 0.0000000000000000e+00 0.0000000000000000e+00 4.9468996618475698e+00 3.3803829228221873e-06
8.3262479453328022e-04 -1.9000000000000611e-03 0.0000000000000000e+00 0.0000000000000000e+00 4.9468983574326231e+00 3.4526896853071199e-06
8.4138926605468317e-04 -1.9200000000000629e-03 0.0000000000000000e+00 0.0000000000000000e+00 4.9468970530222425e+00 3.5257616352944744e-06
8.5015373757608612e-04 -1.9400000000000649e-03 0.0000000000000000e+00 0.0000000000000000e+00 4.9468957486143834e+00 3.5995987735502626e-06
8.5891820909748907e-04 -1.9600000000000663e-03 0.0000000000000000e+00 0.0000000000000000e+00 4.9468944442168006e+00 3.6742011008404935e-06
8.6768268061889202e-04 -1.9800000000000676e-03 0.0000000000000000e+00 0.0000000000000000e+00 4.9468931398266687e+00 3.7495686179311802e-06
8.7644715214029497e-04 -2.0000000000000694e-03 0.0000000000000000e+00 0.0000000000000000e+00 4.9468918354393780e+00 3.8257013255883339e-06
