1.5860689349274746e-05 -1.9999999999999832e-05 0.0000000000000000e+00 0.0000000000000000e+00 3.4137741898957126e+00 1.0849411343230740e-09
3.1721378698549492e-05 -4.0000000000000078e-05 0.0000000000000000e+00 0.0000000000000000e+00 3.4137740396921616e+00 4.3397648352077489e-09
4.7582068047824238e-05 -6.0000000000000544e-05 0.0000000000000000e+00 0.0000000000000000e+00 3.4137738894950749e+00 9.7644715495271600e-09
6.3442757397098984e-05 -8.0000000000001457e-05 0.0000000000000000e+00 0.0000000000000000e+00 3.4137737392184202e+00 1.7359061724154513e-08
7.9303446746373723e-05 -1.0000000000000211e-04 0.0000000000000000e+00 0.0000000000000000e+00 3.4137735889840100e+00 2.7123535805962721e-08
9.5164136095648462e-05 -1.2000000000000248e-04 0.0000000000000000e+00 0.0000000000000000e+00 3.4137734387309577e+00 3.9057894241824813e-08
1.1102482544492320e-04 -1.4000000000000229e-04 0.0000000000000000e+00 0.0000000000000000e+00 3.4137732884621643e+00 5.3162137478613674e-08
1.2688551479419794e-04 -1.6000000000000226e-04 0.0000000000000000e+00 0.0000000000000000e+00 3.4137731382201824e+00 6.9436265963202678e-08
1.4274620414347268e-04 -1.8000000000000264e-04 0.0000000000000000e+00 0.0000000000000000e+00 3.4137729879661713e+00 8.7880280142465118e-08
1.5860689349274742e-04 -2.0000000000000286e-04 0.0000000000000000e+00 0.0000000000000000e+00 3.4137728377094785e+00 1.0849418046327377e-07
1.7446758284202216e-04 -2.2000000000000448e-04 0.0000000000000000e+00 0.0000000000000000e+00 3.4137726874496752e+00 1.3127796737250289e-07
1.9032827219129690e-04 -2.4000000000000686e-04 0.0000000000000000e+00 0.0000000000000000e+00 3.4137725371918752e+00 1.5623164131702547e-07
2.0618896154057164e-04 -2.6000000000001011e-04 0.0000000000000000e+00 0.0000000000000000e+00 3.4137723869431440e+00 1.8335520274371460e-07
2.2204965088984638e-04 -2.8000000000001429e-04 0.0000000000000000e+00 0.0000000000000000e+00 3.4137722366807286e+00 2.1264865209944386e-07
2.3791034023912112e-04 -3.0000000000001922e-04 0.0000000000000000e+00 0.0000000000000000e+00 3.4137720864299728e+00 2.4411198983108622e-07
2.5377102958839583e-04 -3.2000000000002437e-04 0.0000000000000000e+00 0.0000000000000000e+00 3.4137719361769689e+00 2.7774521638551436e-07
2.6963171893767057e-04 -3.4000000000002729e-04 0.0000000000000000e+00 0.0000000000000000e+00 3.4137717859160226e+00 3.1354833220959834e-07
2.8549240828694531e-04 -3.6000000000002875e-04 0.0000000000000000e+00 0.0000000000000000e+00 3.4137716356599905e+00 3.5152133775021173e-07
3.0135309763622004e-04 -3.8000000000002984e-04 0.0000000000000000e+00 0.0000000000000000e+00 3.4137714854064374e+00 3.9166423345422894e-07
3.1721378698549478e-04 -4.0000000000003320e-04 0.0000000000000000e+00 0.0000000000000000e+00 3.4137713351525081e+00 4.3397701976852672e-07
3.3307447633476952e-04 -4.2000000000003862e-04 0.0000000000000000e+00 0.0000000000000000e+00 3.4137711848977679e+00 4.7845969713997841e-07
3.4893516568404426e-04 -4.4000000000003959e-04 0.0000000000000000e+00 0.0000000000000000e+00 3.4137710346423948e+00 5.2511226601544690e-07
3.6479585503331900e-04 -4.6000000000003671e-04 0.0000000000000000e+00 0.0000000000000000e+00 3.4137708843865378e+00 5.7393472684180537e-07
3.8065654438259374e-04 -4.8000000000003053e-04 0.0000000000000000e+00 0.0000000000000000e+00 3.4137707341302868e+00 6.2492708006592735e-07
3.9651723373186848e-04 -5.0000000000002224e-04 0.0000000000000000e+00 0.0000000000000000e+00 3.4137705838747530e+00 6.7808932613468686e-07
4.1237792308114322e-04 -5.2000000000001372e-04 0.0000000000000000e+00 0.0000000000000000e+00 3.4137704336188794e+00 7.3342146549496040e-07
4.2823861243041796e-04 -5.4000000000000402e-04 0.0000000000000000e+00 0.0000000000000000e+00 3.4137702833651158e+00 7.9092349859361893e-07
4.4409930177969270e-04 -5.5999999999999670e-04 0.0000000000000000e+00 0.0000000000000000e+00 3.4137701331127790e+00 8.5059542587754295e-07
4.5995999112896744e-04 -5.7999999999999361e-04 0.0000000000000000e+00 0.0000000000000000e+00 3.4137699828576564e+00 9.1243724779360979e-07
4.7582068047824218e-04 -5.9999999999999062e-04 0.0000000000000000e+00 0.0000000000000000e+00 3.4137698326006114e+00 9.7644896478868406e-07
4.9168136982751692e-04 -6.1999999999998330e-04 0.0000000000000000e+00 0.0000000000000000e+00 3.4137696823440948e+00 1.0426305773096295e-06
5.0754205917679165e-04 -6.3999999999997577e-04 0.0000000000000000e+00 0.0000000000000000e+00 3.4137695320910648e+00 1.1109820858033273e-06
5.2340274852606639e-04 -6.5999999999996780e-04 0.0000000000000000e+00 0.0000000000000000e+00 3.4137693818374970e+00 1.1815034907166504e-06
5.3926343787534113e-04 -6.7999999999996178e-04 0.0000000000000000e+00 0.0000000000000000e+00 3.4137692315806034e+00 1.2541947924964773e-06
5.5512412722461587e-04 -6.9999999999995641e-04 0.0000000000000000e+00 0.0000000000000000e+00 3.4137690813253392e+00 1.3290559915896787e-06
5.7098481657389061e-04 -7.1999999999995104e-04 0.0000000000000000e+00 0.0000000000000000e+00 3.4137689310731081e+00 1.4060870884431256e-06
5.8684550592316535e-04 -7.3999999999995022e-04 0.0000000000000000e+00 0.0000000000000000e+00 3.4137687808162482e+00 1.4852880835037039e-06
6.0270619527244009e-04 -7.5999999999995255e-04 0.0000000000000000e+00 0.0000000000000000e+00 3.4137686305616457e+00 1.5666589772182835e-06
6.1856688462171483e-04 -7.7999999999995033e-04 0.0000000000000000e+00 0.0000000000000000e+00 3.4137684803087174e+00 1.6501997700337163e-06
6.3442757397098957e-04 -7.9999999999995407e-04 0.0000000000000000e+00 0.0000000000000000e+00 3.4137683300514232e+00 1.7359104623969046e-06
6.5028826332026431e-04 -8.1999999999994989e-04 0.0000000000000000e+00 0.0000000000000000e+00 3.4137681797988115e+00 1.8237910547546824e-06
6.6614895266953905e-04 -8.3999999999994246e-04 0.0000000000000000e+00 0.0000000000000000e+00 3.4137680295435882e+00 1.9138415475539340e-06
6.8200964201881379e-04 -8.5999999999993157e-04 0.0000000000000000e+00 0.0000000000000000e+00 3.4137678792880815e+00 2.0060619412415315e-06
6.9787033136808852e-04 -8.7999999999991915e-04 0.0000000000000000e+00 0.0000000000000000e+00 3.4137677290355137e+00 2.1004522362643535e-06
7.1373102071736326e-04 -8.9999999999990261e-04 0.0000000000000000e+00 0.0000000000000000e+00 3.4137675787788457e+00 2.1970124330692644e-06
7.2959171006663800e-04 -9.1999999999989031e-04 0.0000000000000000e+00 0.0000000000000000e+00 3.4137674285269077e+00 2.2957425321031652e-06
7.4545239941591274e-04 -9.3999999999988407e-04 0.0000000000000000e+00 0.0000000000000000e+00 3.4137672782703539e+00 2.3966425338129357e-06
7.6131308876518748e-04 -9.5999999999988174e-04 0.0000000000000000e+00 0.0000000000000000e+00 3.4137671280178981e+00 2.4997124386454416e-06
7.7717377811446222e-04 -9.7999999999988808e-04 0.0000000000000000e+00 0.0000000000000000e+00 3.4137669777620214e+00 2.6049522470475754e-06
7.9303446746373696e-04 -9.9999999999989268e-04 0.0000000000000000e+00 0.0000000000000000e+00 3.4137668275090949e+00 2.7123619594661746e-06
8.0889515681301170e-04 -1.0199999999999008e-03 0.0000000000000000e+00 0.0000000000000000e+00 3.4137666772536504e+00 2.8219415763481298e-06
8.2475584616228644e-04 -1.0399999999999002e-03 0.0000000000000000e+00 0.0000000000000000e+00 3.4137665270007314e+00 2.9336910981402679e-06
8.4061653551156118e-04 -1.0599999999999100e-03 0.0000000000000000e+00 0.0000000000000000e+00 3.4137663767452722e+00 3.0476105252895364e-06
8.5647722486083592e-04 -1.0799999999999191e-03 0.0000000000000000e+00 0.0000000000000000e+00 3.4137662264927306e+00 3.1636998582427664e-06
8.7233791421011066e-04 -1.0999999999999374e-03 0.0000000000000000e+00 0.0000000000000000e+00 3.4137660762372630e+00 3.2819590974468690e-06
8.8819860355938540e-04 -1.1199999999999095e-03 0.0000000000000000e+00 0.0000000000000000e+00 3.4137659259848294e+00 3.4023882433484914e-06
9.0405929290866013e-04 -1.1399999999998868e-03 0.0000000000000000e+00 0.0000000000000000e+00 3.4137657757289723e+00 3.5249872963947133e-06
9.1991998225793487e-04 -1.1599999999998569e-03 0.0000000000000000e+00 0.0000000000000000e+00 3.4137656254768318e+00 3.6497562570323569e-06
9.3578067160720961e-04 -1.1799999999998348e-03 0.0000000000000000e+00 0.0000000000000000e+00 3.4137654752210720e+00 3.7766951257083561e-06
9.5164136095648435e-04 -1.1999999999998043e-03 0.0000000000000000e+00 0.0000000000000000e+00 3.4137653249689706e+00 3.9058039028695140e-06
9.6750205030575909e-04 -1.2199999999997478e-03 0.0000000000000000e+00 0.0000000000000000e+00 3.4137651747139395e+00 4.0370825889626265e-06
9.8336273965503383e-04 -1.2399999999996834e-03 0.0000000000000000e+00 0.0000000000000000e+00 3.4137650244607949e+00 4.1705311844346412e-06
9.9922342900430868e-04 -1.2599999999996247e-03 0.0000000000000000e+00 0.0000000000000000e+00 3.4137648742070015e+00 4.3061496897324915e-06
1.0150841183535835e-03 -1.2799999999995775e-03 0.0000000000000000e+00 0.0000000000000000e+00 3.4137647239525553e+00 4.4439381053030806e-06
1.0309448077028584e-03 -1.2999999999995407e-03 0.0000000000000000e+00 0.0000000000000000e+00 3.4137645737004170e+00 4.5838964315932802e-06
1.0468054970521332e-03 -1.3199999999995112e-03 0.0000000000000000e+00 0.0000000000000000e+00 3.4137644234451590e+00 4.7260246690499476e-06
1.0626661864014081e-03 -1.3399999999994903e-03 0.0000000000000000e+00 0.0000000000000000e+00 3.4137642731928337e+00 4.8703228181199680e-06
1.0785268757506829e-03 -1.3599999999994602e-03 0.0000000000000000e+00 0.0000000000000000e+00 3.4137641229387108e+00 5.0167908792501217e-06
1.0943875650999578e-03 -1.3799999999994283e-03 0.0000000000000000e+00 0.0000000000000000e+00 3.4137639726848223e+00 5.1654288528873210e-06
1.1102482544492326e-03 -1.3999999999994076e-03 0.0000000000000000e+00 0.0000000000000000e+00 3.4137638224327285e+00 5.3162367394785029e-06
1.1261089437985075e-03 -1.4199999999993894e-03 0.0000000000000000e+00 0.0000000000000000e+00 3.4137636721777214e+00 5.4692145394705010e-06
1.1419696331477823e-03 -1.4399999999993825e-03 0.0000000000000000e+00 0.0000000000000000e+00 3.4137635219253353e+00 5.6243622533102361e-06
1.1578303224970572e-03 -1.4599999999993782e-03 0.0000000000000000e+00 0.0000000000000000e+00 3.4137633716722209e+00 5.7816798814445333e-06
1.1736910118463320e-03 -1.4799999999993735e-03 0.0000000000000000e+00 0.0000000000000000e+00 3.4137632214179408e+00 5.9411674243202508e-06
1.1895517011956068e-03 -1.4999999999993562e-03 0.0000000000000000e+00 0.0000000000000000e+00 3.4137630711658971e+00 6.1028248823841969e-06
1.2054123905448817e-03 -1.5199999999993398e-03 0.0000000000000000e+00 0.0000000000000000e+00 3.4137629209118638e+00 6.2666522560833126e-06
1.2212730798941565e-03 -1.5399999999993258e-03 0.0000000000000000e+00 0.0000000000000000e+00 3.4137627706587130e+00 6.4326495458644840e-06
1.2371337692434314e-03 -1.5599999999993794e-03 0.0000000000000000e+00 0.0000000000000000e+00 3.4137626204065632e+00 6.6008167521749582e-06
1.2529944585927062e-03 -1.5799999999994319e-03 0.0000000000000000e+00 0.0000000000000000e+00 3.4137624701522196e+00 6.7711538754612248e-06
1.2688551479419811e-03 -1.5999999999994870e-03 0.0000000000000000e+00 0.0000000000000000e+00 3.4137623198997304e+00 6.9436609161701751e-06
1.2847158372912559e-03 -1.6199999999995383e-03 0.0000000000000000e+00 0.0000000000000000e+00 3.4137621696473630e+00 7.1183378747486467e-06
1.3005765266405308e-03 -1.6399999999995899e-03 0.0000000000000000e+00 0.0000000000000000e+00 3.4137620193931477e+00 7.2951847516435353e-06
1.3164372159898056e-03 -1.6599999999996271e-03 0.0000000000000000e+00 0.0000000000000000e+00 3.4137618691409704e+00 7.4742015473016252e-06
1.3322979053390805e-03 -1.6799999999996770e-03 0.0000000000000000e+00 0.0000000000000000e+00 3.4137617188885478e+00 7.6553882621699567e-06
1.3481585946883553e-03 -1.6999999999997106e-03 0.0000000000000000e+00 0.0000000000000000e+00 3.4137615686345426e+00 7.8387448966952178e-06
1.3640192840376302e-03 -1.7199999999997402e-03 0.0000000000000000e+00 0.0000000000000000e+00 3.4137614183824487e+00 8.0242714513243597e-06
1.3798799733869050e-03 -1.7399999999997758e-03 0.0000000000000000e+00 0.0000000000000000e+00 3.4137612681301941e+00 8.2119679265043211e-06
1.3957406627361799e-03 -1.7599999999998205e-03 0.0000000000000000e+00 0.0000000000000000e+00 3.4137611178762417e+00 8.4018343226819898e-06
1.4116013520854547e-03 -1.7799999999998717e-03 0.0000000000000000e+00 0.0000000000000000e+00 3.4137609676241918e+00 8.5938706403042333e-06
1.4274620414347296e-03 -1.7999999999999384e-03 0.0000000000000000e+00 0.0000000000000000e+00 3.4137608173722267e+00 8.7880768798179732e-06
1.4433227307840044e-03 -1.8200000000000187e-03 0.0000000000000000e+00 0.0000000000000000e+00 3.4137606671184346e+00 8.9844530416700856e-06
1.4591834201332793e-03 -1.8400000000000857e-03 0.0000000000000000e+00 0.0000000000000000e+00 3.4137605168664784e+00 9.1829991263072582e-06
1.4750441094825541e-03 -1.8600000000001630e-03 0.0000000000000000e+00 0.0000000000000000e+00 3.4137603666145488e+00 9.3837151341765230e-06
1.4909047988318290e-03 -1.8800000000002450e-03 0.0000000000000000e+00 0.0000000000000000e+00 3.4137602163611436e+00 9.5866010657247186e-06
1.5067654881811038e-03 -1.9000000000003240e-03 0.0000000000000000e+00 0.0000000000000000e+00 3.4137600661087886e+00 9.7916569213986634e-06
1.5226261775303786e-03 -1.9200000000004194e-03 0.0000000000000000e+00 0.0000000000000000e+00 3.4137599158571397e+00 9.9988827016453687e-06
1.5384868668796535e-03 -1.9400000000005140e-03 0.0000000000000000e+00 0.0000000000000000e+00 3.4137597656044485e+00 1.0208278406911587e-05
1.5543475562289283e-03 -1.9600000000005893e-03 0.0000000000000000e+00 0.0000000000000000e+00 3.4137596153515020e+00 1.0419844037644055e-05
1.5702082455782032e-03 -1.9800000000006748e-03 0.0000000000000000e+00 0.0000000000000000e+00 3.4137594651001293e+00 1.0633579594289863e-05
1.5860689349274780e-03 -2.0000000000007533e-03 0.0000000000000000e+00 0.0000000000000000e+00 3.4137593148481056e+00 1.0849485077295755e-05
