1.5860689349274746e-05 -2.0000000000000164e-05 0.0000000000000000e+00 0.0000000000000000e+00 3.4137742784395941e+00 1.0849410904337779e-09
3.1721378698549492e-05 -4.0000000000000132e-05 0.0000000000000000e+00 0.0000000000000000e+00 3.4137742167798923e+00 4.3397644840931891e-09
4.7582068047824238e-05 -6.0000000000000022e-05 0.0000000000000000e+00 0.0000000000000000e+00 3.4137741551266201e+00 9.7644703645153778e-09
6.3442757397098984e-05 -8.0000000000000210e-05 0.0000000000000000e+00 0.0000000000000000e+00 3.4137740933937457e+00 1.7359058915237597e-08
7.9303446746373723e-05 -1.0000000000000135e-04 0.0000000000000000e+00 0.0000000000000000e+00 3.4137740317030807e+00 2.7123530319797310e-08
9.5164136095648462e-05 -1.2000000000000256e-04 0.0000000000000000e+00 0.0000000000000000e+00 3.4137739699937408e+00 3.9057884761731509e-08
1.1102482544492320e-04 -1.4000000000000310e-04 0.0000000000000000e+00 0.0000000000000000e+00 3.4137739082686251e+00 5.3162122424576988e-08
1.2688551479419794e-04 -1.6000000000000308e-04 0.0000000000000000e+00 0.0000000000000000e+00 3.4137738465702867e+00 6.9436243491870810e-08
1.4274620414347268e-04 -1.8000000000000435e-04 0.0000000000000000e+00 0.0000000000000000e+00 3.4137737848598846e+00 8.7880248147151239e-08
1.5860689349274742e-04 -2.0000000000000554e-04 0.0000000000000000e+00 0.0000000000000000e+00 3.4137737231467669e+00 1.0849413657395472e-07
1.7446758284202216e-04 -2.2000000000000516e-04 0.0000000000000000e+00 0.0000000000000000e+00 3.4137736614305054e+00 1.3127790895581721e-07
1.9032827219129690e-04 -2.4000000000000545e-04 0.0000000000000000e+00 0.0000000000000000e+00 3.4137735997162117e+00 1.5623156547627747e-07
2.0618896154057164e-04 -2.6000000000000702e-04 0.0000000000000000e+00 0.0000000000000000e+00 3.4137735380109535e+00 1.8335510631887339e-07
2.2204965088984638e-04 -2.8000000000001109e-04 0.0000000000000000e+00 0.0000000000000000e+00 3.4137734762919760e+00 2.1264853166714372e-07
2.3791034023912112e-04 -3.0000000000001569e-04 0.0000000000000000e+00 0.0000000000000000e+00 3.4137734145846252e+00 2.4411184170462393e-07
2.5377102958839583e-04 -3.2000000000002019e-04 0.0000000000000000e+00 0.0000000000000000e+00 3.4137733528749910e+00 2.7774503661485052e-07
2.6963171893767057e-04 -3.4000000000002393e-04 0.0000000000000000e+00 0.0000000000000000e+00 3.4137732911573813e+00 3.1354811658136005e-07
2.8549240828694531e-04 -3.6000000000002669e-04 0.0000000000000000e+00 0.0000000000000000e+00 3.4137732294446512e+00 3.5152108178768888e-07
3.0135309763622004e-04 -3.8000000000001937e-04 0.0000000000000000e+00 0.0000000000000000e+00 3.4137731677343663e+00 3.9166393241736137e-07
3.1721378698549478e-04 -4.0000000000001265e-04 0.0000000000000000e+00 0.0000000000000000e+00 3.4137731060236707e+00 4.3397666865392824e-07
3.3307447633476952e-04 -4.2000000000000495e-04 0.0000000000000000e+00 0.0000000000000000e+00 3.4137730443121304e+00 4.7845929068092426e-07
3.4893516568404426e-04 -4.3999999999999644e-04 0.0000000000000000e+00 0.0000000000000000e+00 3.4137729825999230e+00 5.2511179868188660e-07
3.6479585503331900e-04 -4.5999999999999096e-04 0.0000000000000000e+00 0.0000000000000000e+00 3.4137729208871970e+00 5.7393419284035903e-07
3.8065654438259374e-04 -4.7999999999999025e-04 0.0000000000000000e+00 0.0000000000000000e+00 3.4137728591740424e+00 6.2492647333988228e-07
3.9651723373186848e-04 -4.9999999999998884e-04 0.0000000000000000e+00 0.0000000000000000e+00 3.4137727974615726e+00 6.7808864036398424e-07
4.1237792308114322e-04 -5.1999999999999106e-04 0.0000000000000000e+00 0.0000000000000000e+00 3.4137727357487271e+00 7.3342069409621070e-07
4.2823861243041796e-04 -5.3999999999999480e-04 0.0000000000000000e+00 0.0000000000000000e+00 3.4137726740379573e+00 7.9092263472009497e-07
4.4409930177969270e-04 -5.5999999999999735e-04 0.0000000000000000e+00 0.0000000000000000e+00 3.4137726123285810e+00 8.5059446241916927e-07
4.5995999112896744e-04 -5.8000000000000553e-04 0.0000000000000000e+00 0.0000000000000000e+00 3.4137725506163847e+00 9.1243617737698481e-07
4.7582068047824218e-04 -6.0000000000001317e-04 0.0000000000000000e+00 0.0000000000000000e+00 3.4137724889022327e+00 9.7644777977706641e-07
4.9168136982751692e-04 -6.2000000000002342e-04 0.0000000000000000e+00 0.0000000000000000e+00 3.4137724271885728e+00 1.0426292698029588e-06
5.0754205917679165e-04 -6.4000000000003616e-04 0.0000000000000000e+00 0.0000000000000000e+00 3.4137723654783669e+00 1.1109806476381989e-06
5.2340274852606639e-04 -6.6000000000005150e-04 0.0000000000000000e+00 0.0000000000000000e+00 3.4137723037675882e+00 1.1815019134663248e-06
5.3926343787534113e-04 -6.8000000000006510e-04 0.0000000000000000e+00 0.0000000000000000e+00 3.4137722420534509e+00 1.2541930674708632e-06
5.5512412722461587e-04 -7.0000000000007350e-04 0.0000000000000000e+00 0.0000000000000000e+00 3.4137721803409078e+00 1.3290541098353424e-06
5.7098481657389061e-04 -7.2000000000007876e-04 0.0000000000000000e+00 0.0000000000000000e+00 3.4137721186313637e+00 1.4060850407433033e-06
5.8684550592316535e-04 -7.4000000000008944e-04 0.0000000000000000e+00 0.0000000000000000e+00 3.4137720569171570e+00 1.4852858603783062e-06
6.0270619527244009e-04 -7.6000000000010185e-04 0.0000000000000000e+00 0.0000000000000000e+00 3.4137719952051730e+00 1.5666565689238793e-06
6.1856688462171483e-04 -7.8000000000011307e-04 0.0000000000000000e+00 0.0000000000000000e+00 3.4137719334948295e+00 1.6501971665635509e-06
6.3442757397098957e-04 -8.0000000000012244e-04 0.0000000000000000e+00 0.0000000000000000e+00 3.4137718717800869e+00 1.7359076534808565e-06
6.5028826332026431e-04 -8.2000000000012445e-04 0.0000000000000000e+00 0.0000000000000000e+00 3.4137718100699903e+00 1.8237880298593159e-06
6.6614895266953905e-04 -8.4000000000013274e-04 0.0000000000000000e+00 0.0000000000000000e+00 3.4137717483572501e+00 1.9138382958825079e-06
6.8200964201881379e-04 -8.6000000000013789e-04 0.0000000000000000e+00 0.0000000000000000e+00 3.4137716866441910e+00 2.0060584517339395e-06
6.9787033136808852e-04 -8.8000000000013707e-04 0.0000000000000000e+00 0.0000000000000000e+00 3.4137716249340375e+00 2.1004484975971395e-06
7.1373102071736326e-04 -9.0000000000013626e-04 0.0000000000000000e+00 0.0000000000000000e+00 3.4137715632197496e+00 2.1970084336556627e-06
7.2959171006663800e-04 -9.2000000000013794e-04 0.0000000000000000e+00 0.0000000000000000e+00 3.4137715015101575e+00 2.2957382600930548e-06
7.4545239941591274e-04 -9.4000000000014406e-04 0.0000000000000000e+00 0.0000000000000000e+00 3.4137714397959149e+00 2.3966379770928603e-06
7.6131308876518748e-04 -9.6000000000014368e-04 0.0000000000000000e+00 0.0000000000000000e+00 3.4137713780857362e+00 2.4997075848385791e-06
7.7717377811446222e-04 -9.8000000000014287e-04 0.0000000000000000e+00 0.0000000000000000e+00 3.4137713163721037e+00 2.6049470835137687e-06
7.9303446746373696e-04 -1.0000000000001368e-03 0.0000000000000000e+00 0.0000000000000000e+00 3.4137712546613863e+00 2.7123564733019482e-06
8.0889515681301170e-04 -1.0200000000001378e-03 0.0000000000000000e+00 0.0000000000000000e+00 3.4137711929481167e+00 2.8219357543866984e-06
8.2475584616228644e-04 -1.0400000000001313e-03 0.0000000000000000e+00 0.0000000000000000e+00 3.4137711312373384e+00 2.9336849269515053e-06
8.4061653551156118e-04 -1.0600000000001214e-03 0.0000000000000000e+00 0.0000000000000000e+00 3.4137710695239876e+00 3.0476039911799183e-06
8.5647722486083592e-04 -1.0800000000001047e-03 0.0000000000000000e+00 0.0000000000000000e+00 3.4137710078135179e+00 3.1636929472554603e-06
8.7233791421011066e-04 -1.1000000000000851e-03 0.0000000000000000e+00 0.0000000000000000e+00 3.4137709461000902e+00 3.2819517953616833e-06
8.8819860355938540e-04 -1.1200000000000225e-03 0.0000000000000000e+00 0.0000000000000000e+00 3.4137708843896593e+00 3.4023805356819581e-06
9.0405929290866013e-04 -1.1399999999999588e-03 0.0000000000000000e+00 0.0000000000000000e+00 3.4137708226757737e+00 3.5249791683999892e-06
9.1991998225793487e-04 -1.1599999999998992e-03 0.0000000000000000e+00 0.0000000000000000e+00 3.4137707609655688e+00 3.6497476936993342e-06
9.3578067160720961e-04 -1.1799999999998359e-03 0.0000000000000000e+00 0.0000000000000000e+00 3.4137706992517112e+00 3.7766861117634985e-06
9.5164136095648435e-04 -1.1999999999997748e-03 0.0000000000000000e+00 0.0000000000000000e+00 3.4137706375414782e+00 3.9057944227760434e-06
9.6750205030575909e-04 -1.2199999999996589e-03 0.0000000000000000e+00 0.0000000000000000e+00 3.4137705758282806e+00 4.0370726269202525e-06
9.8336273965503383e-04 -1.2399999999995533e-03 0.0000000000000000e+00 0.0000000000000000e+00 3.4137705141169365e+00 4.1705207243799454e-06
9.9922342900430868e-04 -1.2599999999994432e-03 0.0000000000000000e+00 0.0000000000000000e+00 3.4137704524049073e+00 4.3061387153385956e-06
1.0150841183535835e-03 -1.2799999999993333e-03 0.0000000000000000e+00 0.0000000000000000e+00 3.4137703906921932e+00 4.4439265999797600e-06
1.0309448077028584e-03 -1.2999999999992132e-03 0.0000000000000000e+00 0.0000000000000000e+00 3.4137703289817525e+00 4.5838843784869255e-06
1.0468054970521332e-03 -1.3199999999990845e-03 0.0000000000000000e+00 0.0000000000000000e+00 3.4137702672681582e+00 4.7260120510436340e-06
1.0626661864014081e-03 -1.3399999999989531e-03 0.0000000000000000e+00 0.0000000000000000e+00 3.4137702055574626e+00 4.8703096178334527e-06
1.0785268757506829e-03 -1.3599999999988135e-03 0.0000000000000000e+00 0.0000000000000000e+00 3.4137701438449337e+00 5.0167770790398897e-06
1.0943875650999578e-03 -1.3799999999986789e-03 0.0000000000000000e+00 0.0000000000000000e+00 3.4137700821326065e+00 5.1654144348465469e-06
1.1102482544492326e-03 -1.3999999999985467e-03 0.0000000000000000e+00 0.0000000000000000e+00 3.4137700204220391e+00 5.3162216854369477e-06
1.1261089437985075e-03 -1.4199999999984134e-03 0.0000000000000000e+00 0.0000000000000000e+00 3.4137699587085248e+00 5.4691988309946135e-06
1.1419696331477823e-03 -1.4399999999982858e-03 0.0000000000000000e+00 0.0000000000000000e+00 3.4137698969975983e+00 5.6243458717031167e-06
1.1578303224970572e-03 -1.4599999999981529e-03 0.0000000000000000e+00 0.0000000000000000e+00 3.4137698352859069e+00 5.7816628077459365e-06
1.1736910118463320e-03 -1.4799999999980304e-03 0.0000000000000000e+00 0.0000000000000000e+00 3.4137697735730170e+00 5.9411496393066962e-06
1.1895517011956068e-03 -1.4999999999979041e-03 0.0000000000000000e+00 0.0000000000000000e+00 3.4137697118623294e+00 6.1028063665688536e-06
1.2054123905448817e-03 -1.5199999999977900e-03 0.0000000000000000e+00 0.0000000000000000e+00 3.4137696501496171e+00 6.2666329897160380e-06
1.2212730798941565e-03 -1.5399999999976669e-03 0.0000000000000000e+00 0.0000000000000000e+00 3.4137695884377552e+00 6.4326295089316650e-06
1.2371337692434314e-03 -1.5599999999976165e-03 0.0000000000000000e+00 0.0000000000000000e+00 3.4137695267268588e+00 6.6007959243997415e-06
1.2529944585927062e-03 -1.5799999999975749e-03 0.0000000000000000e+00 0.0000000000000000e+00 3.4137694650137336e+00 6.7711322363034528e-06
1.2688551479419811e-03 -1.5999999999975192e-03 0.0000000000000000e+00 0.0000000000000000e+00 3.4137694033024304e+00 6.9436384448261959e-06
1.2847158372912559e-03 -1.6199999999974707e-03 0.0000000000000000e+00 0.0000000000000000e+00 3.4137693415912138e+00 7.1183145501516356e-06
1.3005765266405308e-03 -1.6399999999974250e-03 0.0000000000000000e+00 0.0000000000000000e+00 3.4137692798781152e+00 7.2951605524632831e-06
1.3164372159898056e-03 -1.6599999999973769e-03 0.0000000000000000e+00 0.0000000000000000e+00 3.4137692181670207e+00 7.4741764519446439e-06
1.3322979053390805e-03 -1.6799999999973412e-03 0.0000000000000000e+00 0.0000000000000000e+00 3.4137691564556465e+00 7.6553622487793506e-06
1.3481585946883553e-03 -1.6999999999972994e-03 0.0000000000000000e+00 0.0000000000000000e+00 3.4137690947426549e+00 7.8387179431508206e-06
1.3640192840376302e-03 -1.7199999999972647e-03 0.0000000000000000e+00 0.0000000000000000e+00 3.4137690330315418e+00 8.0242435352426803e-06
1.3798799733869050e-03 -1.7399999999972281e-03 0.0000000000000000e+00 0.0000000000000000e+00 3.4137689713202333e+00 8.2119390252384056e-06
1.3957406627361799e-03 -1.7599999999971918e-03 0.0000000000000000e+00 0.0000000000000000e+00 3.4137689096071928e+00 8.4018044133215451e-06
1.4116013520854547e-03 -1.7799999999971550e-03 0.0000000000000000e+00 0.0000000000000000e+00 3.4137688478960211e+00 8.5938396996756391e-06
1.4274620414347296e-03 -1.7999999999971140e-03 0.0000000000000000e+00 0.0000000000000000e+00 3.4137687861848991e+00 8.7880448844841938e-06
1.4433227307840044e-03 -1.8199999999970731e-03 0.0000000000000000e+00 0.0000000000000000e+00 3.4137687244719168e+00 8.9844199679307766e-06
1.4591834201332793e-03 -1.8399999999970165e-03 0.0000000000000000e+00 0.0000000000000000e+00 3.4137686627607353e+00 9.1829649501988157e-06
1.4750441094825541e-03 -1.8599999999969511e-03 0.0000000000000000e+00 0.0000000000000000e+00 3.4137686010495476e+00 9.3836798314718937e-06
1.4909047988318290e-03 -1.8799999999968839e-03 0.0000000000000000e+00 0.0000000000000000e+00 3.4137685393368487e+00 9.5865646119335966e-06
1.5067654881811038e-03 -1.8999999999968298e-03 0.0000000000000000e+00 0.0000000000000000e+00 3.4137684776251680e+00 9.7916192917675594e-06
1.5226261775303786e-03 -1.9199999999967878e-03 0.0000000000000000e+00 0.0000000000000000e+00 3.4137684159141570e+00 9.9988438711573206e-06
1.5384868668796535e-03 -1.9399999999967269e-03 0.0000000000000000e+00 0.0000000000000000e+00 3.4137683542020700e+00 1.0208238350286195e-05
1.5543475562289283e-03 -1.9599999999966606e-03 0.0000000000000000e+00 0.0000000000000000e+00 3.4137682924896944e+00 1.0419802729337818e-05
1.5702082455782032e-03 -1.9799999999965921e-03 0.0000000000000000e+00 0.0000000000000000e+00 3.4137682307788588e+00 1.0633537008495741e-05
1.5860689349274780e-03 -1.9999999999965267e-03 0.0000000000000000e+00 0.0000000000000000e+00 3.4137681690673363e+00 1.0849441187943547e-05
