8.7644715214029378e-06 -2.0000000000000002e-05 0.0000000000000000e+00 0.0000000000000000e+00 4.9470217418579194e+00 3.8255742082615166e-10
1.7528943042805876e-05 -3.9999999999999996e-05 0.0000000000000000e+00 0.0000000000000000e+00 4.9470211785116751e+00 1.5302299037320697e-09
2.6293414564208815e-05 -5.9999999999999961e-05 0.0000000000000000e+00 0.0000000000000000e+00 4.9470206152220815e+00 3.4430177793589466e-09
3.5057886085611758e-05 -7.9999999999999925e-05 0.0000000000000000e+00 0.0000000000000000e+00 4.9470200519699254e+00 6.1209213783479788e-09
4.3822357607014701e-05 -9.9999999999999856e-05 0.0000000000000000e+00 0.0000000000000000e+00 4.9470194887388494e+00 9.5639410313403546e-09
5.2586829128417644e-05 -1.1999999999999976e-04 0.0000000000000000e+00 0.0000000000000000e+00 4.9470189254331070e+00 1.3772077068977275e-08
6.1351300649820594e-05 -1.3999999999999961e-04 0.0000000000000000e+00 0.0000000000000000e+00 4.9470183621392252e+00 1.8745329821899914e-08
7.0115772171223543e-05 -1.5999999999999939e-04 0.0000000000000000e+00 0.0000000000000000e+00 4.9470177988364670e+00 2.4483699620749468e-08
7.8880243692626493e-05 -1.7999999999999923e-04 0.0000000000000000e+00 0.0000000000000000e+00 4.9470172355552862e+00 3.0987186796167154e-08
8.7644715214029443e-05 -1.9999999999999909e-04 0.0000000000000000e+00 0.0000000000000000e+00 4.9470166722883677e+00 3.8255791678794170e-08
9.6409186735432393e-05 -2.1999999999999900e-04 0.0000000000000000e+00 0.0000000000000000e+00 4.9470161090210185e+00 4.6289514599271731e-08
1.0517365825683534e-04 -2.3999999999999887e-04 0.0000000000000000e+00 0.0000000000000000e+00 4.9470155457126905e+00 5.5088355888240968e-08
1.1393812977823829e-04 -2.5999999999999878e-04 0.0000000000000000e+00 0.0000000000000000e+00 4.9470149824574108e+00 6.4652315876343166e-08
1.2270260129964124e-04 -2.7999999999999857e-04 0.0000000000000000e+00 0.0000000000000000e+00 4.9470144191592365e+00 7.4981394894219381e-08
1.3146707282104419e-04 -2.9999999999999829e-04 0.0000000000000000e+00 0.0000000000000000e+00 4.9470138558810222e+00 8.6075593272510870e-08
1.4023154434244714e-04 -3.1999999999999797e-04 0.0000000000000000e+00 0.0000000000000000e+00 4.9470132926163366e+00 9.7934911341858810e-08
1.4899601586385009e-04 -3.3999999999999769e-04 0.0000000000000000e+00 0.0000000000000000e+00 4.9470127293431698e+00 1.1055934943290447e-07
1.5776048738525304e-04 -3.5999999999999753e-04 0.0000000000000000e+00 0.0000000000000000e+00 4.9470121660652655e+00 1.2394890787628904e-07
1.6652495890665599e-04 -3.7999999999999720e-04 0.0000000000000000e+00 0.0000000000000000e+00 4.9470116027866711e+00 1.3810358700265361e-07
1.7528943042805894e-04 -3.9999999999999671e-04 0.0000000000000000e+00 0.0000000000000000e+00 4.9470110395119731e+00 1.5302338714263938e-07
1.8405390194946189e-04 -4.1999999999999611e-04 0.0000000000000000e+00 0.0000000000000000e+00 4.9470104762409814e+00 1.6870830862688743e-07
1.9281837347086484e-04 -4.3999999999999562e-04 0.0000000000000000e+00 0.0000000000000000e+00 4.9470099129729386e+00 1.8515835178603922e-07
2.0158284499226779e-04 -4.5999999999999497e-04 0.0000000000000000e+00 0.0000000000000000e+00 4.9470093497052892e+00 2.0237351695073575e-07
2.1034731651367074e-04 -4.7999999999999448e-04 0.0000000000000000e+00 0.0000000000000000e+00 4.9470087864356840e+00 2.2035380445161843e-07
2.1911178803507369e-04 -4.9999999999999383e-04 0.0000000000000000e+00 0.0000000000000000e+00 4.9470082231642918e+00 2.3909921461932817e-07
2.2787625955647664e-04 -5.1999999999999302e-04 0.0000000000000000e+00 0.0000000000000000e+00 4.9470076598918595e+00 2.5860974778450619e-07
2.3664073107787959e-04 -5.3999999999999198e-04 0.0000000000000000e+00 0.0000000000000000e+00 4.9470070966247608e+00 2.7888540427779365e-07
2.4540520259928254e-04 -5.5999999999999084e-04 0.0000000000000000e+00 0.0000000000000000e+00 4.9470065333686835e+00 2.9992618442983173e-07
2.5416967412068549e-04 -5.7999999999998992e-04 0.0000000000000000e+00 0.0000000000000000e+00 4.9470059701088687e+00 3.2173208857126201e-07
2.6293414564208844e-04 -5.9999999999998911e-04 0.0000000000000000e+00 0.0000000000000000e+00 4.9470054068404599e+00 3.4430311703272555e-07
2.7169861716349139e-04 -6.1999999999998851e-04 0.0000000000000000e+00 0.0000000000000000e+00 4.9470048435766856e+00 3.6763927014486373e-07
2.8046308868489434e-04 -6.3999999999998780e-04 0.0000000000000000e+00 0.0000000000000000e+00 4.9470042803269942e+00 3.9174054823831750e-07
2.8922756020629729e-04 -6.5999999999998709e-04 0.0000000000000000e+00 0.0000000000000000e+00 4.9470037170649954e+00 4.1660695164372786e-07
2.9799203172770024e-04 -6.7999999999998639e-04 0.0000000000000000e+00 0.0000000000000000e+00 4.9470031538020551e+00 4.4223848069173625e-07
3.0675650324910319e-04 -6.9999999999998546e-04 0.0000000000000000e+00 0.0000000000000000e+00 4.9470025905555453e+00 4.6863513571298355e-07
3.1552097477050614e-04 -7.1999999999998476e-04 0.0000000000000000e+00 0.0000000000000000e+00 4.9470020272957731e+00 4.9579691703811153e-07
3.2428544629190908e-04 -7.3999999999998416e-04 0.0000000000000000e+00 0.0000000000000000e+00 4.9470014640398530e+00 5.2372382499776117e-07
3.3304991781331203e-04 -7.5999999999998335e-04 0.0000000000000000e+00 0.0000000000000000e+00 4.9470009007941309e+00 5.5241585992257328e-07
3.4181438933471498e-04 -7.7999999999998275e-04 0.0000000000000000e+00 0.0000000000000000e+00 4.9470003375351173e+00 5.8187302214318971e-07
3.5057886085611793e-04 -7.9999999999998193e-04 0.0000000000000000e+00 0.0000000000000000e+00 4.9469997742926139e+00 6.1209531199025083e-07
3.5934333237752088e-04 -8.1999999999998090e-04 0.0000000000000000e+00 0.0000000000000000e+00 4.9469992110389915e+00 6.4308272979439807e-07
3.6810780389892383e-04 -8.3999999999997987e-04 0.0000000000000000e+00 0.0000000000000000e+00 4.9469986477924053e+00 6.7483527588627285e-07
3.7687227542032678e-04 -8.5999999999997916e-04 0.0000000000000000e+00 0.0000000000000000e+00 4.9469980845470429e+00 7.0735295059651670e-07
3.8563674694172973e-04 -8.7999999999997867e-04 0.0000000000000000e+00 0.0000000000000000e+00 4.9469975212982691e+00 7.4063575425577097e-07
3.9440121846313268e-04 -8.9999999999997840e-04 0.0000000000000000e+00 0.0000000000000000e+00 4.9469969580585440e+00 7.7468368719467653e-07
4.0316568998453563e-04 -9.1999999999997791e-04 0.0000000000000000e+00 0.0000000000000000e+00 4.9469963948103111e+00 8.0949674974387429e-07
4.1193016150593858e-04 -9.3999999999997764e-04 0.0000000000000000e+00 0.0000000000000000e+00 4.9469958315739193e+00 8.4507494223400568e-07
4.2069463302734153e-04 -9.5999999999997747e-04 0.0000000000000000e+00 0.0000000000000000e+00 4.9469952683277221e+00 8.8141826499571234e-07
4.2945910454874448e-04 -9.7999999999997763e-04 0.0000000000000000e+00 0.0000000000000000e+00 4.9469947050935215e+00 9.1852671835963527e-07
4.3822357607014743e-04 -9.9999999999997790e-04 0.0000000000000000e+00 0.0000000000000000e+00 4.9469941418502659e+00 9.5640030265641570e-07
4.4698804759155038e-04 -1.0199999999999786e-03 0.0000000000000000e+00 0.0000000000000000e+00 4.9469935786173922e+00 9.9503901821669504e-07
4.5575251911295333e-04 -1.0399999999999795e-03 0.0000000000000000e+00 0.0000000000000000e+00 4.9469930153780739e+00 1.0344428653711145e-06
4.6451699063435628e-04 -1.0599999999999800e-03 0.0000000000000000e+00 0.0000000000000000e+00 4.9469924521454214e+00 1.0746118444503139e-06
4.7328146215575923e-04 -1.0799999999999809e-03 0.0000000000000000e+00 0.0000000000000000e+00 4.9469918889114401e+00 1.1155459557849360e-06
4.8204593367716218e-04 -1.0999999999999821e-03 0.0000000000000000e+00 0.0000000000000000e+00 4.9469913256776179e+00 1.1572451997056219e-06
4.9081040519856518e-04 -1.1199999999999832e-03 0.0000000000000000e+00 0.0000000000000000e+00 4.9469907624497909e+00 1.1997095765430120e-06
4.9957487671996813e-04 -1.1399999999999839e-03 0.0000000000000000e+00 0.0000000000000000e+00 4.9469901992145893e+00 1.2429390866277468e-06
5.0833934824137108e-04 -1.1599999999999842e-03 0.0000000000000000e+00 0.0000000000000000e+00 4.9469896359908638e+00 1.2869337302904678e-06
5.1710381976277403e-04 -1.1799999999999842e-03 0.0000000000000000e+00 0.0000000000000000e+00 4.9469890727577353e+00 1.3316935078618159e-06
5.2586829128417698e-04 -1.1999999999999836e-03 0.0000000000000000e+00 0.0000000000000000e+00 4.9469885095350561e+00 1.3772184196724321e-06
5.3463276280557993e-04 -1.2199999999999830e-03 0.0000000000000000e+00 0.0000000000000000e+00 4.9469879463082780e+00 1.4235084660529586e-06
5.4339723432698288e-04 -1.2399999999999820e-03 0.0000000000000000e+00 0.0000000000000000e+00 4.9469873830826696e+00 1.4705636473340354e-06
5.5216170584838583e-04 -1.2599999999999816e-03 0.0000000000000000e+00 0.0000000000000000e+00 4.9469868198634330e+00 1.5183839638463063e-06
5.6092617736978878e-04 -1.2799999999999808e-03 0.0000000000000000e+00 0.0000000000000000e+00 4.9469862566363192e+00 1.5669694159204103e-06
5.6969064889119173e-04 -1.2999999999999802e-03 0.0000000000000000e+00 0.0000000000000000e+00 4.9469856934195056e+00 1.6163200038869895e-06
5.7845512041259468e-04 -1.3199999999999798e-03 0.0000000000000000e+00 0.0000000000000000e+00 4.9469851301988239e+00 1.6664357280766855e-06
5.8721959193399763e-04 -1.3399999999999790e-03 0.0000000000000000e+00 0.0000000000000000e+00 4.9469845669784505e+00 1.7173165888201380e-06
5.9598406345540058e-04 -1.3599999999999784e-03 0.0000000000000000e+00 0.0000000000000000e+00 4.9469840037651727e+00 1.7689625864479897e-06
6.0474853497680353e-04 -1.3799999999999778e-03 0.0000000000000000e+00 0.0000000000000000e+00 4.9469834405449573e+00 1.8213737212908812e-06
6.1351300649820648e-04 -1.3999999999999768e-03 0.0000000000000000e+00 0.0000000000000000e+00 4.9469828773318092e+00 1.8745499936794525e-06
6.2227747801960943e-04 -1.4199999999999760e-03 0.0000000000000000e+00 0.0000000000000000e+00 4.9469823141203282e+00 1.9284914039443465e-06
6.3104194954101238e-04 -1.4399999999999758e-03 0.0000000000000000e+00 0.0000000000000000e+00 4.9469817509032668e+00 1.9831979524162058e-06
6.3980642106241533e-04 -1.4599999999999756e-03 0.0000000000000000e+00 0.0000000000000000e+00 4.9469811876951475e+00 2.0386696394256694e-06
6.4857089258381828e-04 -1.4799999999999759e-03 0.0000000000000000e+00 0.0000000000000000e+00 4.9469806244852492e+00 2.0949064653033802e-06
6.5733536410522123e-04 -1.4999999999999762e-03 0.0000000000000000e+00 0.0000000000000000e+00 4.9469800612728010e+00 2.1519084303799777e-06
6.6609983562662418e-04 -1.5199999999999771e-03 0.0000000000000000e+00 0.0000000000000000e+00 4.9469794980684618e+00 2.2096755349861058e-06
6.7486430714802713e-04 -1.5399999999999785e-03 0.0000000000000000e+00 0.0000000000000000e+00 4.9469789348610096e+00 2.2682077794524038e-06
6.8362877866943008e-04 -1.5599999999999794e-03 0.0000000000000000e+00 0.0000000000000000e+00 4.9469783716529276e+00 2.3275051641095119e-06
6.9239325019083303e-04 -1.5799999999999801e-03 0.0000000000000000e+00 0.0000000000000000e+00 4.9469778084519742e+00 2.3875676892880711e-06
7.0115772171223598e-04 -1.5999999999999812e-03 0.0000000000000000e+00 0.0000000000000000e+00 4.9469772452478740e+00 2.4483953553187249e-06
7.0992219323363893e-04 -1.6199999999999823e-03 0.0000000000000000e+00 0.0000000000000000e+00 4.9469766820434549e+00 2.5099881625321126e-06
7.1868666475504188e-04 -1.6399999999999841e-03 0.0000000000000000e+00 0.0000000000000000e+00 4.9469761188458126e+00 2.5723461112588770e-06
7.2745113627644483e-04 -1.6599999999999868e-03 0.0000000000000000e+00 0.0000000000000000e+00 4.9469755556457438e+00 2.6354692018296620e-06
7.3621560779784778e-04 -1.6799999999999899e-03 0.0000000000000000e+00 0.0000000000000000e+00 4.9469749924444413e+00 2.6993574345751052e-06
7.4498007931925072e-04 -1.6999999999999934e-03 0.0000000000000000e+00 0.0000000000000000e+00 4.9469744292499565e+00 2.7640108098258494e-06
7.5374455084065367e-04 -1.7199999999999974e-03 0.0000000000000000e+00 0.0000000000000000e+00 4.9469738660544662e+00 2.8294293279125346e-06
7.6250902236205662e-04 -1.7400000000000009e-03 0.0000000000000000e+00 0.0000000000000000e+00 4.9469733028561089e+00 2.8956129891658011e-06
7.7127349388345957e-04 -1.7600000000000048e-03 0.0000000000000000e+00 0.0000000000000000e+00 4.9469727396643615e+00 2.9625617939162906e-06
7.8003796540486252e-04 -1.7800000000000092e-03 0.0000000000000000e+00 0.0000000000000000e+00 4.9469721764734365e+00 3.0302757424946464e-06
7.8880243692626547e-04 -1.8000000000000127e-03 0.0000000000000000e+00 0.0000000000000000e+00 4.9469716132788220e+00 3.0987548352315047e-06
7.9756690844766842e-04 -1.8200000000000163e-03 0.0000000000000000e+00 0.0000000000000000e+00 4.9469710500890782e+00 3.1679990724575092e-06
8.0633137996907137e-04 -1.8400000000000196e-03 0.0000000000000000e+00 0.0000000000000000e+00 4.9469704869024262e+00 3.2380084545033008e-06
8.1509585149047432e-04 -1.8600000000000224e-03 0.0000000000000000e+00 0.0000000000000000e+00 4.9469699237128761e+00 3.3087829816995192e-06
8.2386032301187727e-04 -1.8800000000000249e-03 0.0000000000000000e+00 0.0000000000000000e+00 4.9469693605245144e+00 3.3803226543768067e-06
8.3262479453328022e-04 -1.9000000000000271e-03 0.0000000000000000e+00 0.0000000000000000e+00 4.9469687973414054e+00 3.4526274728658052e-06
8.4138926605468317e-04 -1.9200000000000293e-03 0.0000000000000000e+00 0.0000000000000000e+00 4.9469682341577235e+00 3.5256974374971549e-06
8.5015373757608612e-04 -1.9400000000000307e-03 0.0000000000000000e+00 0.0000000000000000e+00 4.9469676709714570e+00 3.5995325486014950e-06
8.5891820909748907e-04 -1.9600000000000312e-03 0.0000000000000000e+00 0.0000000000000000e+00 4.9469671077903534e+00 3.6741328065094673e-06
8.6768268061889202e-04 -1.9800000000000308e-03 0.0000000000000000e+00 0.0000000000000000e+00 4.9469665446115618e+00 3.7494982115517135e-06
8.7644715214029497e-04 -2.0000000000000304e-03 0.0000000000000000e+00 0.0000000000000000e+00 4.9469659814304814e+00 3.8256287640588747e-06
