1.5860689349274746e-05 -1.9999999999999991e-05 0.0000000000000000e+00 0.0000000000000000e+00 3.4137741603810876e+00 1.0849411489528596e-09
3.1721378698549492e-05 -4.0000000000000024e-05 0.0000000000000000e+00 0.0000000000000000e+00 3.4137739806629308e+00 4.3397649522459300e-09
4.7582068047824238e-05 -6.0000000000000035e-05 0.0000000000000000e+00 0.0000000000000000e+00 3.4137738009512550e+00 9.7644719445309346e-09
6.3442757397098984e-05 -8.0000000000000359e-05 0.0000000000000000e+00 0.0000000000000000e+00 3.4137736211600296e+00 1.7359062660459697e-08
7.9303446746373723e-05 -1.0000000000000101e-04 0.0000000000000000e+00 0.0000000000000000e+00 3.4137734414110659e+00 2.7123537634684017e-08
9.5164136095648462e-05 -1.2000000000000075e-04 0.0000000000000000e+00 0.0000000000000000e+00 3.4137732616434784e+00 3.9057897401855163e-08
1.1102482544492320e-04 -1.3999999999999966e-04 0.0000000000000000e+00 0.0000000000000000e+00 3.4137730818601666e+00 5.3162142496624690e-08
1.2688551479419794e-04 -1.5999999999999999e-04 0.0000000000000000e+00 0.0000000000000000e+00 3.4137729021036840e+00 6.9436273453645434e-08
1.4274620414347268e-04 -1.7999999999999969e-04 0.0000000000000000e+00 0.0000000000000000e+00 3.4137727223351906e+00 8.7880290807568170e-08
1.5860689349274742e-04 -1.9999999999999968e-04 0.0000000000000000e+00 0.0000000000000000e+00 3.4137725425640322e+00 1.0849419509304510e-07
1.7446758284202216e-04 -2.1999999999999963e-04 0.0000000000000000e+00 0.0000000000000000e+00 3.4137723627897829e+00 1.3127798684472774e-07
1.9032827219129690e-04 -2.3999999999999740e-04 0.0000000000000000e+00 0.0000000000000000e+00 3.4137721830175538e+00 1.5623166659726596e-07
2.0618896154057164e-04 -2.5999999999999591e-04 0.0000000000000000e+00 0.0000000000000000e+00 3.4137720032544108e+00 1.8335523488531375e-07
2.2204965088984638e-04 -2.7999999999999705e-04 0.0000000000000000e+00 0.0000000000000000e+00 3.4137718234776013e+00 2.1264869224352500e-07
2.3791034023912112e-04 -3.0000000000000046e-04 0.0000000000000000e+00 0.0000000000000000e+00 3.4137716437124692e+00 2.4411203920655165e-07
2.5377102958839583e-04 -3.2000000000000095e-04 0.0000000000000000e+00 0.0000000000000000e+00 3.4137714639451069e+00 2.7774527630903973e-07
2.6963171893767057e-04 -3.4000000000000192e-04 0.0000000000000000e+00 0.0000000000000000e+00 3.4137712841698202e+00 3.1354840408564454e-07
2.8549240828694531e-04 -3.6000000000000517e-04 0.0000000000000000e+00 0.0000000000000000e+00 3.4137711043994643e+00 3.5152142307102052e-07
3.0135309763622004e-04 -3.8000000000000647e-04 0.0000000000000000e+00 0.0000000000000000e+00 3.4137709246316059e+00 3.9166433379981387e-07
3.1721378698549478e-04 -4.0000000000001032e-04 0.0000000000000000e+00 0.0000000000000000e+00 3.4137707448633887e+00 4.3397713680668248e-07
3.3307447633476952e-04 -4.2000000000001037e-04 0.0000000000000000e+00 0.0000000000000000e+00 3.4137705650943793e+00 4.7845983262626856e-07
3.4893516568404426e-04 -4.4000000000000690e-04 0.0000000000000000e+00 0.0000000000000000e+00 3.4137703853247543e+00 5.2511242179322403e-07
3.6479585503331900e-04 -4.5999999999999915e-04 0.0000000000000000e+00 0.0000000000000000e+00 3.4137702055546622e+00 5.7393490484219809e-07
3.8065654438259374e-04 -4.7999999999999177e-04 0.0000000000000000e+00 0.0000000000000000e+00 3.4137700257841943e+00 6.2492728230784990e-07
3.9651723373186848e-04 -4.9999999999998082e-04 0.0000000000000000e+00 0.0000000000000000e+00 3.4137698460144619e+00 6.7808955472482402e-07
4.1237792308114322e-04 -5.1999999999997079e-04 0.0000000000000000e+00 0.0000000000000000e+00 3.4137696662444075e+00 7.3342172262778012e-07
4.2823861243041796e-04 -5.3999999999995718e-04 0.0000000000000000e+00 0.0000000000000000e+00 3.4137694864764798e+00 7.9092378655136086e-07
4.4409930177969270e-04 -5.5999999999994542e-04 0.0000000000000000e+00 0.0000000000000000e+00 3.4137693067099981e+00 8.5059574703022879e-07
4.5995999112896744e-04 -5.7999999999993029e-04 0.0000000000000000e+00 0.0000000000000000e+00 3.4137691269407471e+00 9.1243760459902432e-07
4.7582068047824218e-04 -5.9999999999991104e-04 0.0000000000000000e+00 0.0000000000000000e+00 3.4137689471695922e+00 9.7644935979239751e-07
4.9168136982751692e-04 -6.1999999999989462e-04 0.0000000000000000e+00 0.0000000000000000e+00 3.4137687673989818e+00 1.0426310131450143e-06
5.0754205917679165e-04 -6.3999999999987971e-04 0.0000000000000000e+00 0.0000000000000000e+00 3.4137685876318780e+00 1.1109825651915245e-06
5.2340274852606639e-04 -6.5999999999986415e-04 0.0000000000000000e+00 0.0000000000000000e+00 3.4137684078642523e+00 1.1815040164665745e-06
5.3926343787534113e-04 -6.7999999999985390e-04 0.0000000000000000e+00 0.0000000000000000e+00 3.4137682280933199e+00 1.2541953675048312e-06
5.5512412722461587e-04 -6.9999999999984766e-04 0.0000000000000000e+00 0.0000000000000000e+00 3.4137680483240342e+00 1.3290566188409439e-06
5.7098481657389061e-04 -7.1999999999983850e-04 0.0000000000000000e+00 0.0000000000000000e+00 3.4137678685577990e+00 1.4060877710095469e-06
5.8684550592316535e-04 -7.3999999999982641e-04 0.0000000000000000e+00 0.0000000000000000e+00 3.4137676887869524e+00 1.4852888245452915e-06
6.0270619527244009e-04 -7.5999999999980705e-04 0.0000000000000000e+00 0.0000000000000000e+00 3.4137675090183817e+00 1.5666597799828164e-06
6.1856688462171483e-04 -7.7999999999978521e-04 0.0000000000000000e+00 0.0000000000000000e+00 3.4137673292515021e+00 1.6502006378567854e-06
6.3442757397098957e-04 -7.9999999999975718e-04 0.0000000000000000e+00 0.0000000000000000e+00 3.4137671494802753e+00 1.7359113987018384e-06
6.5028826332026431e-04 -8.1999999999973424e-04 0.0000000000000000e+00 0.0000000000000000e+00 3.4137669697137487e+00 1.8237920630526610e-06
6.6614895266953905e-04 -8.3999999999971034e-04 0.0000000000000000e+00 0.0000000000000000e+00 3.4137667899446273e+00 1.9138426314438863e-06
6.8200964201881379e-04 -8.5999999999968393e-04 0.0000000000000000e+00 0.0000000000000000e+00 3.4137666101752409e+00 2.0060631044101610e-06
6.9787033136808852e-04 -8.7999999999966328e-04 0.0000000000000000e+00 0.0000000000000000e+00 3.4137664304088111e+00 2.1004534824861631e-06
7.1373102071736326e-04 -8.9999999999964544e-04 0.0000000000000000e+00 0.0000000000000000e+00 3.4137662506382984e+00 2.1970137662065363e-06
7.2959171006663800e-04 -9.1999999999962923e-04 0.0000000000000000e+00 0.0000000000000000e+00 3.4137660708725339e+00 2.2957439561059292e-06
7.4545239941591274e-04 -9.3999999999960380e-04 0.0000000000000000e+00 0.0000000000000000e+00 3.4137658911021704e+00 2.3966440527189554e-06
7.6131308876518748e-04 -9.5999999999958380e-04 0.0000000000000000e+00 0.0000000000000000e+00 3.4137657113359228e+00 2.4997140565803168e-06
7.7717377811446222e-04 -9.7999999999956954e-04 0.0000000000000000e+00 0.0000000000000000e+00 3.4137655315662729e+00 2.6049539682246674e-06
7.9303446746373696e-04 -9.9999999999955767e-04 0.0000000000000000e+00 0.0000000000000000e+00 3.4137653517995914e+00 2.7123637881866475e-06
8.0889515681301170e-04 -1.0199999999995484e-03 0.0000000000000000e+00 0.0000000000000000e+00 3.4137651720304083e+00 2.8219435170009108e-06
8.2475584616228644e-04 -1.0399999999995337e-03 0.0000000000000000e+00 0.0000000000000000e+00 3.4137649922637685e+00 2.9336931552020786e-06
8.4061653551156118e-04 -1.0599999999995229e-03 0.0000000000000000e+00 0.0000000000000000e+00 3.4137648124946076e+00 3.0476127033248383e-06
8.5647722486083592e-04 -1.0799999999995175e-03 0.0000000000000000e+00 0.0000000000000000e+00 3.4137646327283799e+00 3.1637021619038477e-06
8.7233791421011066e-04 -1.0999999999995133e-03 0.0000000000000000e+00 0.0000000000000000e+00 3.4137644529592461e+00 3.2819615314737425e-06
8.8819860355938540e-04 -1.1199999999994569e-03 0.0000000000000000e+00 0.0000000000000000e+00 3.4137642731931623e+00 3.4023908125689549e-06
9.0405929290866013e-04 -1.1399999999994010e-03 0.0000000000000000e+00 0.0000000000000000e+00 3.4137640934236742e+00 3.5249900057243463e-06
9.1991998225793487e-04 -1.1599999999993425e-03 0.0000000000000000e+00 0.0000000000000000e+00 3.4137639136579190e+00 3.6497591114745568e-06
9.3578067160720961e-04 -1.1799999999992747e-03 0.0000000000000000e+00 0.0000000000000000e+00 3.4137637338885631e+00 3.7766981303542042e-06
9.5164136095648435e-04 -1.1999999999992149e-03 0.0000000000000000e+00 0.0000000000000000e+00 3.4137635541228835e+00 3.9058070628980196e-06
9.6750205030575909e-04 -1.2199999999991601e-03 0.0000000000000000e+00 0.0000000000000000e+00 3.4137633743542910e+00 4.0370859096406401e-06
9.8336273965503383e-04 -1.2399999999990962e-03 0.0000000000000000e+00 0.0000000000000000e+00 3.4137631945876028e+00 4.1705346711166544e-06
9.9922342900430868e-04 -1.2599999999990290e-03 0.0000000000000000e+00 0.0000000000000000e+00 3.4137630148202844e+00 4.3061533478607403e-06
1.0150841183535835e-03 -1.2799999999989556e-03 0.0000000000000000e+00 0.0000000000000000e+00 3.4137628350523301e+00 4.4439419404075338e-06
1.0309448077028584e-03 -1.2999999999988800e-03 0.0000000000000000e+00 0.0000000000000000e+00 3.4137626552867020e+00 4.5839004492917068e-06
1.0468054970521332e-03 -1.3199999999988006e-03 0.0000000000000000e+00 0.0000000000000000e+00 3.4137624755179719e+00 4.7260288750478997e-06
1.0626661864014081e-03 -1.3399999999987200e-03 0.0000000000000000e+00 0.0000000000000000e+00 3.4137622957521918e+00 4.8703272182107783e-06
1.0785268757506829e-03 -1.3599999999986288e-03 0.0000000000000000e+00 0.0000000000000000e+00 3.4137621159846336e+00 5.0167954793149448e-06
1.0943875650999578e-03 -1.3799999999985452e-03 0.0000000000000000e+00 0.0000000000000000e+00 3.4137619362173255e+00 5.1654336588951432e-06
1.1102482544492326e-03 -1.3999999999984747e-03 0.0000000000000000e+00 0.0000000000000000e+00 3.4137617564518301e+00 5.3162417574860552e-06
1.1261089437985075e-03 -1.4199999999983913e-03 0.0000000000000000e+00 0.0000000000000000e+00 3.4137615766834393e+00 5.4692197756221986e-06
1.1419696331477823e-03 -1.4399999999983048e-03 0.0000000000000000e+00 0.0000000000000000e+00 3.4137613969176877e+00 5.6243677138382746e-06
1.1578303224970572e-03 -1.4599999999982045e-03 0.0000000000000000e+00 0.0000000000000000e+00 3.4137612171512250e+00 5.7816855726688755e-06
1.1736910118463320e-03 -1.4799999999981052e-03 0.0000000000000000e+00 0.0000000000000000e+00 3.4137610373836145e+00 5.9411733526487339e-06
1.1895517011956068e-03 -1.4999999999980003e-03 0.0000000000000000e+00 0.0000000000000000e+00 3.4137608576182585e+00 6.1028310543124607e-06
1.2054123905448817e-03 -1.5199999999978900e-03 0.0000000000000000e+00 0.0000000000000000e+00 3.4137606778509308e+00 6.2666586781947107e-06
1.2212730798941565e-03 -1.5399999999977706e-03 0.0000000000000000e+00 0.0000000000000000e+00 3.4137604980845029e+00 6.4326562248301116e-06
1.2371337692434314e-03 -1.5599999999977277e-03 0.0000000000000000e+00 0.0000000000000000e+00 3.4137603183190932e+00 6.6008236947538070e-06
1.2529944585927062e-03 -1.5799999999976883e-03 0.0000000000000000e+00 0.0000000000000000e+00 3.4137601385515079e+00 6.7711610885000408e-06
1.2688551479419811e-03 -1.5999999999976558e-03 0.0000000000000000e+00 0.0000000000000000e+00 3.4137599587857945e+00 6.9436684066034865e-06
1.2847158372912559e-03 -1.6199999999976186e-03 0.0000000000000000e+00 0.0000000000000000e+00 3.4137597790202219e+00 7.1183456495987218e-06
1.3005765266405308e-03 -1.6399999999975941e-03 0.0000000000000000e+00 0.0000000000000000e+00 3.4137595992528178e+00 7.2951928180205101e-06
1.3164372159898056e-03 -1.6599999999975825e-03 0.0000000000000000e+00 0.0000000000000000e+00 3.4137594194874690e+00 7.4742099124035018e-06
1.3322979053390805e-03 -1.6799999999975853e-03 0.0000000000000000e+00 0.0000000000000000e+00 3.4137592397218928e+00 7.6553969332823654e-06
1.3481585946883553e-03 -1.6999999999975813e-03 0.0000000000000000e+00 0.0000000000000000e+00 3.4137590599547525e+00 7.8387538811916176e-06
1.3640192840376302e-03 -1.7199999999975839e-03 0.0000000000000000e+00 0.0000000000000000e+00 3.4137588801895404e+00 8.0242807566659996e-06
1.3798799733869050e-03 -1.7399999999975944e-03 0.0000000000000000e+00 0.0000000000000000e+00 3.4137587004241858e+00 8.2119775602401705e-06
1.3957406627361799e-03 -1.7599999999976066e-03 0.0000000000000000e+00 0.0000000000000000e+00 3.4137585206571508e+00 8.4018442924487385e-06
1.4116013520854547e-03 -1.7799999999976194e-03 0.0000000000000000e+00 0.0000000000000000e+00 3.4137583408920364e+00 8.5938809538263576e-06
1.4274620414347296e-03 -1.7999999999976227e-03 0.0000000000000000e+00 0.0000000000000000e+00 3.4137581611270256e+00 8.7880875449076037e-06
1.4433227307840044e-03 -1.8199999999976223e-03 0.0000000000000000e+00 0.0000000000000000e+00 3.4137579813602037e+00 8.9844640662271734e-06
1.4591834201332793e-03 -1.8399999999976209e-03 0.0000000000000000e+00 0.0000000000000000e+00 3.4137578015952350e+00 9.1830105183197289e-06
1.4750441094825541e-03 -1.8599999999976123e-03 0.0000000000000000e+00 0.0000000000000000e+00 3.4137576218303121e+00 9.3837269017198820e-06
1.4909047988318290e-03 -1.8799999999975908e-03 0.0000000000000000e+00 0.0000000000000000e+00 3.4137574420639316e+00 9.5866132169622442e-06
1.5067654881811038e-03 -1.8999999999975647e-03 0.0000000000000000e+00 0.0000000000000000e+00 3.4137572622986183e+00 9.7916694645815237e-06
1.5226261775303786e-03 -1.9199999999975487e-03 0.0000000000000000e+00 0.0000000000000000e+00 3.4137570825340284e+00 9.9988956451124710e-06
1.5384868668796535e-03 -1.9399999999975351e-03 0.0000000000000000e+00 0.0000000000000000e+00 3.4137569027684149e+00 1.0208291759089689e-05
1.5543475562289283e-03 -1.9599999999975280e-03 0.0000000000000000e+00 0.0000000000000000e+00 3.4137567230025625e+00 1.0419857807047862e-05
1.5702082455782032e-03 -1.9799999999975150e-03 0.0000000000000000e+00 0.0000000000000000e+00 3.4137565432383035e+00 1.0633593789521543e-05
1.5860689349274780e-03 -1.9999999999975137e-03 0.0000000000000000e+00 0.0000000000000000e+00 3.4137563634734094e+00 1.0849499707045524e-05
