1.5860689349274746e-05 -1.9999999999999890e-05 0.0000000000000000e+00 0.0000000000000000e+00 3.4137743079542253e+00 1.0849410758039837e-09
3.1721378698549492e-05 -3.9999999999999827e-05 0.0000000000000000e+00 0.0000000000000000e+00 3.4137742758091489e+00 4.3397643670549534e-09
4.7582068047824238e-05 -5.9999999999999927e-05 0.0000000000000000e+00 0.0000000000000000e+00 3.4137742436704968e+00 9.7644699695114658e-09
6.3442757397098984e-05 -7.9999999999999492e-05 0.0000000000000000e+00 0.0000000000000000e+00 3.4137742114522385e+00 1.7359057978931867e-08
7.9303446746373723e-05 -9.9999999999999571e-05 0.0000000000000000e+00 0.0000000000000000e+00 3.4137741792761842e+00 2.7123528491074952e-08
9.5164136095648462e-05 -1.1999999999999886e-04 0.0000000000000000e+00 0.0000000000000000e+00 3.4137741470814498e+00 3.9057881601698771e-08
1.1102482544492320e-04 -1.3999999999999768e-04 0.0000000000000000e+00 0.0000000000000000e+00 3.4137741148709342e+00 5.3162117406561810e-08
1.2688551479419794e-04 -1.5999999999999562e-04 0.0000000000000000e+00 0.0000000000000000e+00 3.4137740826871918e+00 6.9436236001422271e-08
1.4274620414347268e-04 -1.7999999999999204e-04 0.0000000000000000e+00 0.0000000000000000e+00 3.4137740504913801e+00 8.7880237482038049e-08
1.5860689349274742e-04 -1.9999999999998854e-04 0.0000000000000000e+00 0.0000000000000000e+00 3.4137740182928473e+00 1.0849412194416852e-07
1.7446758284202216e-04 -2.1999999999998491e-04 0.0000000000000000e+00 0.0000000000000000e+00 3.4137739860911664e+00 1.3127788948357202e-07
1.9032827219129690e-04 -2.3999999999997995e-04 0.0000000000000000e+00 0.0000000000000000e+00 3.4137739538914480e+00 1.5623154019600598e-07
2.0618896154057164e-04 -2.5999999999997585e-04 0.0000000000000000e+00 0.0000000000000000e+00 3.4137739217007601e+00 1.8335507417723071e-07
2.2204965088984638e-04 -2.7999999999997162e-04 0.0000000000000000e+00 0.0000000000000000e+00 3.4137738894963476e+00 2.1264849152300401e-07
2.3791034023912112e-04 -2.9999999999996886e-04 0.0000000000000000e+00 0.0000000000000000e+00 3.4137738573035570e+00 2.4411179232908593e-07
2.5377102958839583e-04 -3.1999999999996788e-04 0.0000000000000000e+00 0.0000000000000000e+00 3.4137738251084779e+00 2.7774497669123584e-07
2.6963171893767057e-04 -3.3999999999996902e-04 0.0000000000000000e+00 0.0000000000000000e+00 3.4137737929054177e+00 3.1354804470521305e-07
2.8549240828694531e-04 -3.5999999999996988e-04 0.0000000000000000e+00 0.0000000000000000e+00 3.4137737607072332e+00 3.5152099646677341e-07
3.0135309763622004e-04 -3.7999999999997828e-04 0.0000000000000000e+00 0.0000000000000000e+00 3.4137737285114871e+00 3.9166383207168623e-07
3.1721378698549478e-04 -3.9999999999998988e-04 0.0000000000000000e+00 0.0000000000000000e+00 3.4137736963153262e+00 4.3397655161570524e-07
3.3307447633476952e-04 -4.1999999999999747e-04 0.0000000000000000e+00 0.0000000000000000e+00 3.4137736641183163e+00 4.7845915519457884e-07
3.4893516568404426e-04 -4.4000000000000246e-04 0.0000000000000000e+00 0.0000000000000000e+00 3.4137736319206331e+00 5.2511164290406648e-07
3.6479585503331900e-04 -4.6000000000000771e-04 0.0000000000000000e+00 0.0000000000000000e+00 3.4137735997224268e+00 5.7393401483993117e-07
3.8065654438259374e-04 -4.8000000000000944e-04 0.0000000000000000e+00 0.0000000000000000e+00 3.4137735675237870e+00 6.2492627109792511e-07
3.9651723373186848e-04 -5.0000000000001194e-04 0.0000000000000000e+00 0.0000000000000000e+00 3.4137735353258263e+00 6.7808841177381331e-07
4.1237792308114322e-04 -5.2000000000001513e-04 0.0000000000000000e+00 0.0000000000000000e+00 3.4137735031274850e+00 7.3342043696335466e-07
4.2823861243041796e-04 -5.4000000000002126e-04 0.0000000000000000e+00 0.0000000000000000e+00 3.4137734709312149e+00 7.9092234676231258e-07
4.4409930177969270e-04 -5.6000000000003074e-04 0.0000000000000000e+00 0.0000000000000000e+00 3.4137734387363334e+00 8.5059414126644658e-07
4.5995999112896744e-04 -5.8000000000004077e-04 0.0000000000000000e+00 0.0000000000000000e+00 3.4137734065386267e+00 9.1243582057151035e-07
4.7582068047824218e-04 -6.0000000000005600e-04 0.0000000000000000e+00 0.0000000000000000e+00 3.4137733743389584e+00 9.7644738477327207e-07
4.9168136982751692e-04 -6.2000000000007362e-04 0.0000000000000000e+00 0.0000000000000000e+00 3.4137733421397787e+00 1.0426288339674864e-06
5.0754205917679165e-04 -6.4000000000008874e-04 0.0000000000000000e+00 0.0000000000000000e+00 3.4137733099440459e+00 1.1109801682498994e-06
5.2340274852606639e-04 -6.6000000000010744e-04 0.0000000000000000e+00 0.0000000000000000e+00 3.4137732777477376e+00 1.1815013877162844e-06
5.3926343787534113e-04 -6.8000000000012376e-04 0.0000000000000000e+00 0.0000000000000000e+00 3.4137732455480641e+00 1.2541924924623863e-06
5.5512412722461587e-04 -7.0000000000013985e-04 0.0000000000000000e+00 0.0000000000000000e+00 3.4137732133499799e+00 1.3290534825839675e-06
5.7098481657389061e-04 -7.2000000000015595e-04 0.0000000000000000e+00 0.0000000000000000e+00 3.4137731811548897e+00 1.4060843581767876e-06
5.8684550592316535e-04 -7.4000000000017010e-04 0.0000000000000000e+00 0.0000000000000000e+00 3.4137731489551326e+00 1.4852851193366006e-06
6.0270619527244009e-04 -7.6000000000017677e-04 0.0000000000000000e+00 0.0000000000000000e+00 3.4137731167575929e+00 1.5666557661591482e-06
6.1856688462171483e-04 -7.8000000000018603e-04 0.0000000000000000e+00 0.0000000000000000e+00 3.4137730845616878e+00 1.6501962987402162e-06
6.3442757397098957e-04 -8.0000000000019715e-04 0.0000000000000000e+00 0.0000000000000000e+00 3.4137730523613796e+00 1.7359067171755621e-06
6.5028826332026431e-04 -8.2000000000020067e-04 0.0000000000000000e+00 0.0000000000000000e+00 3.4137730201657122e+00 1.8237870215609154e-06
6.6614895266953905e-04 -8.4000000000019964e-04 0.0000000000000000e+00 0.0000000000000000e+00 3.4137729879673957e+00 1.9138372119920435e-06
6.8200964201881379e-04 -8.6000000000019253e-04 0.0000000000000000e+00 0.0000000000000000e+00 3.4137729557687559e+00 2.0060572885646976e-06
6.9787033136808852e-04 -8.8000000000018792e-04 0.0000000000000000e+00 0.0000000000000000e+00 3.4137729235730161e+00 2.1004472513746641e-06
7.1373102071736326e-04 -9.0000000000017854e-04 0.0000000000000000e+00 0.0000000000000000e+00 3.4137728913731373e+00 2.1970071005176771e-06
7.2959171006663800e-04 -9.2000000000017654e-04 0.0000000000000000e+00 0.0000000000000000e+00 3.4137728591779486e+00 2.2957368360895357e-06
7.4545239941591274e-04 -9.4000000000017334e-04 0.0000000000000000e+00 0.0000000000000000e+00 3.4137728269781049e+00 2.3966364581859703e-06
7.6131308876518748e-04 -9.6000000000016276e-04 0.0000000000000000e+00 0.0000000000000000e+00 3.4137727947823202e+00 2.4997059669027167e-06
7.7717377811446222e-04 -9.8000000000014352e-04 0.0000000000000000e+00 0.0000000000000000e+00 3.4137727625830760e+00 2.6049453623355274e-06
7.9303446746373696e-04 -1.0000000000001186e-03 0.0000000000000000e+00 0.0000000000000000e+00 3.4137727303867424e+00 2.7123546445801717e-06
8.0889515681301170e-04 -1.0200000000001037e-03 0.0000000000000000e+00 0.0000000000000000e+00 3.4137726981878522e+00 2.8219338137324630e-06
8.2475584616228644e-04 -1.0400000000000795e-03 0.0000000000000000e+00 0.0000000000000000e+00 3.4137726659914467e+00 2.9336828698880899e-06
8.4061653551156118e-04 -1.0600000000000488e-03 0.0000000000000000e+00 0.0000000000000000e+00 3.4137726337924645e+00 3.0476018131428186e-06
8.5647722486083592e-04 -1.0800000000000252e-03 0.0000000000000000e+00 0.0000000000000000e+00 3.4137726015963579e+00 3.1636906435924614e-06
8.7233791421011066e-04 -1.1000000000000016e-03 0.0000000000000000e+00 0.0000000000000000e+00 3.4137725693972887e+00 3.2819493613327502e-06
8.8819860355938540e-04 -1.1199999999999409e-03 0.0000000000000000e+00 0.0000000000000000e+00 3.4137725372012118e+00 3.4023779664592881e-06
9.0405929290866013e-04 -1.1399999999998842e-03 0.0000000000000000e+00 0.0000000000000000e+00 3.4137725050016741e+00 3.5249764590679994e-06
9.1991998225793487e-04 -1.1599999999998189e-03 0.0000000000000000e+00 0.0000000000000000e+00 3.4137724728058125e+00 3.6497448392545898e-06
9.3578067160720961e-04 -1.1799999999997550e-03 0.0000000000000000e+00 0.0000000000000000e+00 3.4137724406062926e+00 3.7766831071148594e-06
9.5164136095648435e-04 -1.1999999999996965e-03 0.0000000000000000e+00 0.0000000000000000e+00 3.4137724084103929e+00 3.9057912627445850e-06
9.6750205030575909e-04 -1.2199999999996753e-03 0.0000000000000000e+00 0.0000000000000000e+00 3.4137723762115226e+00 4.0370693062396681e-06
9.8336273965503383e-04 -1.2399999999996476e-03 0.0000000000000000e+00 0.0000000000000000e+00 3.4137723440145016e+00 4.1705172376956782e-06
9.9922342900430868e-04 -1.2599999999996093e-03 0.0000000000000000e+00 0.0000000000000000e+00 3.4137723118167900e+00 4.3061350572083487e-06
1.0150841183535835e-03 -1.2799999999995736e-03 0.0000000000000000e+00 0.0000000000000000e+00 3.4137722796183887e+00 4.4439227648735043e-06
1.0309448077028584e-03 -1.2999999999995389e-03 0.0000000000000000e+00 0.0000000000000000e+00 3.4137722474222554e+00 4.5838803607868921e-06
1.0468054970521332e-03 -1.3199999999995162e-03 0.0000000000000000e+00 0.0000000000000000e+00 3.4137722152229619e+00 4.7260078450443241e-06
1.0626661864014081e-03 -1.3399999999994831e-03 0.0000000000000000e+00 0.0000000000000000e+00 3.4137721830265644e+00 4.8703052177414541e-06
1.0785268757506829e-03 -1.3599999999994502e-03 0.0000000000000000e+00 0.0000000000000000e+00 3.4137721508283274e+00 5.0167724789740873e-06
1.0943875650999578e-03 -1.3799999999994212e-03 0.0000000000000000e+00 0.0000000000000000e+00 3.4137721186302885e+00 5.1654096288380056e-06
1.1102482544492326e-03 -1.3999999999994054e-03 0.0000000000000000e+00 0.0000000000000000e+00 3.4137720864340033e+00 5.3162166674290125e-06
1.1261089437985075e-03 -1.4199999999993977e-03 0.0000000000000000e+00 0.0000000000000000e+00 3.4137720542347649e+00 5.4691935948428456e-06
1.1419696331477823e-03 -1.4399999999993791e-03 0.0000000000000000e+00 0.0000000000000000e+00 3.4137720220381116e+00 5.6243404111751612e-06
1.1578303224970572e-03 -1.4599999999993600e-03 0.0000000000000000e+00 0.0000000000000000e+00 3.4137719898406860e+00 5.7816571165217756e-06
1.1736910118463320e-03 -1.4799999999993382e-03 0.0000000000000000e+00 0.0000000000000000e+00 3.4137719576420595e+00 5.9411437109784291e-06
1.1895517011956068e-03 -1.4999999999993261e-03 0.0000000000000000e+00 0.0000000000000000e+00 3.4137719254456287e+00 6.1028001946409548e-06
1.2054123905448817e-03 -1.5199999999993227e-03 0.0000000000000000e+00 0.0000000000000000e+00 3.4137718932471688e+00 6.2666265676051049e-06
1.2212730798941565e-03 -1.5399999999993201e-03 0.0000000000000000e+00 0.0000000000000000e+00 3.4137718610495535e+00 6.4326228299665939e-06
1.2371337692434314e-03 -1.5599999999993735e-03 0.0000000000000000e+00 0.0000000000000000e+00 3.4137718288529002e+00 6.6007889818215001e-06
1.2529944585927062e-03 -1.5799999999994232e-03 0.0000000000000000e+00 0.0000000000000000e+00 3.4137717966540109e+00 6.7711250232652459e-06
1.2688551479419811e-03 -1.5999999999994814e-03 0.0000000000000000e+00 0.0000000000000000e+00 3.4137717644569388e+00 6.9436309543936579e-06
1.2847158372912559e-03 -1.6199999999995296e-03 0.0000000000000000e+00 0.0000000000000000e+00 3.4137717322599497e+00 7.1183067753023923e-06
1.3005765266405308e-03 -1.6399999999995652e-03 0.0000000000000000e+00 0.0000000000000000e+00 3.4137717000610737e+00 7.2951524860871833e-06
1.3164372159898056e-03 -1.6599999999996080e-03 0.0000000000000000e+00 0.0000000000000000e+00 3.4137716678641956e+00 7.4741680868439116e-06
1.3322979053390805e-03 -1.6799999999996607e-03 0.0000000000000000e+00 0.0000000000000000e+00 3.4137716356670325e+00 7.6553535776683531e-06
1.3481585946883553e-03 -1.6999999999997150e-03 0.0000000000000000e+00 0.0000000000000000e+00 3.4137716034682479e+00 7.8387089586562147e-06
1.3640192840376302e-03 -1.7199999999997682e-03 0.0000000000000000e+00 0.0000000000000000e+00 3.4137715712713370e+00 8.0242342299032426e-06
1.3798799733869050e-03 -1.7399999999998272e-03 0.0000000000000000e+00 0.0000000000000000e+00 3.4137715390742249e+00 8.2119293915052362e-06
1.3957406627361799e-03 -1.7599999999998689e-03 0.0000000000000000e+00 0.0000000000000000e+00 3.4137715068753760e+00 8.4017944435578068e-06
1.4116013520854547e-03 -1.7799999999999231e-03 0.0000000000000000e+00 0.0000000000000000e+00 3.4137714746783914e+00 8.5938293861569013e-06
1.4274620414347296e-03 -1.7999999999999741e-03 0.0000000000000000e+00 0.0000000000000000e+00 3.4137714424814507e+00 8.7880342193981801e-06
1.4433227307840044e-03 -1.8200000000000347e-03 0.0000000000000000e+00 0.0000000000000000e+00 3.4137714102826449e+00 8.9844089433774868e-06
1.4591834201332793e-03 -1.8400000000000909e-03 0.0000000000000000e+00 0.0000000000000000e+00 3.4137713780856354e+00 9.1829535581904870e-06
1.4750441094825541e-03 -1.8600000000001586e-03 0.0000000000000000e+00 0.0000000000000000e+00 3.4137713458886130e+00 9.3836680639330427e-06
1.4909047988318290e-03 -1.8800000000002168e-03 0.0000000000000000e+00 0.0000000000000000e+00 3.4137713136900758e+00 9.5865524607007772e-06
1.5067654881811038e-03 -1.9000000000002591e-03 0.0000000000000000e+00 0.0000000000000000e+00 3.4137712814925520e+00 9.7916067485893951e-06
1.5226261775303786e-03 -1.9200000000003140e-03 0.0000000000000000e+00 0.0000000000000000e+00 3.4137712492956918e+00 9.9988309276948583e-06
1.5384868668796535e-03 -1.9400000000003577e-03 0.0000000000000000e+00 0.0000000000000000e+00 3.4137712170977510e+00 1.0208224998112756e-05
1.5543475562289283e-03 -1.9600000000004176e-03 0.0000000000000000e+00 0.0000000000000000e+00 3.4137711848995163e+00 1.0419788959939041e-05
1.5702082455782032e-03 -1.9800000000004961e-03 0.0000000000000000e+00 0.0000000000000000e+00 3.4137711527028176e+00 1.0633522813269495e-05
1.5860689349274780e-03 -2.0000000000005742e-03 0.0000000000000000e+00 0.0000000000000000e+00 3.4137711205054262e+00 1.0849426558199738e-05
