8.7644715214029378e-06 -1.9999999999999998e-05 0.0000000000000000e+00 0.0000000000000000e+00 4.9470212473818673e+00 3.8255746920050437e-10
1.7528943042805876e-05 -4.0000000000000024e-05 0.0000000000000000e+00 0.0000000000000000e+00 4.9470201895625427e+00 1.5302302907268947e-09
2.6293414564208815e-05 -6.0000000000000042e-05 0.0000000000000000e+00 0.0000000000000000e+00 4.9470191318028238e+00 3.4430190854664831e-09
3.5057886085611758e-05 -8.0000000000000061e-05 0.0000000000000000e+00 0.0000000000000000e+00 4.9470180740835206e+00 6.1209244743065821e-09
4.3822357607014701e-05 -1.0000000000000006e-04 0.0000000000000000e+00 0.0000000000000000e+00 4.9470170163882647e+00 9.5639470781345031e-09
5.2586829128417644e-05 -1.2000000000000003e-04 0.0000000000000000e+00 0.0000000000000000e+00 4.9470159586213072e+00 1.3772087517837553e-08
6.1351300649820594e-05 -1.3999999999999999e-04 0.0000000000000000e+00 0.0000000000000000e+00 4.9470149008691884e+00 1.8745346414303043e-08
7.0115772171223543e-05 -1.5999999999999996e-04 0.0000000000000000e+00 0.0000000000000000e+00 4.9470138431111446e+00 2.4483724388418298e-08
7.8880243692626493e-05 -1.8000000000000001e-04 0.0000000000000000e+00 0.0000000000000000e+00 4.9470127853776535e+00 3.0987222061070648e-08
8.7644715214029443e-05 -2.0000000000000009e-04 0.0000000000000000e+00 0.0000000000000000e+00 4.9470117276613959e+00 3.8255840053147397e-08
9.6409186735432393e-05 -2.2000000000000020e-04 0.0000000000000000e+00 0.0000000000000000e+00 4.9470106699476641e+00 4.6289578985535868e-08
1.0517365825683534e-04 -2.4000000000000041e-04 0.0000000000000000e+00 0.0000000000000000e+00 4.9470096121959282e+00 5.5088439479123394e-08
1.1393812977823829e-04 -2.6000000000000074e-04 0.0000000000000000e+00 0.0000000000000000e+00 4.9470085545002069e+00 6.4652422154797320e-08
1.2270260129964124e-04 -2.8000000000000106e-04 0.0000000000000000e+00 0.0000000000000000e+00 4.9470074967645630e+00 7.4981527633444888e-08
1.3146707282104419e-04 -3.0000000000000149e-04 0.0000000000000000e+00 0.0000000000000000e+00 4.9470064390518349e+00 8.6075756535953504e-08
1.4023154434244714e-04 -3.2000000000000203e-04 0.0000000000000000e+00 0.0000000000000000e+00 4.9470053813556101e+00 9.7935109483210467e-08
1.4899601586385009e-04 -3.4000000000000252e-04 0.0000000000000000e+00 0.0000000000000000e+00 4.9470043236538732e+00 1.1055958709610298e-07
1.5776048738525304e-04 -3.6000000000000311e-04 0.0000000000000000e+00 0.0000000000000000e+00 4.9470032659503671e+00 1.2394918999551856e-07
1.6652495890665599e-04 -3.8000000000000376e-04 0.0000000000000000e+00 0.0000000000000000e+00 4.9470022082491356e+00 1.3810391880234433e-07
1.7528943042805894e-04 -4.0000000000000463e-04 0.0000000000000000e+00 0.0000000000000000e+00 4.9470011505547662e+00 1.5302377413746784e-07
1.8405390194946189e-04 -4.2000000000000528e-04 0.0000000000000000e+00 0.0000000000000000e+00 4.9470000928670705e+00 1.6870875662177610e-07
1.9281837347086484e-04 -4.4000000000000576e-04 0.0000000000000000e+00 0.0000000000000000e+00 4.9469990351852910e+00 1.8515886687615639e-07
2.0158284499226779e-04 -4.6000000000000636e-04 0.0000000000000000e+00 0.0000000000000000e+00 4.9469979775068653e+00 2.0237410552149626e-07
2.1034731651367074e-04 -4.8000000000000717e-04 0.0000000000000000e+00 0.0000000000000000e+00 4.9469969198294548e+00 2.2035447317868315e-07
2.1911178803507369e-04 -5.0000000000000793e-04 0.0000000000000000e+00 0.0000000000000000e+00 4.9469958621532237e+00 2.3909997046860410e-07
2.2787625955647664e-04 -5.2000000000000863e-04 0.0000000000000000e+00 0.0000000000000000e+00 4.9469948044789227e+00 2.5861059801214641e-07
2.3664073107787959e-04 -5.4000000000000911e-04 0.0000000000000000e+00 0.0000000000000000e+00 4.9469937468129244e+00 2.7888635643019728e-07
2.4540520259928254e-04 -5.6000000000000960e-04 0.0000000000000000e+00 0.0000000000000000e+00 4.9469926891609157e+00 2.9992724634364426e-07
2.5416967412068549e-04 -5.8000000000001041e-04 0.0000000000000000e+00 0.0000000000000000e+00 4.9469916315081237e+00 3.2173326837337493e-07
2.6293414564208844e-04 -6.0000000000001144e-04 0.0000000000000000e+00 0.0000000000000000e+00 4.9469905738497086e+00 3.4430442314027647e-07
2.7169861716349139e-04 -6.2000000000001236e-04 0.0000000000000000e+00 0.0000000000000000e+00 4.9469895161989044e+00 3.6764071126523594e-07
2.8046308868489434e-04 -6.4000000000001328e-04 0.0000000000000000e+00 0.0000000000000000e+00 4.9469884585651425e+00 3.9174213336914071e-07
2.8922756020629729e-04 -6.6000000000001398e-04 0.0000000000000000e+00 0.0000000000000000e+00 4.9469874009220343e+00 4.1660869007287790e-07
2.9799203172770024e-04 -6.8000000000001490e-04 0.0000000000000000e+00 0.0000000000000000e+00 4.9469863432809618e+00 4.4224038199733526e-07
3.0675650324910319e-04 -7.0000000000001561e-04 0.0000000000000000e+00 0.0000000000000000e+00 4.9469852856592818e+00 4.6863720976339970e-07
3.1552097477050614e-04 -7.2000000000001620e-04 0.0000000000000000e+00 0.0000000000000000e+00 4.9469842280272989e+00 4.9579917399195853e-07
3.2428544629190908e-04 -7.4000000000001679e-04 0.0000000000000000e+00 0.0000000000000000e+00 4.9469831704021514e+00 5.2372627530389920e-07
3.3304991781331203e-04 -7.6000000000001706e-04 0.0000000000000000e+00 0.0000000000000000e+00 4.9469821127901517e+00 5.5241851432010860e-07
3.4181438933471498e-04 -7.8000000000001712e-04 0.0000000000000000e+00 0.0000000000000000e+00 4.9469810551678313e+00 5.8187589166147428e-07
3.5057886085611793e-04 -8.0000000000001695e-04 0.0000000000000000e+00 0.0000000000000000e+00 4.9469799975649940e+00 6.1209840794888344e-07
3.5934333237752088e-04 -8.2000000000001646e-04 0.0000000000000000e+00 0.0000000000000000e+00 4.9469789399539899e+00 6.4308606380322322e-07
3.6810780389892383e-04 -8.4000000000001597e-04 0.0000000000000000e+00 0.0000000000000000e+00 4.9469778823530088e+00 6.7483885984538125e-07
3.7687227542032678e-04 -8.6000000000001559e-04 0.0000000000000000e+00 0.0000000000000000e+00 4.9469768247561952e+00 7.0735679669624517e-07
3.8563674694172973e-04 -8.8000000000001510e-04 0.0000000000000000e+00 0.0000000000000000e+00 4.9469757671589552e+00 7.4063987497670200e-07
3.9440121846313268e-04 -9.0000000000001505e-04 0.0000000000000000e+00 0.0000000000000000e+00 4.9469747095737127e+00 7.7468809530763970e-07
4.0316568998453563e-04 -9.2000000000001477e-04 0.0000000000000000e+00 0.0000000000000000e+00 4.9469736519829439e+00 8.0950145830994475e-07
4.1193016150593858e-04 -9.4000000000001483e-04 0.0000000000000000e+00 0.0000000000000000e+00 4.9469725944069687e+00 8.4507996460450531e-07
4.2069463302734153e-04 -9.6000000000001477e-04 0.0000000000000000e+00 0.0000000000000000e+00 4.9469715368241669e+00 8.8142361481220776e-07
4.2945910454874448e-04 -9.8000000000001428e-04 0.0000000000000000e+00 0.0000000000000000e+00 4.9469704792563149e+00 9.1853240955393933e-07
4.3822357607014743e-04 -1.0000000000000139e-03 0.0000000000000000e+00 0.0000000000000000e+00 4.9469694216823861e+00 9.5640634945058777e-07
4.4698804759155038e-04 -1.0200000000000135e-03 0.0000000000000000e+00 0.0000000000000000e+00 4.9469683641217923e+00 9.9504543512304039e-07
4.5575251911295333e-04 -1.0400000000000127e-03 0.0000000000000000e+00 0.0000000000000000e+00 4.9469673065577355e+00 1.0344496671921838e-06
4.6451699063435628e-04 -1.0600000000000117e-03 0.0000000000000000e+00 0.0000000000000000e+00 4.9469662490032897e+00 1.0746190462789056e-06
4.7328146215575923e-04 -1.0800000000000106e-03 0.0000000000000000e+00 0.0000000000000000e+00 4.9469651914505040e+00 1.1155535730040935e-06
4.8204593367716218e-04 -1.1000000000000096e-03 0.0000000000000000e+00 0.0000000000000000e+00 4.9469641339008179e+00 1.1572532479886349e-06
4.9081040519856518e-04 -1.1200000000000088e-03 0.0000000000000000e+00 0.0000000000000000e+00 4.9469630763601149e+00 1.1997180718534172e-06
4.9957487671996813e-04 -1.1400000000000082e-03 0.0000000000000000e+00 0.0000000000000000e+00 4.9469620188149861e+00 1.2429480452193279e-06
5.0833934824137108e-04 -1.1600000000000076e-03 0.0000000000000000e+00 0.0000000000000000e+00 4.9469609612843053e+00 1.2869431687072541e-06
5.1710381976277403e-04 -1.1800000000000074e-03 0.0000000000000000e+00 0.0000000000000000e+00 4.9469599037471923e+00 1.3317034429380838e-06
5.2586829128417698e-04 -1.2000000000000079e-03 0.0000000000000000e+00 0.0000000000000000e+00 4.9469588462234819e+00 1.3772288685327050e-06
5.3463276280557993e-04 -1.2200000000000082e-03 0.0000000000000000e+00 0.0000000000000000e+00 4.9469577886986560e+00 1.4235194461120030e-06
5.4339723432698288e-04 -1.2400000000000085e-03 0.0000000000000000e+00 0.0000000000000000e+00 4.9469567311779432e+00 1.4705751762968657e-06
5.5216170584838583e-04 -1.2600000000000083e-03 0.0000000000000000e+00 0.0000000000000000e+00 4.9469556736665830e+00 1.5183960597081794e-06
5.6092617736978878e-04 -1.2800000000000079e-03 0.0000000000000000e+00 0.0000000000000000e+00 4.9469546161503057e+00 1.5669820969668320e-06
5.6969064889119173e-04 -1.3000000000000069e-03 0.0000000000000000e+00 0.0000000000000000e+00 4.9469535586472908e+00 1.6163332886937095e-06
5.7845512041259468e-04 -1.3200000000000054e-03 0.0000000000000000e+00 0.0000000000000000e+00 4.9469525011433859e+00 1.6664496355097000e-06
5.8721959193399763e-04 -1.3400000000000042e-03 0.0000000000000000e+00 0.0000000000000000e+00 4.9469514436427335e+00 1.7173311380356920e-06
5.9598406345540058e-04 -1.3600000000000031e-03 0.0000000000000000e+00 0.0000000000000000e+00 4.9469503861521549e+00 1.7689777968925731e-06
6.0474853497680353e-04 -1.3800000000000021e-03 0.0000000000000000e+00 0.0000000000000000e+00 4.9469493286576087e+00 1.8213896127012300e-06
6.1351300649820648e-04 -1.4000000000000017e-03 0.0000000000000000e+00 0.0000000000000000e+00 4.9469482711730768e+00 1.8745665860825511e-06
6.2227747801960943e-04 -1.4200000000000011e-03 0.0000000000000000e+00 0.0000000000000000e+00 4.9469472136931962e+00 1.9285087176574225e-06
6.3104194954101238e-04 -1.4400000000000001e-03 0.0000000000000000e+00 0.0000000000000000e+00 4.9469461562106902e+00 1.9832160080467312e-06
6.3980642106241533e-04 -1.4599999999999997e-03 0.0000000000000000e+00 0.0000000000000000e+00 4.9469450987400858e+00 2.0386884578713653e-06
6.4857089258381828e-04 -1.4799999999999987e-03 0.0000000000000000e+00 0.0000000000000000e+00 4.9469440412706858e+00 2.0949260677522108e-06
6.5733536410522123e-04 -1.4999999999999974e-03 0.0000000000000000e+00 0.0000000000000000e+00 4.9469429838016801e+00 2.1519288383101558e-06
6.6609983562662418e-04 -1.5199999999999968e-03 0.0000000000000000e+00 0.0000000000000000e+00 4.9469419263437544e+00 2.2096967701660885e-06
6.7486430714802713e-04 -1.5399999999999960e-03 0.0000000000000000e+00 0.0000000000000000e+00 4.9469408688856928e+00 2.2682298639408954e-06
6.8362877866943008e-04 -1.5599999999999948e-03 0.0000000000000000e+00 0.0000000000000000e+00 4.9469398114299459e+00 2.3275281202554631e-06
6.9239325019083303e-04 -1.5799999999999937e-03 0.0000000000000000e+00 0.0000000000000000e+00 4.9469387539843011e+00 2.3875915397306791e-06
7.0115772171223598e-04 -1.5999999999999931e-03 0.0000000000000000e+00 0.0000000000000000e+00 4.9469376965384866e+00 2.4484201229874330e-06
7.0992219323363893e-04 -1.6199999999999921e-03 0.0000000000000000e+00 0.0000000000000000e+00 4.9469366390952967e+00 2.5100138706466099e-06
7.1868666475504188e-04 -1.6399999999999909e-03 0.0000000000000000e+00 0.0000000000000000e+00 4.9469355816618545e+00 2.5723727833290966e-06
7.2745113627644483e-04 -1.6599999999999887e-03 0.0000000000000000e+00 0.0000000000000000e+00 4.9469345242289648e+00 2.6354968616557788e-06
7.3621560779784778e-04 -1.6799999999999873e-03 0.0000000000000000e+00 0.0000000000000000e+00 4.9469334667977840e+00 2.6993861062475481e-06
7.4498007931925072e-04 -1.6999999999999858e-03 0.0000000000000000e+00 0.0000000000000000e+00 4.9469324093763927e+00 2.7640405177252911e-06
7.5374455084065367e-04 -1.7199999999999839e-03 0.0000000000000000e+00 0.0000000000000000e+00 4.9469313519569722e+00 2.8294600967098927e-06
7.6250902236205662e-04 -1.7399999999999822e-03 0.0000000000000000e+00 0.0000000000000000e+00 4.9469302945376352e+00 2.8956448438222411e-06
7.7127349388345957e-04 -1.7599999999999810e-03 0.0000000000000000e+00 0.0000000000000000e+00 4.9469292371278701e+00 2.9625947596832265e-06
7.8003796540486252e-04 -1.7799999999999789e-03 0.0000000000000000e+00 0.0000000000000000e+00 4.9469281797219029e+00 3.0303098449137310e-06
7.8880243692626547e-04 -1.7999999999999770e-03 0.0000000000000000e+00 0.0000000000000000e+00 4.9469271223152091e+00 3.0987901001346452e-06
7.9756690844766842e-04 -1.8199999999999751e-03 0.0000000000000000e+00 0.0000000000000000e+00 4.9469260649163367e+00 3.1680355259668563e-06
8.0633137996907137e-04 -1.8399999999999727e-03 0.0000000000000000e+00 0.0000000000000000e+00 4.9469250075235331e+00 3.2380461230312499e-06
8.1509585149047432e-04 -1.8599999999999708e-03 0.0000000000000000e+00 0.0000000000000000e+00 4.9469239501307998e+00 3.3088218919487162e-06
8.2386032301187727e-04 -1.8799999999999687e-03 0.0000000000000000e+00 0.0000000000000000e+00 4.9469228927422018e+00 3.3803628333401405e-06
8.3262479453328022e-04 -1.8999999999999662e-03 0.0000000000000000e+00 0.0000000000000000e+00 4.9469218353618274e+00 3.4526689478264087e-06
8.4138926605468317e-04 -1.9199999999999643e-03 0.0000000000000000e+00 0.0000000000000000e+00 4.9469207779838529e+00 3.5257402360284118e-06
8.5015373757608612e-04 -1.9399999999999624e-03 0.0000000000000000e+00 0.0000000000000000e+00 4.9469197206062505e+00 3.5995766985670362e-06
8.5891820909748907e-04 -1.9599999999999600e-03 0.0000000000000000e+00 0.0000000000000000e+00 4.9469186632367661e+00 3.6741783360631667e-06
8.6768268061889202e-04 -1.9799999999999584e-03 0.0000000000000000e+00 0.0000000000000000e+00 4.9469176058725681e+00 3.7495451491376941e-06
8.7644715214029497e-04 -1.9999999999999571e-03 0.0000000000000000e+00 0.0000000000000000e+00 4.9469165485090514e+00 3.8256771384115059e-06
