8.7644715214029378e-06 -2.0000000000000002e-05 0.0000000000000000e+00 0.0000000000000000e+00 4.9470207529067203e+00 3.8255751757485739e-10
1.7528943042805876e-05 -4.0000000000000017e-05 0.0000000000000000e+00 0.0000000000000000e+00 4.9470192006170270e+00 1.5302306777217173e-09
2.6293414564208815e-05 -6.0000000000000002e-05 0.0000000000000000e+00 0.0000000000000000e+00 4.9470176483917179e+00 3.4430203915740063e-09
3.5057886085611758e-05 -8.0000000000000020e-05 0.0000000000000000e+00 0.0000000000000000e+00 4.9470160962116010e+00 6.1209275702651614e-09
4.3822357607014701e-05 -1.0000000000000003e-04 0.0000000000000000e+00 0.0000000000000000e+00 4.9470145440603117e+00 9.5639531249286085e-09
5.2586829128417644e-05 -1.1999999999999999e-04 0.0000000000000000e+00 0.0000000000000000e+00 4.9470129918420946e+00 1.3772097966697765e-08
6.1351300649820594e-05 -1.3999999999999996e-04 0.0000000000000000e+00 0.0000000000000000e+00 4.9470114396435036e+00 1.8745363006706079e-08
7.0115772171223543e-05 -1.5999999999999990e-04 0.0000000000000000e+00 0.0000000000000000e+00 4.9470098874437571e+00 2.4483749156086955e-08
7.8880243692626493e-05 -1.7999999999999993e-04 0.0000000000000000e+00 0.0000000000000000e+00 4.9470083352733427e+00 3.0987257325973871e-08
8.7644715214029443e-05 -1.9999999999999990e-04 0.0000000000000000e+00 0.0000000000000000e+00 4.9470067831249427e+00 3.8255888427500221e-08
9.6409186735432393e-05 -2.1999999999999995e-04 0.0000000000000000e+00 0.0000000000000000e+00 4.9470052309838364e+00 4.6289643371799462e-08
1.0517365825683534e-04 -2.4000000000000001e-04 0.0000000000000000e+00 0.0000000000000000e+00 4.9470036788095104e+00 5.5088523070005011e-08
1.1393812977823829e-04 -2.6000000000000014e-04 0.0000000000000000e+00 0.0000000000000000e+00 4.9470021266959732e+00 6.4652528433250336e-08
1.2270260129964124e-04 -2.8000000000000041e-04 0.0000000000000000e+00 0.0000000000000000e+00 4.9470005745472969e+00 7.4981660372668887e-08
1.3146707282104419e-04 -3.0000000000000068e-04 0.0000000000000000e+00 0.0000000000000000e+00 4.9469990224263025e+00 8.6075919799394047e-08
1.4023154434244714e-04 -3.2000000000000100e-04 0.0000000000000000e+00 0.0000000000000000e+00 4.9469974703265942e+00 9.7935307624559305e-08
1.4899601586385009e-04 -3.4000000000000138e-04 0.0000000000000000e+00 0.0000000000000000e+00 4.9469959182261531e+00 1.1055982475929804e-07
1.5776048738525304e-04 -3.6000000000000181e-04 0.0000000000000000e+00 0.0000000000000000e+00 4.9469943661287212e+00 1.2394947211474373e-07
1.6652495890665599e-04 -3.8000000000000241e-04 0.0000000000000000e+00 0.0000000000000000e+00 4.9469928140383361e+00 1.3810425060202984e-07
1.7528943042805894e-04 -4.0000000000000316e-04 0.0000000000000000e+00 0.0000000000000000e+00 4.9469912619595906e+00 1.5302416113228991e-07
1.8405390194946189e-04 -4.2000000000000392e-04 0.0000000000000000e+00 0.0000000000000000e+00 4.9469897098922937e+00 1.6870920461665717e-07
1.9281837347086484e-04 -4.4000000000000452e-04 0.0000000000000000e+00 0.0000000000000000e+00 4.9469881578356878e+00 1.8515938196626493e-07
2.0158284499226779e-04 -4.6000000000000495e-04 0.0000000000000000e+00 0.0000000000000000e+00 4.9469866057872096e+00 2.0237469409224669e-07
2.1034731651367074e-04 -4.8000000000000527e-04 0.0000000000000000e+00 0.0000000000000000e+00 4.9469850537445250e+00 2.2035514190573582e-07
2.1911178803507369e-04 -5.0000000000000543e-04 0.0000000000000000e+00 0.0000000000000000e+00 4.9469835017077939e+00 2.3910072631786579e-07
2.2787625955647664e-04 -5.2000000000000559e-04 0.0000000000000000e+00 0.0000000000000000e+00 4.9469819496777712e+00 2.5861144823976996e-07
2.3664073107787959e-04 -5.4000000000000575e-04 0.0000000000000000e+00 0.0000000000000000e+00 4.9469803976608322e+00 2.7888730858258207e-07
2.4540520259928254e-04 -5.6000000000000602e-04 0.0000000000000000e+00 0.0000000000000000e+00 4.9469788456626578e+00 2.9992830825743530e-07
2.5416967412068549e-04 -5.8000000000000640e-04 0.0000000000000000e+00 0.0000000000000000e+00 4.9469772936684642e+00 3.2173444817546335e-07
2.6293414564208844e-04 -6.0000000000000656e-04 0.0000000000000000e+00 0.0000000000000000e+00 4.9469757416734268e+00 3.4430572924779934e-07
2.7169861716349139e-04 -6.2000000000000651e-04 0.0000000000000000e+00 0.0000000000000000e+00 4.9469741896907848e+00 3.6764215238557639e-07
2.8046308868489434e-04 -6.4000000000000634e-04 0.0000000000000000e+00 0.0000000000000000e+00 4.9469726377299530e+00 3.9174371849992835e-07
2.8922756020629729e-04 -6.6000000000000628e-04 0.0000000000000000e+00 0.0000000000000000e+00 4.9469710857645453e+00 4.1661042850198877e-07
2.9799203172770024e-04 -6.8000000000000601e-04 0.0000000000000000e+00 0.0000000000000000e+00 4.9469695338059578e+00 4.4224228330289061e-07
3.0675650324910319e-04 -7.0000000000000574e-04 0.0000000000000000e+00 0.0000000000000000e+00 4.9469679818715324e+00 4.6863928381376773e-07
3.1552097477050614e-04 -7.2000000000000514e-04 0.0000000000000000e+00 0.0000000000000000e+00 4.9469664299315745e+00 4.9580143094575303e-07
3.2428544629190908e-04 -7.4000000000000422e-04 0.0000000000000000e+00 0.0000000000000000e+00 4.9469648780032394e+00 5.2372872560997974e-07
3.3304991781331203e-04 -7.6000000000000308e-04 0.0000000000000000e+00 0.0000000000000000e+00 4.9469633260928125e+00 5.5242116871758188e-07
3.4181438933471498e-04 -7.8000000000000226e-04 0.0000000000000000e+00 0.0000000000000000e+00 4.9469617741768461e+00 5.8187876117969319e-07
3.5057886085611793e-04 -8.0000000000000134e-04 0.0000000000000000e+00 0.0000000000000000e+00 4.9469602222851412e+00 6.1210150390744639e-07
3.5934333237752088e-04 -8.2000000000000031e-04 0.0000000000000000e+00 0.0000000000000000e+00 4.9469586703900319e+00 6.4308939781197553e-07
3.6810780389892383e-04 -8.3999999999999949e-04 0.0000000000000000e+00 0.0000000000000000e+00 4.9469571185097365e+00 6.7484244380441384e-07
3.7687227542032678e-04 -8.5999999999999824e-04 0.0000000000000000e+00 0.0000000000000000e+00 4.9469555666383611e+00 7.0736064279589424e-07
3.8563674694172973e-04 -8.7999999999999700e-04 0.0000000000000000e+00 0.0000000000000000e+00 4.9469540147713538e+00 7.4064399569755046e-07
3.9440121846313268e-04 -8.9999999999999553e-04 0.0000000000000000e+00 0.0000000000000000e+00 4.9469524629211010e+00 7.7469250342051584e-07
4.0316568998453563e-04 -9.1999999999999428e-04 0.0000000000000000e+00 0.0000000000000000e+00 4.9469509110701084e+00 8.0950616687592457e-07
4.1193016150593858e-04 -9.3999999999999303e-04 0.0000000000000000e+00 0.0000000000000000e+00 4.9469493592386717e+00 8.4508498697490933e-07
4.2069463302734153e-04 -9.5999999999999222e-04 0.0000000000000000e+00 0.0000000000000000e+00 4.9469478074051914e+00 8.8142896462860451e-07
4.2945910454874448e-04 -9.7999999999999151e-04 0.0000000000000000e+00 0.0000000000000000e+00 4.9469462555914241e+00 9.1853810074814324e-07
4.3822357607014743e-04 -9.9999999999999091e-04 0.0000000000000000e+00 0.0000000000000000e+00 4.9469447037763654e+00 9.5641239624465862e-07
4.4698804759155038e-04 -1.0199999999999901e-03 0.0000000000000000e+00 0.0000000000000000e+00 4.9469431519794007e+00 9.9505185202928347e-07
4.5575251911295333e-04 -1.0399999999999897e-03 0.0000000000000000e+00 0.0000000000000000e+00 4.9469416001837612e+00 1.0344564690131529e-06
4.6451699063435628e-04 -1.0599999999999893e-03 0.0000000000000000e+00 0.0000000000000000e+00 4.9469400484024897e+00 1.0746262481073993e-06
4.7328146215575923e-04 -1.0799999999999892e-03 0.0000000000000000e+00 0.0000000000000000e+00 4.9469384966276690e+00 1.1155611902231559e-06
4.8204593367716218e-04 -1.0999999999999892e-03 0.0000000000000000e+00 0.0000000000000000e+00 4.9469369448607008e+00 1.1572612962715572e-06
4.9081040519856518e-04 -1.1199999999999895e-03 0.0000000000000000e+00 0.0000000000000000e+00 4.9469353931075055e+00 1.1997265671637358e-06
4.9957487671996813e-04 -1.1399999999999895e-03 0.0000000000000000e+00 0.0000000000000000e+00 4.9469338413546415e+00 1.2429570038108248e-06
5.0833934824137108e-04 -1.1599999999999894e-03 0.0000000000000000e+00 0.0000000000000000e+00 4.9469322896210084e+00 1.2869526071239576e-06
5.1710381976277403e-04 -1.1799999999999894e-03 0.0000000000000000e+00 0.0000000000000000e+00 4.9469307378857152e+00 1.3317133780142682e-06
5.2586829128417698e-04 -1.1999999999999899e-03 0.0000000000000000e+00 0.0000000000000000e+00 4.9469291861685871e+00 1.3772393173928906e-06
5.3463276280557993e-04 -1.2199999999999900e-03 0.0000000000000000e+00 0.0000000000000000e+00 4.9469276344551325e+00 1.4235304261709563e-06
5.4339723432698288e-04 -1.2399999999999898e-03 0.0000000000000000e+00 0.0000000000000000e+00 4.9469260827505410e+00 1.4705867052595998e-06
5.5216170584838583e-04 -1.2599999999999896e-03 0.0000000000000000e+00 0.0000000000000000e+00 4.9469245310600893e+00 1.5184081555699543e-06
5.6092617736978878e-04 -1.2799999999999895e-03 0.0000000000000000e+00 0.0000000000000000e+00 4.9469229793694893e+00 1.5669947780131535e-06
5.6969064889119173e-04 -1.2999999999999897e-03 0.0000000000000000e+00 0.0000000000000000e+00 4.9469214276969158e+00 1.6163465735003317e-06
5.7845512041259468e-04 -1.3199999999999896e-03 0.0000000000000000e+00 0.0000000000000000e+00 4.9469198760282422e+00 1.6664635429426203e-06
5.8721959193399763e-04 -1.3399999999999896e-03 0.0000000000000000e+00 0.0000000000000000e+00 4.9469183243675694e+00 1.7173456872511547e-06
5.9598406345540058e-04 -1.3599999999999895e-03 0.0000000000000000e+00 0.0000000000000000e+00 4.9469167727217558e+00 1.7689930073370671e-06
6.0474853497680353e-04 -1.3799999999999897e-03 0.0000000000000000e+00 0.0000000000000000e+00 4.9469152210767460e+00 1.8214055041114921e-06
6.1351300649820648e-04 -1.3999999999999902e-03 0.0000000000000000e+00 0.0000000000000000e+00 4.9469136694465075e+00 1.8745831784855625e-06
6.2227747801960943e-04 -1.4199999999999907e-03 0.0000000000000000e+00 0.0000000000000000e+00 4.9469121178257094e+00 1.9285260313704117e-06
6.3104194954101238e-04 -1.4399999999999914e-03 0.0000000000000000e+00 0.0000000000000000e+00 4.9469105662070456e+00 1.9832340636771744e-06
6.3980642106241533e-04 -1.4599999999999923e-03 0.0000000000000000e+00 0.0000000000000000e+00 4.9469090146050538e+00 2.0387072763169820e-06
6.4857089258381828e-04 -1.4799999999999935e-03 0.0000000000000000e+00 0.0000000000000000e+00 4.9469074630090493e+00 2.0949456702009703e-06
6.5733536410522123e-04 -1.4999999999999953e-03 0.0000000000000000e+00 0.0000000000000000e+00 4.9469059114181917e+00 2.1519492462402717e-06
6.6609983562662418e-04 -1.5199999999999966e-03 0.0000000000000000e+00 0.0000000000000000e+00 4.9469043598431917e+00 2.2097180053460191e-06
6.7486430714802713e-04 -1.5399999999999982e-03 0.0000000000000000e+00 0.0000000000000000e+00 4.9469028082728386e+00 2.2682519484293455e-06
6.8362877866943008e-04 -1.5599999999999993e-03 0.0000000000000000e+00 0.0000000000000000e+00 4.9469012567095501e+00 2.3275510764013839e-06
6.9239325019083303e-04 -1.5800000000000011e-03 0.0000000000000000e+00 0.0000000000000000e+00 4.9468997051611394e+00 2.3876153901732707e-06
7.0115772171223598e-04 -1.6000000000000033e-03 0.0000000000000000e+00 0.0000000000000000e+00 4.9468981536173438e+00 2.4484448906561373e-06
7.0992219323363893e-04 -1.6200000000000060e-03 0.0000000000000000e+00 0.0000000000000000e+00 4.9468966020809200e+00 2.5100395787611191e-06
7.1868666475504188e-04 -1.6400000000000086e-03 0.0000000000000000e+00 0.0000000000000000e+00 4.9468950505590232e+00 2.5723994553993472e-06
7.2745113627644483e-04 -1.6600000000000106e-03 0.0000000000000000e+00 0.0000000000000000e+00 4.9468934990424609e+00 2.6355245214819532e-06
7.3621560779784778e-04 -1.6800000000000120e-03 0.0000000000000000e+00 0.0000000000000000e+00 4.9468919475323583e+00 2.6994147779200714e-06
7.4498007931925072e-04 -1.7000000000000133e-03 0.0000000000000000e+00 0.0000000000000000e+00 4.9468903960368174e+00 2.7640702256248361e-06
7.5374455084065367e-04 -1.7200000000000145e-03 0.0000000000000000e+00 0.0000000000000000e+00 4.9468888445480319e+00 2.8294908655073799e-06
7.6250902236205662e-04 -1.7400000000000152e-03 0.0000000000000000e+00 0.0000000000000000e+00 4.9468872930640844e+00 2.8956766984788362e-06
7.7127349388345957e-04 -1.7600000000000161e-03 0.0000000000000000e+00 0.0000000000000000e+00 4.9468857415944756e+00 2.9626277254503402e-06
7.8003796540486252e-04 -1.7800000000000175e-03 0.0000000000000000e+00 0.0000000000000000e+00 4.9468841901334439e+00 3.0303439473330266e-06
7.8880243692626547e-04 -1.8000000000000182e-03 0.0000000000000000e+00 0.0000000000000000e+00 4.9468826386764562e+00 3.0988253650380245e-06
7.9756690844766842e-04 -1.8200000000000182e-03 0.0000000000000000e+00 0.0000000000000000e+00 4.9468810872320432e+00 3.1680719794764682e-06
8.0633137996907137e-04 -1.8400000000000176e-03 0.0000000000000000e+00 0.0000000000000000e+00 4.9468795357984794e+00 3.2380837915594900e-06
8.1509585149047432e-04 -1.8600000000000168e-03 0.0000000000000000e+00 0.0000000000000000e+00 4.9468779843697623e+00 3.3088608021982249e-06
8.2386032301187727e-04 -1.8800000000000156e-03 0.0000000000000000e+00 0.0000000000000000e+00 4.9468764329499271e+00 3.3804030123038063e-06
8.3262479453328022e-04 -1.9000000000000152e-03 0.0000000000000000e+00 0.0000000000000000e+00 4.9468748815430938e+00 3.4527104227873712e-06
8.4138926605468317e-04 -1.9200000000000157e-03 0.0000000000000000e+00 0.0000000000000000e+00 4.9468733301434398e+00 3.5257830345600534e-06
8.5015373757608612e-04 -1.9400000000000155e-03 0.0000000000000000e+00 0.0000000000000000e+00 4.9468717787489149e+00 3.5996208485329820e-06
8.5891820909748907e-04 -1.9600000000000155e-03 0.0000000000000000e+00 0.0000000000000000e+00 4.9468702273672678e+00 3.6742238656172918e-06
8.6768268061889202e-04 -1.9800000000000156e-03 0.0000000000000000e+00 0.0000000000000000e+00 4.9468686759956899e+00 3.7495920867241166e-06
8.7644715214029497e-04 -2.0000000000000152e-03 0.0000000000000000e+00 0.0000000000000000e+00 4.9468671246295646e+00 3.8257255127645877e-06
