8.7644715214029378e-06 -2.0000000000000008e-05 0.0000000000000000e+00 0.0000000000000000e+00 4.9470214946197792e+00 3.8255744501332832e-10
1.7528943042805876e-05 -4.0000000000000003e-05 0.0000000000000000e+00 0.0000000000000000e+00 4.9470206840366568e+00 1.5302300972294818e-09
2.6293414564208815e-05 -5.9999999999999995e-05 0.0000000000000000e+00 0.0000000000000000e+00 4.9470198735114339e+00 3.4430184324127144e-09
3.5057886085611758e-05 -7.9999999999999979e-05 0.0000000000000000e+00 0.0000000000000000e+00 4.9470190630249125e+00 6.1209229263272788e-09
4.3822357607014701e-05 -1.0000000000000002e-04 0.0000000000000000e+00 0.0000000000000000e+00 4.9470182525607278e+00 9.5639440547374387e-09
5.2586829128417644e-05 -1.2000000000000008e-04 0.0000000000000000e+00 0.0000000000000000e+00 4.9470174420231325e+00 1.3772082293407452e-08
6.1351300649820594e-05 -1.4000000000000018e-04 0.0000000000000000e+00 0.0000000000000000e+00 4.9470166314986619e+00 1.8745338118101571e-08
7.0115772171223543e-05 -1.6000000000000028e-04 0.0000000000000000e+00 0.0000000000000000e+00 4.9470158209665636e+00 2.4483712004584050e-08
7.8880243692626493e-05 -1.8000000000000045e-04 0.0000000000000000e+00 0.0000000000000000e+00 4.9470150104573039e+00 3.0987204428619156e-08
8.7644715214029443e-05 -2.0000000000000071e-04 0.0000000000000000e+00 0.0000000000000000e+00 4.9470141999635660e+00 3.8255815865971167e-08
9.6409186735432393e-05 -2.2000000000000101e-04 0.0000000000000000e+00 0.0000000000000000e+00 4.9470133894706496e+00 4.6289546792404332e-08
1.0517365825683534e-04 -2.4000000000000128e-04 0.0000000000000000e+00 0.0000000000000000e+00 4.9470125789380157e+00 5.5088397683682863e-08
1.1393812977823829e-04 -2.6000000000000150e-04 0.0000000000000000e+00 0.0000000000000000e+00 4.9470117684596868e+00 6.4652369015571011e-08
1.2270260129964124e-04 -2.8000000000000166e-04 0.0000000000000000e+00 0.0000000000000000e+00 4.9470109579397219e+00 7.4981461263833021e-08
1.3146707282104419e-04 -3.0000000000000198e-04 0.0000000000000000e+00 0.0000000000000000e+00 4.9470101474409693e+00 8.6075674904233259e-08
1.4023154434244714e-04 -3.2000000000000230e-04 0.0000000000000000e+00 0.0000000000000000e+00 4.9470093369570085e+00 9.7935010412535902e-08
1.4899601586385009e-04 -3.4000000000000252e-04 0.0000000000000000e+00 0.0000000000000000e+00 4.9470085264658232e+00 1.1055946826450513e-07
1.5776048738525304e-04 -3.6000000000000284e-04 0.0000000000000000e+00 0.0000000000000000e+00 4.9470077159711581e+00 1.2394904893590535e-07
1.6652495890665599e-04 -3.8000000000000333e-04 0.0000000000000000e+00 0.0000000000000000e+00 4.9470069054770596e+00 1.3810375290250085e-07
1.7528943042805894e-04 -4.0000000000000398e-04 0.0000000000000000e+00 0.0000000000000000e+00 4.9470060949881125e+00 1.5302358064005586e-07
1.8405390194946189e-04 -4.2000000000000452e-04 0.0000000000000000e+00 0.0000000000000000e+00 4.9470052845041312e+00 1.6870853262433454e-07
1.9281837347086484e-04 -4.4000000000000500e-04 0.0000000000000000e+00 0.0000000000000000e+00 4.9470044740243555e+00 1.8515860933110108e-07
2.0158284499226779e-04 -4.6000000000000527e-04 0.0000000000000000e+00 0.0000000000000000e+00 4.9470036635462273e+00 2.0237381123611966e-07
2.1034731651367074e-04 -4.8000000000000532e-04 0.0000000000000000e+00 0.0000000000000000e+00 4.9470028530674037e+00 2.2035413881515450e-07
2.1911178803507369e-04 -5.0000000000000532e-04 0.0000000000000000e+00 0.0000000000000000e+00 4.9470020425880472e+00 2.3909959254396992e-07
2.2787625955647664e-04 -5.2000000000000548e-04 0.0000000000000000e+00 0.0000000000000000e+00 4.9470012321089110e+00 2.5861017289833053e-07
2.3664073107787959e-04 -5.4000000000000586e-04 0.0000000000000000e+00 0.0000000000000000e+00 4.9470004216363668e+00 2.7888588035400039e-07
2.4540520259928254e-04 -5.6000000000000635e-04 0.0000000000000000e+00 0.0000000000000000e+00 4.9469996111761034e+00 2.9992671538674387e-07
2.5416967412068549e-04 -5.8000000000000705e-04 0.0000000000000000e+00 0.0000000000000000e+00 4.9469988007133523e+00 3.2173267847232530e-07
2.6293414564208844e-04 -6.0000000000000754e-04 0.0000000000000000e+00 0.0000000000000000e+00 4.9469979902432666e+00 3.4430377008650848e-07
2.7169861716349139e-04 -6.2000000000000781e-04 0.0000000000000000e+00 0.0000000000000000e+00 4.9469971797790784e+00 3.6763999070505772e-07
2.8046308868489434e-04 -6.4000000000000797e-04 0.0000000000000000e+00 0.0000000000000000e+00 4.9469963693302246e+00 3.9174134080373726e-07
2.8922756020629729e-04 -6.6000000000000845e-04 0.0000000000000000e+00 0.0000000000000000e+00 4.9469955588703183e+00 4.1660782085831188e-07
2.9799203172770024e-04 -6.8000000000000916e-04 0.0000000000000000e+00 0.0000000000000000e+00 4.9469947484107344e+00 4.4223943134454576e-07
3.0675650324910319e-04 -7.0000000000000997e-04 0.0000000000000000e+00 0.0000000000000000e+00 4.9469939379688341e+00 4.6863617273820295e-07
3.1552097477050614e-04 -7.2000000000001089e-04 0.0000000000000000e+00 0.0000000000000000e+00 4.9469931275149266e+00 4.9579804551504789e-07
3.2428544629190908e-04 -7.4000000000001170e-04 0.0000000000000000e+00 0.0000000000000000e+00 4.9469923170661358e+00 5.2372505015084448e-07
3.3304991781331203e-04 -7.6000000000001262e-04 0.0000000000000000e+00 0.0000000000000000e+00 4.9469915066287919e+00 5.5241718712135714e-07
3.4181438933471498e-04 -7.8000000000001321e-04 0.0000000000000000e+00 0.0000000000000000e+00 4.9469906961794168e+00 5.8187445690234968e-07
3.5057886085611793e-04 -8.0000000000001402e-04 0.0000000000000000e+00 0.0000000000000000e+00 4.9469898857478105e+00 6.1209685996958715e-07
3.5934333237752088e-04 -8.2000000000001451e-04 0.0000000000000000e+00 0.0000000000000000e+00 4.9469890753063375e+00 6.4308439679883293e-07
3.6810780389892383e-04 -8.4000000000001532e-04 0.0000000000000000e+00 0.0000000000000000e+00 4.9469882648731671e+00 6.7483706786585209e-07
3.7687227542032678e-04 -8.6000000000001592e-04 0.0000000000000000e+00 0.0000000000000000e+00 4.9469874544424659e+00 7.0735487364640842e-07
3.8563674694172973e-04 -8.8000000000001651e-04 0.0000000000000000e+00 0.0000000000000000e+00 4.9469866440096188e+00 7.4063781461626613e-07
3.9440121846313268e-04 -9.0000000000001732e-04 0.0000000000000000e+00 0.0000000000000000e+00 4.9469858335870702e+00 7.7468589125119009e-07
4.0316568998453563e-04 -9.2000000000001857e-04 0.0000000000000000e+00 0.0000000000000000e+00 4.9469850231572776e+00 8.0949910402694451e-07
4.1193016150593858e-04 -9.4000000000002025e-04 0.0000000000000000e+00 0.0000000000000000e+00 4.9469842127405768e+00 8.4507745341929446e-07
4.2069463302734153e-04 -9.6000000000002160e-04 0.0000000000000000e+00 0.0000000000000000e+00 4.9469834023153352e+00 8.8142093990400224e-07
4.2945910454874448e-04 -9.8000000000002274e-04 0.0000000000000000e+00 0.0000000000000000e+00 4.9469825919033390e+00 9.1852956395683241e-07
4.3822357607014743e-04 -1.0000000000000241e-03 0.0000000000000000e+00 0.0000000000000000e+00 4.9469817814835508e+00 9.5640332605355012e-07
4.4698804759155038e-04 -1.0200000000000259e-03 0.0000000000000000e+00 0.0000000000000000e+00 4.9469809710753960e+00 9.9504222666991992e-07
4.5575251911295333e-04 -1.0400000000000281e-03 0.0000000000000000e+00 0.0000000000000000e+00 4.9469801606620614e+00 1.0344462662817063e-06
4.6451699063435628e-04 -1.0600000000000299e-03 0.0000000000000000e+00 0.0000000000000000e+00 4.9469793502566386e+00 1.0746154453646719e-06
4.7328146215575923e-04 -1.0800000000000312e-03 0.0000000000000000e+00 0.0000000000000000e+00 4.9469785398511563e+00 1.1155497643945806e-06
4.8204593367716218e-04 -1.1000000000000330e-03 0.0000000000000000e+00 0.0000000000000000e+00 4.9469777294470765e+00 1.1572492238471986e-06
4.9081040519856518e-04 -1.1200000000000352e-03 0.0000000000000000e+00 0.0000000000000000e+00 4.9469769190502602e+00 1.1997138241982903e-06
4.9957487671996813e-04 -1.1400000000000373e-03 0.0000000000000000e+00 0.0000000000000000e+00 4.9469761086473181e+00 1.2429435659236182e-06
5.0833934824137108e-04 -1.1600000000000397e-03 0.0000000000000000e+00 0.0000000000000000e+00 4.9469752982571107e+00 1.2869384494989483e-06
5.1710381976277403e-04 -1.1800000000000417e-03 0.0000000000000000e+00 0.0000000000000000e+00 4.9469744878587614e+00 1.3316984754000430e-06
5.2586829128417698e-04 -1.2000000000000441e-03 0.0000000000000000e+00 0.0000000000000000e+00 4.9469736774721111e+00 1.3772236441026684e-06
5.3463276280557993e-04 -1.2200000000000472e-03 0.0000000000000000e+00 0.0000000000000000e+00 4.9469728670826276e+00 1.4235139560825889e-06
5.4339723432698288e-04 -1.2400000000000499e-03 0.0000000000000000e+00 0.0000000000000000e+00 4.9469720566955599e+00 1.4705694118155670e-06
5.5216170584838583e-04 -1.2600000000000521e-03 0.0000000000000000e+00 0.0000000000000000e+00 4.9469712463161288e+00 1.5183900117773666e-06
5.6092617736978878e-04 -1.2800000000000537e-03 0.0000000000000000e+00 0.0000000000000000e+00 4.9469704359300746e+00 1.5669757564437514e-06
5.6969064889119173e-04 -1.3000000000000548e-03 0.0000000000000000e+00 0.0000000000000000e+00 4.9469696255555746e+00 1.6163266462904863e-06
5.7845512041259468e-04 -1.3200000000000562e-03 0.0000000000000000e+00 0.0000000000000000e+00 4.9469688151784714e+00 1.6664426817933370e-06
5.8721959193399763e-04 -1.3400000000000573e-03 0.0000000000000000e+00 0.0000000000000000e+00 4.9469680048029216e+00 1.7173238634280664e-06
5.9598406345540058e-04 -1.3600000000000580e-03 0.0000000000000000e+00 0.0000000000000000e+00 4.9469671944357314e+00 1.7689701916704387e-06
6.0474853497680353e-04 -1.3800000000000580e-03 0.0000000000000000e+00 0.0000000000000000e+00 4.9469663840628622e+00 1.8213816669962171e-06
6.1351300649820648e-04 -1.4000000000000577e-03 0.0000000000000000e+00 0.0000000000000000e+00 4.9469655736983071e+00 1.8745582898811669e-06
6.2227747801960943e-04 -1.4200000000000577e-03 0.0000000000000000e+00 0.0000000000000000e+00 4.9469647633366867e+00 1.9285000608010535e-06
6.3104194954101238e-04 -1.4400000000000573e-03 0.0000000000000000e+00 0.0000000000000000e+00 4.9469639529707372e+00 1.9832069802316400e-06
6.3980642106241533e-04 -1.4600000000000574e-03 0.0000000000000000e+00 0.0000000000000000e+00 4.9469631426149849e+00 2.0386790486486924e-06
6.4857089258381828e-04 -1.4800000000000570e-03 0.0000000000000000e+00 0.0000000000000000e+00 4.9469623322587175e+00 2.0949162665279730e-06
6.5733536410522123e-04 -1.5000000000000571e-03 0.0000000000000000e+00 0.0000000000000000e+00 4.9469615219011454e+00 2.1519186343452478e-06
6.6609983562662418e-04 -1.5200000000000565e-03 0.0000000000000000e+00 0.0000000000000000e+00 4.9469607115529461e+00 2.2096861525762788e-06
6.7486430714802713e-04 -1.5400000000000556e-03 0.0000000000000000e+00 0.0000000000000000e+00 4.9469599012028933e+00 2.2682188216968304e-06
6.8362877866943008e-04 -1.5600000000000542e-03 0.0000000000000000e+00 0.0000000000000000e+00 4.9469590908534569e+00 2.3275166421826671e-06
6.9239325019083303e-04 -1.5800000000000521e-03 0.0000000000000000e+00 0.0000000000000000e+00 4.9469582805124110e+00 2.3875796145095519e-06
7.0115772171223598e-04 -1.6000000000000495e-03 0.0000000000000000e+00 0.0000000000000000e+00 4.9469574701694832e+00 2.4484077391532502e-06
7.0992219323363893e-04 -1.6200000000000467e-03 0.0000000000000000e+00 0.0000000000000000e+00 4.9469566598274790e+00 2.5100010165895273e-06
7.1868666475504188e-04 -1.6400000000000438e-03 0.0000000000000000e+00 0.0000000000000000e+00 4.9469558494935120e+00 2.5723594472941458e-06
7.2745113627644483e-04 -1.6600000000000399e-03 0.0000000000000000e+00 0.0000000000000000e+00 4.9469550391583841e+00 2.6354830317428686e-06
7.3621560779784778e-04 -1.6800000000000358e-03 0.0000000000000000e+00 0.0000000000000000e+00 4.9469542288232669e+00 2.6993717704114630e-06
7.4498007931925072e-04 -1.7000000000000316e-03 0.0000000000000000e+00 0.0000000000000000e+00 4.9469534184962267e+00 2.7640256637756930e-06
7.5374455084065367e-04 -1.7200000000000273e-03 0.0000000000000000e+00 0.0000000000000000e+00 4.9469526081694450e+00 2.8294447123113223e-06
7.6250902236205662e-04 -1.7400000000000223e-03 0.0000000000000000e+00 0.0000000000000000e+00 4.9469517978410451e+00 2.8956289164941134e-06
7.7127349388345957e-04 -1.7600000000000174e-03 0.0000000000000000e+00 0.0000000000000000e+00 4.9469509875205109e+00 2.9625782767998331e-06
7.8003796540486252e-04 -1.7800000000000125e-03 0.0000000000000000e+00 0.0000000000000000e+00 4.9469501772020585e+00 3.0302927937042452e-06
7.8880243692626547e-04 -1.8000000000000078e-03 0.0000000000000000e+00 0.0000000000000000e+00 4.9469493668811744e+00 3.0987724676831152e-06
7.9756690844766842e-04 -1.8200000000000030e-03 0.0000000000000000e+00 0.0000000000000000e+00 4.9469485565664106e+00 3.1680172992122056e-06
8.0633137996907137e-04 -1.8399999999999977e-03 0.0000000000000000e+00 0.0000000000000000e+00 4.9469477462560008e+00 3.2380272887672806e-06
8.1509585149047432e-04 -1.8599999999999927e-03 0.0000000000000000e+00 0.0000000000000000e+00 4.9469469359439504e+00 3.3088024368241058e-06
8.2386032301187727e-04 -1.8799999999999872e-03 0.0000000000000000e+00 0.0000000000000000e+00 4.9469461256343390e+00 3.3803427438584423e-06
8.3262479453328022e-04 -1.8999999999999811e-03 0.0000000000000000e+00 0.0000000000000000e+00 4.9469453153312379e+00 3.4526482103460561e-06
8.4138926605468317e-04 -1.9199999999999745e-03 0.0000000000000000e+00 0.0000000000000000e+00 4.9469445050288252e+00 3.5257188367627101e-06
8.5015373757608612e-04 -1.9399999999999676e-03 0.0000000000000000e+00 0.0000000000000000e+00 4.9469436947250802e+00 3.5995546235841695e-06
8.5891820909748907e-04 -1.9599999999999609e-03 0.0000000000000000e+00 0.0000000000000000e+00 4.9469428844277488e+00 3.6741555712862004e-06
8.6768268061889202e-04 -1.9799999999999540e-03 0.0000000000000000e+00 0.0000000000000000e+00 4.9469420741339931e+00 3.7495216803445651e-06
8.7644715214029497e-04 -1.9999999999999463e-03 0.0000000000000000e+00 0.0000000000000000e+00 4.9469412638392054e+00 3.8256529512350268e-06
