8.6768268061889202e-04 -1.9799999999998820e-03 0.0000000000000000e+00 0.0000000000000000e+00 4.9467952977860330e+00 3.7496624931030035e-06
8.7644715214029497e-04 -1.9999999999998790e-03 0.0000000000000000e+00 0.0000000000000000e+00 4.9467930057528422e+00 3.8257980742934438e-06
8.8740274154204871e-04 -2.0249999999998746e-03 0.0000000000000000e+00 0.0000000000000000e+00 4.9467901407388695e+00 3.9220436828822989e-06
9.0931392034555619e-04 -2.0749999999998656e-03 0.0000000000000000e+00 0.0000000000000000e+00 4.9467844108062513e+00 4.1181220170562762e-06
9.5313627795257116e-04 -2.1749999999998476e-03 0.0000000000000000e+00 0.0000000000000000e+00 4.9467729513016119e+00 4.5246272270261509e-06
1.0407809931666011e-03 -2.3749999999998113e-03 0.0000000000000000e+00 0.0000000000000000e+00 4.9467500337544505e+00 5.3950324025484788e-06
1.2160704235946610e-03 -2.7749999999997399e-03 0.0000000000000000e+00 0.0000000000000000e+00 4.9467042044787455e+00 7.3654264886825842e-06
1.5666492844507807e-03 -3.5749999999995954e-03 0.0000000000000000e+00 0.0000000000000000e+00 4.9466125692246257e+00 1.2224587303381526e-05
2.2678070061630199e-03 -5.1749999999993086e-03 0.0000000000000000e+00 0.0000000000000000e+00 4.9464293917658280e+00 2.5616701119086128e-05
3.6701224495874984e-03 -8.3749999999987376e-03 0.0000000000000000e+00 0.0000000000000000e+00 4.9460634081459762e+00 6.7098510428392180e-05
6.4747533364364548e-03 -1.4774999999997594e-02 0.0000000000000000e+00 0.0000000000000000e+00 4.9453329188680826e+00 2.0887175921995143e-04
1.2084015110134367e-02 -2.7574999999995312e-02 0.0000000000000000e+00 0.0000000000000000e+00 4.9438777947448251e+00 7.2781120518573730e-04
2.3302538657530191e-02 -5.3174999999990764e-02 0.0000000000000000e+00 0.0000000000000000e+00 4.9409905122888107e+00 2.7084973121750096e-03
4.5739585752321843e-02 -1.0437499999998165e-01 0.0000000000000000e+00 0.0000000000000000e+00 4.9353043087702453e+00 1.0450981758600580e-02
9.0613679941905140e-02 -2.0677499999996340e-01 0.0000000000000000e+00 0.0000000000000000e+00 4.9242590267419430e+00 4.1139466558969690e-02
1.8036186832107173e-01 -4.1157499999992692e-01 0.0000000000000000e+00 0.0000000000000000e+00 4.9032900068539949e+00 1.6396303561161862e-01
3.5985824507940489e-01 -8.2117499999985377e-01 0.0000000000000000e+00 0.0000000000000000e+00 4.8646352514699958e+00 6.6045685809926979e-01
