1.5702082455782032e-03 -1.9799999999997151e-03 0.0000000000000000e+00 0.0000000000000000e+00 3.4137653088704090e+00 1.0633551203773320e-05
1.5860689349274780e-03 -1.9999999999996748e-03 0.0000000000000000e+00 0.0000000000000000e+00 3.4137652176450701e+00 1.0849455817740448e-05
1.6058947966140717e-03 -2.0249999999996135e-03 0.0000000000000000e+00 0.0000000000000000e+00 3.4137651036120604e+00 1.1122388020115661e-05
1.6455465199872589e-03 -2.0749999999994761e-03 0.0000000000000000e+00 0.0000000000000000e+00 3.4137648755488983e+00 1.1678423876600915e-05
1.7248499667336333e-03 -2.1749999999991975e-03 0.0000000000000000e+00 0.0000000000000000e+00 3.4137644194213261e+00 1.2831181411348732e-05
1.8834568602263822e-03 -2.3749999999986586e-03 0.0000000000000000e+00 0.0000000000000000e+00 3.4137635071685581e+00 1.5299439886654538e-05
2.2006706472118801e-03 -2.7749999999975784e-03 0.0000000000000000e+00 0.0000000000000000e+00 3.4137616826670754e+00 2.0886931410111550e-05
2.8350982211828757e-03 -3.5749999999954121e-03 0.0000000000000000e+00 0.0000000000000000e+00 3.4137580336812561e+00 3.4665820345249692e-05
4.1039533691248666e-03 -5.1749999999911069e-03 0.0000000000000000e+00 0.0000000000000000e+00 3.4137507357822390e+00 7.2639282543162959e-05
6.6416636650088482e-03 -8.3749999999824451e-03 0.0000000000000000e+00 0.0000000000000000e+00 3.4137361402752333e+00 1.9024943044745305e-04
1.1717084256776811e-02 -1.4774999999965193e-02 0.0000000000000000e+00 0.0000000000000000e+00 3.4137069504239324e+00 5.9212650987324085e-04
2.1867925440312734e-02 -2.7574999999930426e-02 0.0000000000000000e+00 0.0000000000000000e+00 3.4136485753703454e+00 2.0625389198603923e-03
4.2169607807384581e-02 -5.3174999999860730e-02 0.0000000000000000e+00 0.0000000000000000e+00 3.4135318438504942e+00 7.6702456777112101e-03
8.2772972541528267e-02 -1.0437499999972046e-01 0.0000000000000000e+00 0.0000000000000000e+00 3.4132984550855618e+00 2.9555178411592279e-02
1.6397970200981565e-01 -2.0677499999943824e-01 0.0000000000000000e+00 0.0000000000000000e+00 3.4128319740514077e+00 1.1601905248546081e-01
3.2639316094639043e-01 -4.1157499999887626e-01 0.0000000000000000e+00 0.0000000000000000e+00 3.4119001931613120e+00 4.5985028892474461e-01
