1.5702082455782032e-03 -1.9800000000012997e-03 0.0000000000000000e+00 0.0000000000000000e+00 3.4137477777459715e+00 1.0633636375313490e-05
1.5860689349274780e-03 -2.0000000000014125e-03 0.0000000000000000e+00 0.0000000000000000e+00 3.4137475094443599e+00 1.0849543596395313e-05
1.6058947966140717e-03 -2.0250000000015659e-03 0.0000000000000000e+00 0.0000000000000000e+00 3.4137471740661707e+00 1.1122479131789045e-05
1.6455465199872589e-03 -2.0750000000018770e-03 0.0000000000000000e+00 0.0000000000000000e+00 3.4137465033131935e+00 1.1678521905303663e-05
1.7248499667336333e-03 -2.1750000000024952e-03 0.0000000000000000e+00 0.0000000000000000e+00 3.4137451618081607e+00 1.2831294306881286e-05
1.8834568602263822e-03 -2.3750000000037201e-03 0.0000000000000000e+00 0.0000000000000000e+00 3.4137424788091626e+00 1.5299586877349703e-05
2.2006706472118801e-03 -2.7750000000061697e-03 0.0000000000000000e+00 0.0000000000000000e+00 3.4137371128499643e+00 2.0887165880496373e-05
2.8350982211828757e-03 -3.5750000000110650e-03 0.0000000000000000e+00 0.0000000000000000e+00 3.4137263810876997e+00 3.4666321679283311e-05
4.1039533691248666e-03 -5.1750000000208470e-03 0.0000000000000000e+00 0.0000000000000000e+00 3.4137049181916521e+00 7.2640803196066307e-05
6.6416636650088482e-03 -8.3750000000404213e-03 0.0000000000000000e+00 0.0000000000000000e+00 3.4136619949135749e+00 1.9025587590034695e-04
1.1717084256776811e-02 -1.4775000000079535e-02 0.0000000000000000e+00 0.0000000000000000e+00 3.4135761584084219e+00 5.9216189994278534e-04
2.1867925440312734e-02 -2.7575000000157245e-02 0.0000000000000000e+00 0.0000000000000000e+00 3.4134045255714289e+00 2.0627689821712861e-03
4.2169607807384581e-02 -5.3175000000312340e-02 0.0000000000000000e+00 0.0000000000000000e+00 3.4130614203513900e+00 7.6718954400681110e-03
8.2772972541528267e-02 -1.0437500000062207e-01 0.0000000000000000e+00 0.0000000000000000e+00 3.4123758498143903e+00 2.9567654784543564e-02
1.6397970200981565e-01 -2.0677500000123988e-01 0.0000000000000000e+00 0.0000000000000000e+00 3.4110072531299291e+00 1.1611605722760160e-01
3.2639316094639043e-01 -4.1157500000247316e-01 0.0000000000000000e+00 0.0000000000000000e+00 3.4082801169375649e+00 4.6061526144519138e-01
