1.5702082455782032e-03 -1.9799999999990932e-03 0.0000000000000000e+00 0.0000000000000000e+00 3.4137740746423297e+00 1.0633508618004482e-05
1.5860689349274780e-03 -1.9999999999991075e-03 0.0000000000000000e+00 0.0000000000000000e+00 3.4137740719593856e+00 1.0849411928415243e-05
1.6058947966140717e-03 -2.0249999999991200e-03 0.0000000000000000e+00 0.0000000000000000e+00 3.4137740686043472e+00 1.1122342464282575e-05
1.6455465199872589e-03 -2.0749999999991582e-03 0.0000000000000000e+00 0.0000000000000000e+00 3.4137740618970556e+00 1.1678374862256298e-05
1.7248499667336333e-03 -2.1749999999992197e-03 0.0000000000000000e+00 0.0000000000000000e+00 3.4137740484809438e+00 1.2831124963595862e-05
1.8834568602263822e-03 -2.3749999999993659e-03 0.0000000000000000e+00 0.0000000000000000e+00 3.4137740216499588e+00 1.5299366391335322e-05
2.2006706472118801e-03 -2.7749999999996658e-03 0.0000000000000000e+00 0.0000000000000000e+00 3.4137739679875083e+00 2.0886814174984494e-05
2.8350982211828757e-03 -3.5750000000002603e-03 0.0000000000000000e+00 0.0000000000000000e+00 3.4137738606615984e+00 3.4665569678400062e-05
4.1039533691248666e-03 -5.1750000000014926e-03 0.0000000000000000e+00 0.0000000000000000e+00 3.4137736460097932e+00 7.2638522217193498e-05
6.6416636650088482e-03 -8.3750000000038950e-03 0.0000000000000000e+00 0.0000000000000000e+00 3.4137732167067751e+00 1.9024620772256455e-04
1.1717084256776811e-02 -1.4775000000008557e-02 0.0000000000000000e+00 0.0000000000000000e+00 3.4137723581018560e+00 5.9210881484394941e-04
2.1867925440312734e-02 -2.7575000000017919e-02 0.0000000000000000e+00 0.0000000000000000e+00 3.4137706408958080e+00 2.0624238887253852e-03
4.2169607807384581e-02 -5.3175000000036658e-02 0.0000000000000000e+00 0.0000000000000000e+00 3.4137672064995850e+00 7.6694207966115759e-03
8.2772972541528267e-02 -1.0437500000007460e-01 0.0000000000000000e+00 0.0000000000000000e+00 3.4137603377716026e+00 2.9548940225426628e-02
1.6397970200981565e-01 -2.0677500000014870e-01 0.0000000000000000e+00 0.0000000000000000e+00 3.4137466005730950e+00 1.1597055011561970e-01
3.2639316094639043e-01 -4.1157500000029551e-01 0.0000000000000000e+00 0.0000000000000000e+00 3.4137191272060234e+00 4.5946780266940734e-01
