8.6768268061889202e-04 -1.9800000000000035e-03 0.0000000000000000e+00 0.0000000000000000e+00 4.9468197549759862e+00 3.7496390243103026e-06
8.7644715214029497e-04 -2.0000000000000039e-03 0.0000000000000000e+00 0.0000000000000000e+00 4.9468177097869273e+00 3.8257738871174323e-06
8.8740274154204871e-04 -2.0250000000000042e-03 0.0000000000000000e+00 0.0000000000000000e+00 4.9468151533225688e+00 3.9220185773022136e-06
9.0931392034555619e-04 -2.0750000000000039e-03 0.0000000000000000e+00 0.0000000000000000e+00 4.9468100404706039e+00 4.1180950055078318e-06
9.5313627795257116e-04 -2.1750000000000025e-03 0.0000000000000000e+00 0.0000000000000000e+00 4.9467998150530743e+00 4.5245961189637443e-06
1.0407809931666011e-03 -2.3750000000000004e-03 0.0000000000000000e+00 0.0000000000000000e+00 4.9467793653833310e+00 5.3949918996578417e-06
1.2160704235946610e-03 -2.7749999999999958e-03 0.0000000000000000e+00 0.0000000000000000e+00 4.9467384706758342e+00 7.3653618810035244e-06
1.5666492844507807e-03 -3.5749999999999849e-03 0.0000000000000000e+00 0.0000000000000000e+00 4.9466566998156942e+00 1.2224449162152161e-05
2.2678070061630199e-03 -5.1749999999999635e-03 0.0000000000000000e+00 0.0000000000000000e+00 4.9464932322080815e+00 2.5616282107297165e-05
3.6701224495874984e-03 -8.3749999999999242e-03 0.0000000000000000e+00 0.0000000000000000e+00 4.9461665928060867e+00 6.7096734401127025e-05
6.4747533364364548e-03 -1.4774999999999840e-02 0.0000000000000000e+00 0.0000000000000000e+00 4.9455144921162244e+00 2.0886200758013699e-04
1.2084015110134367e-02 -2.7574999999999662e-02 0.0000000000000000e+00 0.0000000000000000e+00 4.9442149623299683e+00 7.2774781212108603e-04
2.3302538657530191e-02 -5.3174999999999306e-02 0.0000000000000000e+00 0.0000000000000000e+00 4.9416342669242770e+00 2.7080427244749279e-03
4.5739585752321843e-02 -1.0437499999999865e-01 0.0000000000000000e+00 0.0000000000000000e+00 4.9365438278090190e+00 1.0447543926592213e-02
9.0613679941905140e-02 -2.0677499999999732e-01 0.0000000000000000e+00 0.0000000000000000e+00 4.9266278068380851e+00 4.1112737155039686e-02
1.8036186832107173e-01 -4.1157499999999481e-01 0.0000000000000000e+00 0.0000000000000000e+00 4.9077190059414342e+00 1.6375224942538263e-01
3.5985824507940489e-01 -8.2117499999998977e-01 0.0000000000000000e+00 0.0000000000000000e+00 4.8727005195757629e+00 6.5878267735263019e-01
