1.5702082455782032e-03 -1.9800000000004740e-03 0.0000000000000000e+00 0.0000000000000000e+00 3.4137623869775005e+00 1.0633565399033630e-05
1.5860689349274780e-03 -2.0000000000005352e-03 0.0000000000000000e+00 0.0000000000000000e+00 3.4137622662386629e+00 1.0849470447520469e-05
1.6058947966140717e-03 -2.0250000000005919e-03 0.0000000000000000e+00 0.0000000000000000e+00 3.4137621153137929e+00 1.1122403205399437e-05
1.6455465199872589e-03 -2.0750000000006926e-03 0.0000000000000000e+00 0.0000000000000000e+00 3.4137618134669632e+00 1.1678440214724290e-05
1.7248499667336333e-03 -2.1750000000008833e-03 0.0000000000000000e+00 0.0000000000000000e+00 3.4137612097722703e+00 1.2831200227279941e-05
1.8834568602263822e-03 -2.3750000000012849e-03 0.0000000000000000e+00 0.0000000000000000e+00 3.4137600023861161e+00 1.5299464385119355e-05
2.2006706472118801e-03 -2.7750000000020874e-03 0.0000000000000000e+00 0.0000000000000000e+00 3.4137575876212765e+00 2.0886970488540530e-05
2.8350982211828757e-03 -3.5750000000036599e-03 0.0000000000000000e+00 0.0000000000000000e+00 3.4137527581224023e+00 3.4665903900996337e-05
4.1039533691248666e-03 -5.1750000000068521e-03 0.0000000000000000e+00 0.0000000000000000e+00 3.4137430992519069e+00 7.2639535985519484e-05
6.6416636650088482e-03 -8.3750000000132087e-03 0.0000000000000000e+00 0.0000000000000000e+00 3.4137237820204396e+00 1.9025050469025404e-04
1.1717084256776811e-02 -1.4775000000025854e-02 0.0000000000000000e+00 0.0000000000000000e+00 3.4136851495939777e+00 5.9213240822043303e-04
2.1867925440312734e-02 -2.7575000000051395e-02 0.0000000000000000e+00 0.0000000000000000e+00 3.4136078928835381e+00 2.0625772635873363e-03
4.2169607807384581e-02 -5.3175000000102696e-02 0.0000000000000000e+00 0.0000000000000000e+00 3.4134534120113957e+00 7.6705206381367302e-03
8.2772972541528267e-02 -1.0437500000020555e-01 0.0000000000000000e+00 0.0000000000000000e+00 3.4131445802880664e+00 2.9557257807213105e-02
1.6397970200981565e-01 -2.0677500000041169e-01 0.0000000000000000e+00 0.0000000000000000e+00 3.4125274355286597e+00 1.1603521994299784e-01
3.2639316094639043e-01 -4.1157500000082292e-01 0.0000000000000000e+00 0.0000000000000000e+00 3.4112952096477702e+00 4.5997778434686482e-01
