1.3427400310541612e-03 -1.9799999999996500e-03 0.0000000000000000e+00 0.0000000000000000e+00 4.0077762021735950e+00 6.9103656257556407e-06
1.3563030616708699e-03 -1.9999999999996418e-03 0.0000000000000000e+00 0.0000000000000000e+00 4.0077761711541475e+00 7.0506741223009957e-06
1.3732568499417556e-03 -2.0249999999996352e-03 0.0000000000000000e+00 0.0000000000000000e+00 4.0077761323765397e+00 7.2280427497635740e-06
1.4071644264835271e-03 -2.0749999999996262e-03 0.0000000000000000e+00 0.0000000000000000e+00 4.0077760548281383e+00 7.5893900276619919e-06
1.4749795795670701e-03 -2.1749999999996091e-03 0.0000000000000000e+00 0.0000000000000000e+00 4.0077758997251101e+00 8.3385246780806933e-06
1.6106098857341560e-03 -2.3749999999995771e-03 0.0000000000000000e+00 0.0000000000000000e+00 4.0077755895254192e+00 9.9425543792367873e-06
1.8818704980683278e-03 -2.7749999999995144e-03 0.0000000000000000e+00 0.0000000000000000e+00 4.0077749691210363e+00 1.3573655557473566e-05
2.4243917227366714e-03 -3.5749999999993864e-03 0.0000000000000000e+00 0.0000000000000000e+00 4.0077737283169572e+00 2.2528026414844384e-05
3.5094341720733587e-03 -5.1749999999991352e-03 0.0000000000000000e+00 0.0000000000000000e+00 4.0077712467197362e+00 4.7205453310766866e-05
5.6795190707467332e-03 -8.3749999999986526e-03 0.0000000000000000e+00 0.0000000000000000e+00 4.0077662835638987e+00 1.2363513724806898e-04
1.0019688868093481e-02 -1.4774999999997721e-02 0.0000000000000000e+00 0.0000000000000000e+00 4.0077563574096944e+00 3.8479454107036905e-04
1.8700028462786976e-02 -2.7574999999995856e-02 0.0000000000000000e+00 0.0000000000000000e+00 4.0077365057367436e+00 1.3403192154326869e-03
3.6060707652173965e-02 -5.3174999999992069e-02 0.0000000000000000e+00 0.0000000000000000e+00 4.0076968049293713e+00 4.9842378144436695e-03
7.0782066030947943e-02 -1.0437499999998431e-01 0.0000000000000000e+00 0.0000000000000000e+00 4.0076174134663320e+00 1.9203918280934856e-02
1.4022478278849590e-01 -2.0677499999996826e-01 0.0000000000000000e+00 0.0000000000000000e+00 4.0074586711160860e+00 7.5373582426384894e-02
2.7911021630359178e-01 -4.1157499999993713e-01 0.0000000000000000e+00 0.0000000000000000e+00 4.0071413484719143e+00 2.9865756467588528e-01
