8.6768268061889202e-04 -1.9800000000002771e-03 0.0000000000000000e+00 0.0000000000000000e+00 4.9469910173058897e+00 3.7494747427594382e-06
8.7644715214029497e-04 -2.0000000000002837e-03 0.0000000000000000e+00 0.0000000000000000e+00 4.9469907012835082e+00 3.8256045768833045e-06
8.8740274154204871e-04 -2.0250000000002918e-03 0.0000000000000000e+00 0.0000000000000000e+00 4.9469903062563327e+00 3.9218428382394529e-06
9.0931392034555619e-04 -2.0750000000003079e-03 0.0000000000000000e+00 0.0000000000000000e+00 4.9469895162078243e+00 4.1179059246663565e-06
9.5313627795257116e-04 -2.1750000000003394e-03 0.0000000000000000e+00 0.0000000000000000e+00 4.9469879361141489e+00 4.5243783625241121e-06
1.0407809931666011e-03 -2.3750000000004015e-03 0.0000000000000000e+00 0.0000000000000000e+00 4.9469847759594954e+00 5.3947083794196169e-06
1.2160704235946610e-03 -2.7750000000005253e-03 0.0000000000000000e+00 0.0000000000000000e+00 4.9469784557533476e+00 7.3649096272440851e-06
1.5666492844507807e-03 -3.5750000000007733e-03 0.0000000000000000e+00 0.0000000000000000e+00 4.9469658157904570e+00 1.2223482173534699e-05
2.2678070061630199e-03 -5.1750000000012706e-03 0.0000000000000000e+00 0.0000000000000000e+00 4.9469405376364435e+00 2.5613349024745290e-05
3.6701224495874984e-03 -8.3750000000022695e-03 0.0000000000000000e+00 0.0000000000000000e+00 4.9468899884206925e+00 6.7084302210185150e-05
6.4747533364364548e-03 -1.4775000000004264e-02 0.0000000000000000e+00 0.0000000000000000e+00 4.9467889183455451e+00 2.0879374610114894e-04
1.2084015110134367e-02 -2.7575000000008256e-02 0.0000000000000000e+00 0.0000000000000000e+00 4.9465868914675823e+00 7.2730406066748982e-04
2.3302538657530191e-02 -5.3175000000016237e-02 0.0000000000000000e+00 0.0000000000000000e+00 4.9461832895819056e+00 2.7048606105704370e-03
4.5739585752321843e-02 -1.0437500000003215e-01 0.0000000000000000e+00 0.0000000000000000e+00 4.9453778835875708e+00 1.0423479102518287e-02
9.0613679941905140e-02 -2.0677500000006399e-01 0.0000000000000000e+00 0.0000000000000000e+00 4.9437741857752160e+00 4.0925631327469056e-02
1.8036186832107173e-01 -4.1157500000012759e-01 0.0000000000000000e+00 0.0000000000000000e+00 4.9405946422758431e+00 1.6227674612148857e-01
3.5985824507940489e-01 -8.2117500000025512e-01 0.0000000000000000e+00 0.0000000000000000e+00 4.9343422942940895e+00 6.4706341212518248e-01
