1.3427400310541612e-03 -1.9800000000002082e-03 0.0000000000000000e+00 0.0000000000000000e+00 4.0076424621815541e+00 6.9107171037314998e-06
1.3563030616708699e-03 -2.0000000000001935e-03 0.0000000000000000e+00 0.0000000000000000e+00 4.0076410804580158e+00 7.0510363590710697e-06
1.3732568499417556e-03 -2.0250000000001760e-03 0.0000000000000000e+00 0.0000000000000000e+00 4.0076393533060477e+00 7.2284187409183717e-06
1.4071644264835271e-03 -2.0750000000001410e-03 0.0000000000000000e+00 0.0000000000000000e+00 4.0076358990281307e+00 7.5897945633569630e-06
1.4749795795670701e-03 -2.1750000000000723e-03 0.0000000000000000e+00 0.0000000000000000e+00 4.0076289905428641e+00 8.3389905647979577e-06
1.6106098857341560e-03 -2.3749999999999366e-03 0.0000000000000000e+00 0.0000000000000000e+00 4.0076151738859238e+00 9.9431609666379217e-06
1.8818704980683278e-03 -2.7749999999996653e-03 0.0000000000000000e+00 0.0000000000000000e+00 4.0075875417957283e+00 1.3574623147771664e-05
2.4243917227366714e-03 -3.5749999999991166e-03 0.0000000000000000e+00 0.0000000000000000e+00 4.0075322825335027e+00 2.2530095272830209e-05
3.5094341720733587e-03 -5.1749999999980111e-03 0.0000000000000000e+00 0.0000000000000000e+00 4.0074217836633901e+00 4.7211728597918278e-05
5.6795190707467332e-03 -8.3749999999957886e-03 0.0000000000000000e+00 0.0000000000000000e+00 4.0072008644520132e+00 1.2366173573843172e-04
1.0019688868093481e-02 -1.4774999999991377e-02 0.0000000000000000e+00 0.0000000000000000e+00 4.0067593394813761e+00 3.8494058550443715e-04
1.8700028462786976e-02 -2.7574999999982603e-02 0.0000000000000000e+00 0.0000000000000000e+00 4.0058775380438068e+00 1.3412686151653840e-03
3.6060707652173965e-02 -5.3174999999964979e-02 0.0000000000000000e+00 0.0000000000000000e+00 4.0041188870176230e+00 4.9910459005151637e-03
7.0782066030947943e-02 -1.0437499999992962e-01 0.0000000000000000e+00 0.0000000000000000e+00 4.0006210600841943e+00 1.9255404619423509e-02
1.4022478278849590e-01 -2.0677499999985910e-01 0.0000000000000000e+00 0.0000000000000000e+00 3.9937007264097781e+00 7.5773892602853665e-02
2.7911021630359178e-01 -4.1157499999971786e-01 0.0000000000000000e+00 0.0000000000000000e+00 3.9801418695794917e+00 3.0181438237439273e-01
