8.6768268061889202e-04 -1.9800000000000308e-03 0.0000000000000000e+00 0.0000000000000000e+00 4.9469665446115618e+00 3.7494982115517135e-06
8.7644715214029497e-04 -2.0000000000000304e-03 0.0000000000000000e+00 0.0000000000000000e+00 4.9469659814304814e+00 3.8256287640588747e-06
8.8740274154204871e-04 -2.0250000000000298e-03 0.0000000000000000e+00 0.0000000000000000e+00 4.9469652774560489e+00 3.9218679438190774e-06
9.0931392034555619e-04 -2.0750000000000286e-03 0.0000000000000000e+00 0.0000000000000000e+00 4.9469638695168152e+00 4.1179329362142968e-06
9.5313627795257116e-04 -2.1750000000000259e-03 0.0000000000000000e+00 0.0000000000000000e+00 4.9469610536567528e+00 4.5244094705859233e-06
1.0407809931666011e-03 -2.3750000000000199e-03 0.0000000000000000e+00 0.0000000000000000e+00 4.9469554220296628e+00 5.3947488823094680e-06
1.2160704235946610e-03 -2.7750000000000071e-03 0.0000000000000000e+00 0.0000000000000000e+00 4.9469441591198908e+00 7.3649742349218947e-06
1.5666492844507807e-03 -3.5749999999999827e-03 0.0000000000000000e+00 0.0000000000000000e+00 4.9469216347146263e+00 1.2223620314761598e-05
2.2678070061630199e-03 -5.1749999999999366e-03 0.0000000000000000e+00 0.0000000000000000e+00 4.9468765915339254e+00 2.5613768036528209e-05
3.6701224495874984e-03 -8.3749999999998426e-03 0.0000000000000000e+00 0.0000000000000000e+00 4.9467865276859575e+00 6.7086078237432444e-05
6.4747533364364548e-03 -1.4774999999999655e-02 0.0000000000000000e+00 0.0000000000000000e+00 4.9466064899421296e+00 2.0880349774090337e-04
1.2084015110134367e-02 -2.7574999999999274e-02 0.0000000000000000e+00 0.0000000000000000e+00 4.9462467734000946e+00 7.2736745373192164e-04
2.3302538657530191e-02 -5.3174999999998501e-02 0.0000000000000000e+00 0.0000000000000000e+00 4.9455287692264367e+00 2.7053151982696783e-03
4.5739585752321843e-02 -1.0437499999999696e-01 0.0000000000000000e+00 0.0000000000000000e+00 4.9440984219879045e+00 1.0426916934523391e-02
9.0613679941905140e-02 -2.0677499999999388e-01 0.0000000000000000e+00 0.0000000000000000e+00 4.9412599425771555e+00 4.0952360731386181e-02
1.8036186832107173e-01 -4.1157499999998776e-01 0.0000000000000000e+00 0.0000000000000000e+00 4.9356685153619839e+00 1.6248753230767365e-01
3.5985824507940489e-01 -8.2117499999997556e-01 0.0000000000000000e+00 0.0000000000000000e+00 4.9248027426940739e+00 6.4873759287161969e-01
