1.3427400310541612e-03 -1.9800000000002494e-03 0.0000000000000000e+00 0.0000000000000000e+00 4.0076926101775578e+00 6.9105852994918819e-06
1.3563030616708699e-03 -2.0000000000002550e-03 0.0000000000000000e+00 0.0000000000000000e+00 4.0076917348766941e+00 7.0509005202837297e-06
1.3732568499417556e-03 -2.0250000000002592e-03 0.0000000000000000e+00 0.0000000000000000e+00 4.0076906407496207e+00 7.2282777442368732e-06
1.4071644264835271e-03 -2.0750000000002628e-03 0.0000000000000000e+00 0.0000000000000000e+00 4.0076884525099929e+00 7.5896428624730992e-06
1.4749795795670701e-03 -2.1750000000002687e-03 0.0000000000000000e+00 0.0000000000000000e+00 4.0076840760553072e+00 8.3388158572811412e-06
1.6106098857341560e-03 -2.3750000000002749e-03 0.0000000000000000e+00 0.0000000000000000e+00 4.0076753232755351e+00 9.9429334963655062e-06
1.8818704980683278e-03 -2.7750000000002920e-03 0.0000000000000000e+00 0.0000000000000000e+00 4.0076578182038372e+00 1.3574260301414952e-05
2.4243917227366714e-03 -3.5750000000003192e-03 0.0000000000000000e+00 0.0000000000000000e+00 4.0076228100362163e+00 2.2529319451096070e-05
3.5094341720733587e-03 -5.1750000000003677e-03 0.0000000000000000e+00 0.0000000000000000e+00 4.0075528015935413e+00 4.7209375365263322e-05
5.6795190707467332e-03 -8.3750000000004723e-03 0.0000000000000000e+00 0.0000000000000000e+00 4.0074128162521498e+00 1.2365176130462667e-04
1.0019688868093481e-02 -1.4775000000000708e-02 0.0000000000000000e+00 0.0000000000000000e+00 4.0071329715785851e+00 3.8488581884193676e-04
1.8700028462786976e-02 -2.7575000000001119e-02 0.0000000000000000e+00 0.0000000000000000e+00 4.0065737849199818e+00 1.3409125902666228e-03
3.6060707652173965e-02 -5.3175000000001950e-02 0.0000000000000000e+00 0.0000000000000000e+00 4.0054574115746462e+00 4.9884928682421715e-03
7.0782066030947943e-02 -1.0437500000000349e-01 0.0000000000000000e+00 0.0000000000000000e+00 4.0032325793555223e+00 1.9236097242505183e-02
1.4022478278849590e-01 -2.0677500000000656e-01 0.0000000000000000e+00 0.0000000000000000e+00 3.9988139023138238e+00 7.5623776286736874e-02
2.7911021630359178e-01 -4.1157500000001257e-01 0.0000000000000000e+00 0.0000000000000000e+00 3.9900953314306591e+00 3.0063057573768664e-01
