8.6768268061889202e-04 -1.9799999999999540e-03 0.0000000000000000e+00 0.0000000000000000e+00 4.9469420741339931e+00 3.7495216803445651e-06
8.7644715214029497e-04 -1.9999999999999463e-03 0.0000000000000000e+00 0.0000000000000000e+00 4.9469412638392054e+00 3.8256529512350268e-06
8.8740274154204871e-04 -2.0249999999999357e-03 0.0000000000000000e+00 0.0000000000000000e+00 4.9469402509743983e+00 3.9218930493992881e-06
9.0931392034555619e-04 -2.0749999999999137e-03 0.0000000000000000e+00 0.0000000000000000e+00 4.9469382252603156e+00 4.1179599477628233e-06
9.5313627795257116e-04 -2.1749999999998706e-03 0.0000000000000000e+00 0.0000000000000000e+00 4.9469341738740891e+00 4.5244405786483282e-06
1.0407809931666011e-03 -2.3749999999997844e-03 0.0000000000000000e+00 0.0000000000000000e+00 4.9469260712888774e+00 5.3947893851999145e-06
1.2160704235946610e-03 -2.7749999999996107e-03 0.0000000000000000e+00 0.0000000000000000e+00 4.9469098668395937e+00 7.3650388426002836e-06
1.5666492844507807e-03 -3.5749999999992637e-03 0.0000000000000000e+00 0.0000000000000000e+00 4.9468774608618258e+00 1.2223758455988937e-05
2.2678070061630199e-03 -5.1749999999985705e-03 0.0000000000000000e+00 0.0000000000000000e+00 4.9468126605588187e+00 2.5614187048310840e-05
3.6701224495874984e-03 -8.3749999999971850e-03 0.0000000000000000e+00 0.0000000000000000e+00 4.9466831065304042e+00 6.7087854264676416e-05
6.4747533364364548e-03 -1.4774999999994416e-02 0.0000000000000000e+00 0.0000000000000000e+00 4.9464241844689552e+00 2.0881324938064181e-04
1.2084015110134367e-02 -2.7574999999988890e-02 0.0000000000000000e+00 0.0000000000000000e+00 4.9459070817632105e+00 7.2743084679628711e-04
2.3302538657530191e-02 -5.3174999999977830e-02 0.0000000000000000e+00 0.0000000000000000e+00 4.9448758216260904e+00 2.7057697859686515e-03
4.5739585752321843e-02 -1.0437499999995574e-01 0.0000000000000000e+00 0.0000000000000000e+00 4.9428249211645836e+00 1.0430354766527417e-02
9.0613679941905140e-02 -2.0677499999991156e-01 0.0000000000000000e+00 0.0000000000000000e+00 4.9387683382709131e+00 4.0979090135298969e-02
1.8036186832107173e-01 -4.1157499999982300e-01 0.0000000000000000e+00 0.0000000000000000e+00 4.9308263962879311e+00 1.6269831849384109e-01
3.5985824507940489e-01 -8.2117499999964561e-01 0.0000000000000000e+00 0.0000000000000000e+00 4.9155566130711161e+00 6.5041177361798552e-01
