8.6768268061889202e-04 -1.9800000000000607e-03 0.0000000000000000e+00 0.0000000000000000e+00 4.9470154922176333e+00 3.7494512739655871e-06
8.7644715214029497e-04 -2.0000000000000608e-03 0.0000000000000000e+00 0.0000000000000000e+00 4.9470154233989669e+00 3.8255803897060962e-06
8.8740274154204871e-04 -2.0250000000000610e-03 0.0000000000000000e+00 0.0000000000000000e+00 4.9470153373759507e+00 3.9218177326581114e-06
9.0931392034555619e-04 -2.0750000000000616e-03 0.0000000000000000e+00 0.0000000000000000e+00 4.9470151653340935e+00 4.1178789131165399e-06
9.5313627795257116e-04 -2.1750000000000619e-03 0.0000000000000000e+00 0.0000000000000000e+00 4.9470148212471345e+00 4.5243472544600902e-06
1.0407809931666011e-03 -2.3750000000000624e-03 0.0000000000000000e+00 0.0000000000000000e+00 4.9470141330794881e+00 5.3946678765268233e-06
1.2160704235946610e-03 -2.7750000000000639e-03 0.0000000000000000e+00 0.0000000000000000e+00 4.9470127567417128e+00 7.3648450195616033e-06
1.5666492844507807e-03 -3.5750000000000664e-03 0.0000000000000000e+00 0.0000000000000000e+00 4.9470100040930083e+00 1.2223344032298599e-05
2.2678070061630199e-03 -5.1750000000000710e-03 0.0000000000000000e+00 0.0000000000000000e+00 4.9470044988774822e+00 2.5612930012939833e-05
3.6701224495874984e-03 -8.3750000000000768e-03 0.0000000000000000e+00 0.0000000000000000e+00 4.9469934887814748e+00 6.7082526182871342e-05
6.4747533364364548e-03 -1.4775000000000094e-02 0.0000000000000000e+00 0.0000000000000000e+00 4.9469714699358098e+00 2.0878399446117154e-04
1.2084015110134367e-02 -2.7575000000000120e-02 0.0000000000000000e+00 0.0000000000000000e+00 4.9469274376279104e+00 7.2724066760224658e-04
2.3302538657530191e-02 -5.3175000000000146e-02 0.0000000000000000e+00 0.0000000000000000e+00 4.9468393945325468e+00 2.7044060228681032e-03
4.5739585752321843e-02 -1.0437500000000018e-01 0.0000000000000000e+00 0.0000000000000000e+00 4.9466633943219760e+00 1.0420041270501130e-02
9.0613679941905140e-02 -2.0677500000000032e-01 0.0000000000000000e+00 0.0000000000000000e+00 4.9463117370163303e+00 4.0898901923504372e-02
1.8036186832107173e-01 -4.1157500000000063e-01 0.0000000000000000e+00 0.0000000000000000e+00 4.9456097884474302e+00 1.6206595993511477e-01
3.5985824507940489e-01 -8.2117500000000165e-01 0.0000000000000000e+00 0.0000000000000000e+00 4.9442113045169860e+00 6.4538923137799287e-01
