1.3427400310541612e-03 -1.9799999999996036e-03 0.0000000000000000e+00 0.0000000000000000e+00 4.0077260451751657e+00 6.9104974299952316e-06
1.3563030616708699e-03 -1.9999999999995859e-03 0.0000000000000000e+00 0.0000000000000000e+00 4.0077255075503118e+00 7.0508099610883662e-06
1.3732568499417556e-03 -2.0249999999995623e-03 0.0000000000000000e+00 0.0000000000000000e+00 4.0077248355168136e+00 7.2281837464451283e-06
1.4071644264835271e-03 -2.0749999999995195e-03 0.0000000000000000e+00 0.0000000000000000e+00 4.0077234914595303e+00 7.5895417285459412e-06
1.4749795795670701e-03 -2.1749999999994313e-03 0.0000000000000000e+00 0.0000000000000000e+00 4.0077208033503355e+00 8.3386993855976200e-06
1.6106098857341560e-03 -2.3749999999992562e-03 0.0000000000000000e+00 0.0000000000000000e+00 4.0077154271847126e+00 9.9427818495093129e-06
1.8818704980683278e-03 -2.7749999999989025e-03 0.0000000000000000e+00 0.0000000000000000e+00 4.0077046750340486e+00 1.3574018403830383e-05
2.4243917227366714e-03 -3.5749999999981873e-03 0.0000000000000000e+00 0.0000000000000000e+00 4.0076831714796741e+00 2.2528802236578554e-05
3.5094341720733587e-03 -5.1749999999967681e-03 0.0000000000000000e+00 0.0000000000000000e+00 4.0076401673502886e+00 4.7207806543421687e-05
5.6795190707467332e-03 -8.3749999999939290e-03 0.0000000000000000e+00 0.0000000000000000e+00 4.0075541709989508e+00 1.2364511168187314e-04
1.0019688868093481e-02 -1.4774999999988226e-02 0.0000000000000000e+00 0.0000000000000000e+00 4.0073822258897112e+00 3.8484930773286300e-04
1.8700028462786976e-02 -2.7574999999976767e-02 0.0000000000000000e+00 0.0000000000000000e+00 4.0070385257362453e+00 1.3406752403314053e-03
3.6060707652173965e-02 -5.3174999999953752e-02 0.0000000000000000e+00 0.0000000000000000e+00 4.0063518831793479e+00 4.9867908467164674e-03
7.0782066030947943e-02 -1.0437499999990781e-01 0.0000000000000000e+00 0.0000000000000000e+00 4.0049816091260109e+00 1.9223225657852446e-02
1.4022478278849590e-01 -2.0677499999981572e-01 0.0000000000000000e+00 0.0000000000000000e+00 4.0022529475901480e+00 7.5523698742498882e-02
2.7911021630359178e-01 -4.1157499999963132e-01 0.0000000000000000e+00 0.0000000000000000e+00 3.9968419384293048e+00 2.9984137131257915e-01
