1.3427400310541612e-03 -1.9799999999995715e-03 0.0000000000000000e+00 0.0000000000000000e+00 4.0077427635742886e+00 6.9104534952484506e-06
1.3563030616708699e-03 -1.9999999999995594e-03 0.0000000000000000e+00 0.0000000000000000e+00 4.0077423948057156e+00 7.0507646814923349e-06
1.3732568499417556e-03 -2.0249999999995484e-03 0.0000000000000000e+00 0.0000000000000000e+00 4.0077419338421061e+00 7.2281367475510693e-06
1.4071644264835271e-03 -2.0749999999995264e-03 0.0000000000000000e+00 0.0000000000000000e+00 4.0077410119230628e+00 7.5894911615844650e-06
1.4749795795670701e-03 -2.1749999999994855e-03 0.0000000000000000e+00 0.0000000000000000e+00 4.0077391680841821e+00 8.3386411497586156e-06
1.6106098857341560e-03 -2.3749999999994093e-03 0.0000000000000000e+00 0.0000000000000000e+00 4.0077354804345413e+00 9.9427060260854319e-06
1.8818704980683278e-03 -2.7749999999992629e-03 0.0000000000000000e+00 0.0000000000000000e+00 4.0077281052172529e+00 1.3573897455045939e-05
2.4243917227366714e-03 -3.5749999999989757e-03 0.0000000000000000e+00 0.0000000000000000e+00 4.0077133551353237e+00 2.2528543629337549e-05
3.5094341720733587e-03 -5.1749999999984083e-03 0.0000000000000000e+00 0.0000000000000000e+00 4.0076838563740385e+00 4.7207022132548551e-05
5.6795190707467332e-03 -8.3749999999972891e-03 0.0000000000000000e+00 0.0000000000000000e+00 4.0076248644550345e+00 1.2364178687064516e-04
1.0019688868093481e-02 -1.4774999999995040e-02 0.0000000000000000e+00 0.0000000000000000e+00 4.0075069030216541e+00 3.8483105217884276e-04
1.8700028462786976e-02 -2.7574999999990538e-02 0.0000000000000000e+00 0.0000000000000000e+00 4.0072710696774667e+00 1.3405565653657129e-03
3.6060707652173965e-02 -5.3174999999981640e-02 0.0000000000000000e+00 0.0000000000000000e+00 4.0067997602659418e+00 4.9859398359610209e-03
7.0782066030947943e-02 -1.0437499999996405e-01 0.0000000000000000e+00 0.0000000000000000e+00 4.0058585640922733e+00 1.9216789865555178e-02
1.4022478278849590e-01 -2.0677499999992904e-01 0.0000000000000000e+00 0.0000000000000000e+00 4.0039818110813092e+00 7.5473659970495474e-02
2.7911021630359178e-01 -4.1157499999985864e-01 0.0000000000000000e+00 0.0000000000000000e+00 4.0002504588356986e+00 2.9944676910048607e-01
