8.6768268061889202e-04 -1.9799999999998916e-03 0.0000000000000000e+00 0.0000000000000000e+00 4.9468442143790066e+00 3.7496155555168081e-06
8.7644715214029497e-04 -1.9999999999998903e-03 0.0000000000000000e+00 0.0000000000000000e+00 4.9468424160789661e+00 3.8257496999406001e-06
8.8740274154204871e-04 -2.0249999999998889e-03 0.0000000000000000e+00 0.0000000000000000e+00 4.9468401682209517e+00 3.9219934717212744e-06
9.0931392034555619e-04 -2.0749999999998864e-03 0.0000000000000000e+00 0.0000000000000000e+00 4.9468356725652143e+00 4.1180679939584761e-06
9.5313627795257116e-04 -2.1749999999998806e-03 0.0000000000000000e+00 0.0000000000000000e+00 4.9468266814743682e+00 4.5245650109003043e-06
1.0407809931666011e-03 -2.3749999999998685e-03 0.0000000000000000e+00 0.0000000000000000e+00 4.9468087001948780e+00 5.3949513967658943e-06
1.2160704235946610e-03 -2.7749999999998453e-03 0.0000000000000000e+00 0.0000000000000000e+00 4.9467727412158871e+00 7.3652972733225249e-06
1.5666492844507807e-03 -3.5749999999997988e-03 0.0000000000000000e+00 0.0000000000000000e+00 4.9467008376079811e+00 1.2224311020919258e-05
2.2678070061630199e-03 -5.1749999999997067e-03 0.0000000000000000e+00 0.0000000000000000e+00 4.9465570877116374e+00 2.5615863095500097e-05
3.6701224495874984e-03 -8.3749999999995200e-03 0.0000000000000000e+00 0.0000000000000000e+00 4.9462698167657946e+00 6.7094958373838980e-05
6.4747533364364548e-03 -1.4774999999999146e-02 0.0000000000000000e+00 0.0000000000000000e+00 4.9456961867669955e+00 2.0885225594024788e-04
1.2084015110134367e-02 -2.7574999999998396e-02 0.0000000000000000e+00 0.0000000000000000e+00 4.9445525465125320e+00 7.2768441905616838e-04
2.3302538657530191e-02 -5.3174999999996919e-02 0.0000000000000000e+00 0.0000000000000000e+00 4.9422795251692291e+00 2.7075881367738469e-03
4.5739585752321843e-02 -1.0437499999999399e-01 0.0000000000000000e+00 0.0000000000000000e+00 4.9377888044858107e+00 1.0444106094579957e-02
9.0613679941905140e-02 -2.0677499999998808e-01 0.0000000000000000e+00 0.0000000000000000e+00 4.9290155956918920e+00 4.1086007751094361e-02
1.8036186832107173e-01 -4.1157499999997638e-01 0.0000000000000000e+00 0.0000000000000000e+00 4.9122071501207403e+00 1.6354146323908558e-01
3.5985824507940489e-01 -8.2117499999995236e-01 0.0000000000000000e+00 0.0000000000000000e+00 4.8809059139924473e+00 6.5710849660574555e-01
