1.5702082455782032e-03 -1.9799999999987696e-03 0.0000000000000000e+00 0.0000000000000000e+00 3.4137506995612217e+00 1.0633622180040241e-05
1.5860689349274780e-03 -1.9999999999987948e-03 0.0000000000000000e+00 0.0000000000000000e+00 3.4137504607715332e+00 1.0849528966602322e-05
1.6058947966140717e-03 -2.0249999999988068e-03 0.0000000000000000e+00 0.0000000000000000e+00 3.4137501622832112e+00 1.1122463946491964e-05
1.6455465199872589e-03 -2.0749999999988130e-03 0.0000000000000000e+00 0.0000000000000000e+00 3.4137495653098404e+00 1.1678505567166145e-05
1.7248499667336333e-03 -2.1749999999988185e-03 0.0000000000000000e+00 0.0000000000000000e+00 3.4137483713635093e+00 1.2831275490934100e-05
1.8834568602263822e-03 -2.3749999999988242e-03 0.0000000000000000e+00 0.0000000000000000e+00 3.4137459834798722e+00 1.5299562378864997e-05
2.2006706472118801e-03 -2.7749999999988170e-03 0.0000000000000000e+00 0.0000000000000000e+00 3.4137412077432279e+00 2.0887126802038282e-05
2.8350982211828757e-03 -3.5749999999988278e-03 0.0000000000000000e+00 0.0000000000000000e+00 3.4137316563934008e+00 3.4666238123484042e-05
4.1039533691248666e-03 -5.1749999999988342e-03 0.0000000000000000e+00 0.0000000000000000e+00 3.4137125541915743e+00 7.2640549753590073e-05
6.6416636650088482e-03 -8.3749999999989042e-03 0.0000000000000000e+00 0.0000000000000000e+00 3.4136743517794637e+00 1.9025480165721370e-04
1.1717084256776811e-02 -1.4774999999998902e-02 0.0000000000000000e+00 0.0000000000000000e+00 3.4135979549174893e+00 5.9215600159450452e-04
2.1867925440312734e-02 -2.7574999999998653e-02 0.0000000000000000e+00 0.0000000000000000e+00 3.4134451930206922e+00 2.0627306384405145e-03
4.2169607807384581e-02 -5.3174999999998397e-02 0.0000000000000000e+00 0.0000000000000000e+00 3.4131397963671568e+00 7.6716204796284685e-03
8.2772972541528267e-02 -1.0437499999999861e-01 0.0000000000000000e+00 0.0000000000000000e+00 3.4125295102713600e+00 2.9565575388869461e-02
1.6397970200981565e-01 -2.0677499999999768e-01 0.0000000000000000e+00 0.0000000000000000e+00 3.4113109561792054e+00 1.1609988976985951e-01
3.2639316094639043e-01 -4.1157499999999825e-01 0.0000000000000000e+00 0.0000000000000000e+00 3.4088818353099324e+00 4.6048776602226910e-01
