1.5702082455782032e-03 -1.9799999999965921e-03 0.0000000000000000e+00 0.0000000000000000e+00 3.4137682307788588e+00 1.0633537008495741e-05
1.5860689349274780e-03 -1.9999999999965267e-03 0.0000000000000000e+00 0.0000000000000000e+00 3.4137681690673363e+00 1.0849441187943547e-05
1.6058947966140717e-03 -2.0249999999964519e-03 0.0000000000000000e+00 0.0000000000000000e+00 3.4137680919265851e+00 1.1122372834815573e-05
1.6455465199872589e-03 -2.0749999999963068e-03 0.0000000000000000e+00 0.0000000000000000e+00 3.4137679376479002e+00 1.1678407538462589e-05
1.7248499667336333e-03 -2.1749999999959991e-03 0.0000000000000000e+00 0.0000000000000000e+00 3.4137676290891315e+00 1.2831162595405384e-05
1.8834568602263822e-03 -2.3749999999953825e-03 0.0000000000000000e+00 0.0000000000000000e+00 3.4137670119733516e+00 1.5299415388184021e-05
2.2006706472118801e-03 -2.7749999999941584e-03 0.0000000000000000e+00 0.0000000000000000e+00 3.4137657777433845e+00 2.0886892331693724e-05
2.8350982211828757e-03 -3.5749999999917081e-03 0.0000000000000000e+00 0.0000000000000000e+00 3.4137633092907405e+00 3.4665736789562976e-05
4.1039533691248666e-03 -5.1749999999868290e-03 0.0000000000000000e+00 0.0000000000000000e+00 3.4137583724186582e+00 7.2639029101025362e-05
6.6416636650088482e-03 -8.3749999999770779e-03 0.0000000000000000e+00 0.0000000000000000e+00 3.4137484988078644e+00 1.9024835620543680e-04
1.1717084256776811e-02 -1.4774999999957603e-02 0.0000000000000000e+00 0.0000000000000000e+00 3.4137287521184616e+00 5.9212061152894198e-04
2.1867925440312734e-02 -2.7574999999918453e-02 0.0000000000000000e+00 0.0000000000000000e+00 3.4136892608673737e+00 2.0625005761445376e-03
4.2169607807384581e-02 -5.3174999999840503e-02 0.0000000000000000e+00 0.0000000000000000e+00 3.4136102868738489e+00 7.6699707173291925e-03
8.2772972541528267e-02 -1.0437499999968526e-01 0.0000000000000000e+00 0.0000000000000000e+00 3.4134523728989983e+00 2.9553099016144720e-02
1.6397970200981565e-01 -2.0677499999937535e-01 0.0000000000000000e+00 0.0000000000000000e+00 3.4131366808108101e+00 1.1600288502861847e-01
3.2639316094639043e-01 -4.1157499999877001e-01 0.0000000000000000e+00 0.0000000000000000e+00 3.4125058385894915e+00 4.5972279350541922e-01
