1.3427400310541612e-03 -1.9800000000003625e-03 0.0000000000000000e+00 0.0000000000000000e+00 4.0076591775802779e+00 6.9106731689857065e-06
1.3563030616708699e-03 -2.0000000000003769e-03 0.0000000000000000e+00 0.0000000000000000e+00 4.0076579646521218e+00 7.0509910794761624e-06
1.3732568499417556e-03 -2.0250000000003989e-03 0.0000000000000000e+00 0.0000000000000000e+00 4.0076564484930604e+00 7.2283717420255968e-06
1.4071644264835271e-03 -2.0750000000004458e-03 0.0000000000000000e+00 0.0000000000000000e+00 4.0076534161965496e+00 7.5897439963971435e-06
1.4749795795670701e-03 -2.1750000000005372e-03 0.0000000000000000e+00 0.0000000000000000e+00 4.0076473516564741e+00 8.3389323289613454e-06
1.6106098857341560e-03 -2.3750000000007151e-03 0.0000000000000000e+00 0.0000000000000000e+00 4.0076352228194239e+00 9.9430851432180133e-06
1.8818704980683278e-03 -2.7750000000010761e-03 0.0000000000000000e+00 0.0000000000000000e+00 4.0076109660870944e+00 1.3574502198995025e-05
2.4243917227366714e-03 -3.5750000000018007e-03 0.0000000000000000e+00 0.0000000000000000e+00 4.0075624564133721e+00 2.2529836665607354e-05
3.5094341720733587e-03 -5.1750000000032569e-03 0.0000000000000000e+00 0.0000000000000000e+00 4.0074654522147135e+00 4.7210944187095103e-05
5.6795190707467332e-03 -8.3750000000061865e-03 0.0000000000000000e+00 0.0000000000000000e+00 4.0072715043509950e+00 1.2365841092736157e-04
1.0019688868093481e-02 -1.4775000000012060e-02 0.0000000000000000e+00 0.0000000000000000e+00 4.0068838503099844e+00 3.8492232995096575e-04
1.8700028462786976e-02 -2.7575000000023789e-02 0.0000000000000000e+00 0.0000000000000000e+00 4.0061095053835034e+00 1.3411499402017160e-03
3.6060707652173965e-02 -5.3175000000047219e-02 0.0000000000000000e+00 0.0000000000000000e+00 4.0045646395744940e+00 4.9901948897674566e-03
7.0782066030947943e-02 -1.0437500000009409e-01 0.0000000000000000e+00 0.0000000000000000e+00 4.0014899785264930e+00 1.9248968827156494e-02
1.4022478278849590e-01 -2.0677500000018767e-01 0.0000000000000000e+00 0.0000000000000000e+00 3.9953991804978810e+00 7.5723853830969495e-02
2.7911021630359178e-01 -4.1157500000037522e-01 0.0000000000000000e+00 0.0000000000000000e+00 3.9834383215363549e+00 3.0141978016277360e-01
