   2.9600000000000000e+02
   2.9600000000000000e+02
   2.9600000000000000e+02
   2.9600000000000000e+02
   2.9600000000000000e+02
   2.9700000000000000e+02
   2.9700000000000000e+02
   2.9700000000000000e+02
   2.9700000000000000e+02
   2.9700000000000000e+02
   2.9700000000000000e+02
   2.9700000000000000e+02
   2.9700000000000000e+02
   2.9700000000000000e+02
   2.9700000000000000e+02
   2.9700000000000000e+02
   2.9700000000000000e+02
   2.9700000000000000e+02
   2.9700000000000000e+02
   2.9700000000000000e+02
   2.9700000000000000e+02
   2.9700000000000000e+02
   2.9700000000000000e+02
   2.9700000000000000e+02
   2.9700000000000000e+02
   2.9700000000000000e+02
   2.9700000000000000e+02
   2.9700000000000000e+02
   2.9700000000000000e+02
   2.9700000000000000e+02
   2.9700000000000000e+02
   2.9700000000000000e+02
   2.9700000000000000e+02
   2.9700000000000000e+02
   2.9700000000000000e+02
   2.9700000000000000e+02
   2.9700000000000000e+02
   2.9700000000000000e+02
   2.9800000000000000e+02
   2.9800000000000000e+02
   2.9800000000000000e+02
   2.9800000000000000e+02
   2.9800000000000000e+02
   2.9800000000000000e+02
   2.9800000000000000e+02
   2.9800000000000000e+02
   2.9800000000000000e+02
   2.9800000000000000e+02
   2.9800000000000000e+02
   2.9800000000000000e+02
   2.9800000000000000e+02
   2.9800000000000000e+02
   2.9800000000000000e+02
   2.9800000000000000e+02
   2.9800000000000000e+02
   2.9800000000000000e+02
   2.9800000000000000e+02
   2.9800000000000000e+02
   2.9800000000000000e+02
   2.9800000000000000e+02
   2.9800000000000000e+02
   2.9800000000000000e+02
   2.9800000000000000e+02
   2.9800000000000000e+02
   2.9800000000000000e+02
   2.9800000000000000e+02
   2.9800000000000000e+02
   2.9800000000000000e+02
   2.9800000000000000e+02
   2.9800000000000000e+02
   2.9800000000000000e+02
   2.9900000000000000e+02
   2.9900000000000000e+02
   2.9900000000000000e+02
   2.9900000000000000e+02
   2.9900000000000000e+02
   2.9900000000000000e+02
   2.9900000000000000e+02
   2.9900000000000000e+02
   2.9900000000000000e+02
   2.9900000000000000e+02
   2.9900000000000000e+02
   2.9900000000000000e+02
   2.9900000000000000e+02
   2.9900000000000000e+02
   2.9900000000000000e+02
   2.9900000000000000e+02
   2.9900000000000000e+02
   2.9900000000000000e+02
   2.9900000000000000e+02
   2.9900000000000000e+02
   2.9900000000000000e+02
   2.9900000000000000e+02
   2.9900000000000000e+02
   2.9900000000000000e+02
   2.9900000000000000e+02
   2.9900000000000000e+02
   2.9900000000000000e+02
   2.9900000000000000e+02
   2.9900000000000000e+02
   2.9900000000000000e+02
   2.9900000000000000e+02
   2.9900000000000000e+02
   2.9900000000000000e+02
   3.0000000000000000e+02
   3.0000000000000000e+02
   3.0000000000000000e+02
   3.0000000000000000e+02
   3.0000000000000000e+02
   3.0000000000000000e+02
   3.0000000000000000e+02
   3.0000000000000000e+02
   3.0000000000000000e+02
   3.0000000000000000e+02
   3.0000000000000000e+02
   3.0000000000000000e+02
   3.0000000000000000e+02
   3.0000000000000000e+02
   3.0000000000000000e+02
   3.0000000000000000e+02
   3.0000000000000000e+02
   3.0000000000000000e+02
   3.0000000000000000e+02
   3.0000000000000000e+02
   3.0000000000000000e+02
   3.0000000000000000e+02
   3.0000000000000000e+02
   3.0000000000000000e+02
   3.0000000000000000e+02
   3.0000000000000000e+02
   3.0000000000000000e+02
   3.0000000000000000e+02
   3.0000000000000000e+02
   3.0000000000000000e+02
   3.0000000000000000e+02
   3.0000000000000000e+02
   3.0000000000000000e+02
   3.0100000000000000e+02
   3.0100000000000000e+02
   3.0100000000000000e+02
   3.0100000000000000e+02
   3.0100000000000000e+02
   3.0100000000000000e+02
   3.0100000000000000e+02
   3.0100000000000000e+02
   3.0100000000000000e+02
   3.0100000000000000e+02
   3.0100000000000000e+02
   3.0100000000000000e+02
   3.0100000000000000e+02
   3.0100000000000000e+02
   3.0100000000000000e+02
   3.0100000000000000e+02
   3.0100000000000000e+02
   3.0100000000000000e+02
   3.0100000000000000e+02
   3.0100000000000000e+02
   3.0100000000000000e+02
   3.0100000000000000e+02
   3.0100000000000000e+02
   3.0100000000000000e+02
   3.0100000000000000e+02
   3.0100000000000000e+02
   3.0100000000000000e+02
   3.0100000000000000e+02
   3.0100000000000000e+02
   3.0100000000000000e+02
   3.0100000000000000e+02
   3.0100000000000000e+02
   3.0100000000000000e+02
   3.0200000000000000e+02
   3.0200000000000000e+02
   3.0200000000000000e+02
   3.0200000000000000e+02
   3.0200000000000000e+02
   3.0200000000000000e+02
   3.0200000000000000e+02
   3.0200000000000000e+02
   3.0200000000000000e+02
   3.0200000000000000e+02
   3.0200000000000000e+02
   3.0200000000000000e+02
   3.0200000000000000e+02
   3.0200000000000000e+02
   3.0200000000000000e+02
   3.0200000000000000e+02
   3.0200000000000000e+02
   3.0200000000000000e+02
   3.0200000000000000e+02
   3.0200000000000000e+02
   3.0200000000000000e+02
   3.0200000000000000e+02
   3.0200000000000000e+02
   3.0200000000000000e+02
   3.0200000000000000e+02
   3.0200000000000000e+02
   3.0200000000000000e+02
   3.0200000000000000e+02
   3.0200000000000000e+02
   3.0200000000000000e+02
   3.0200000000000000e+02
   3.0200000000000000e+02
   3.0200000000000000e+02
   3.0300000000000000e+02
   3.0300000000000000e+02
   3.0300000000000000e+02
   3.0300000000000000e+02
   3.0300000000000000e+02
   3.0300000000000000e+02
   3.0300000000000000e+02
   3.0300000000000000e+02
   3.0300000000000000e+02
   3.0300000000000000e+02
   3.0300000000000000e+02
   3.0300000000000000e+02
   3.0300000000000000e+02
   3.0300000000000000e+02
   3.0300000000000000e+02
   3.0300000000000000e+02
   3.0300000000000000e+02
   3.0300000000000000e+02
   3.0300000000000000e+02
   3.0300000000000000e+02
   3.0300000000000000e+02
   3.0300000000000000e+02
   3.0300000000000000e+02
   3.0300000000000000e+02
   3.0300000000000000e+02
   3.0300000000000000e+02
   3.0300000000000000e+02
   3.0300000000000000e+02
   3.0300000000000000e+02
   3.0300000000000000e+02
   3.0300000000000000e+02
   3.0300000000000000e+02
   3.0400000000000000e+02
   3.0400000000000000e+02
   3.0400000000000000e+02
   3.0400000000000000e+02
   3.0400000000000000e+02
   3.0400000000000000e+02
   3.0400000000000000e+02
   3.0400000000000000e+02
   3.0400000000000000e+02
   3.0400000000000000e+02
   3.0400000000000000e+02
   3.0400000000000000e+02
   3.0400000000000000e+02
   3.0400000000000000e+02
   3.0400000000000000e+02
   3.0400000000000000e+02
   3.0400000000000000e+02
   3.0400000000000000e+02
   3.0400000000000000e+02
   3.0400000000000000e+02
   3.0400000000000000e+02
   3.0400000000000000e+02
   3.0400000000000000e+02
   3.0400000000000000e+02
   3.0400000000000000e+02
   3.0400000000000000e+02
   3.0400000000000000e+02
   3.0400000000000000e+02
   3.0400000000000000e+02
   3.0400000000000000e+02
   3.0400000000000000e+02
   3.0400000000000000e+02
   3.0400000000000000e+02
   3.0500000000000000e+02
   3.0500000000000000e+02
   3.0500000000000000e+02
   3.0500000000000000e+02
   3.0500000000000000e+02
   3.0500000000000000e+02
   3.0500000000000000e+02
   3.0500000000000000e+02
   3.0500000000000000e+02
   3.0500000000000000e+02
   3.0500000000000000e+02
   3.0500000000000000e+02
   3.0500000000000000e+02
   3.0500000000000000e+02
   3.0500000000000000e+02
   3.0500000000000000e+02
   3.0500000000000000e+02
   3.0500000000000000e+02
   2.7400000000000000e+02
   2.7400000000000000e+02
   2.7400000000000000e+02
   2.7400000000000000e+02
   2.7400000000000000e+02
   2.7400000000000000e+02
   2.7400000000000000e+02
   2.7400000000000000e+02
   2.7400000000000000e+02
   2.7400000000000000e+02
   2.7400000000000000e+02
   2.7400000000000000e+02
   2.7400000000000000e+02
   2.7400000000000000e+02
   2.7400000000000000e+02
   2.7400000000000000e+02
   2.7400000000000000e+02
   2.7400000000000000e+02
   2.7500000000000000e+02
   2.7500000000000000e+02
   2.7500000000000000e+02
   2.7500000000000000e+02
   2.7500000000000000e+02
   2.7500000000000000e+02
   2.7500000000000000e+02
   2.7500000000000000e+02
   2.7500000000000000e+02
   2.7500000000000000e+02
   2.7500000000000000e+02
   2.7500000000000000e+02
   2.7500000000000000e+02
   2.7500000000000000e+02
   2.7500000000000000e+02
   2.7500000000000000e+02
   2.7500000000000000e+02
   2.7500000000000000e+02
   2.7500000000000000e+02
   2.7500000000000000e+02
   2.7500000000000000e+02
   2.7500000000000000e+02
   2.7500000000000000e+02
   2.7500000000000000e+02
   2.7600000000000000e+02
   2.7600000000000000e+02
   2.7600000000000000e+02
   2.7600000000000000e+02
   2.7600000000000000e+02
   2.7600000000000000e+02
   2.7600000000000000e+02
   2.7600000000000000e+02
   2.7600000000000000e+02
   2.7600000000000000e+02
   2.7600000000000000e+02
   2.7600000000000000e+02
   2.7600000000000000e+02
   2.7600000000000000e+02
   2.7600000000000000e+02
   2.7600000000000000e+02
   2.7600000000000000e+02
   2.7600000000000000e+02
   2.7600000000000000e+02
   2.7600000000000000e+02
   2.7600000000000000e+02
   2.7600000000000000e+02
   2.7600000000000000e+02
   2.7600000000000000e+02
   2.7600000000000000e+02
   2.7600000000000000e+02
   2.7600000000000000e+02
   2.7700000000000000e+02
   2.7700000000000000e+02
   2.7700000000000000e+02
   2.7700000000000000e+02
   2.7700000000000000e+02
   2.7700000000000000e+02
   2.7700000000000000e+02
   2.7700000000000000e+02
   2.7700000000000000e+02
   2.7700000000000000e+02
   2.7700000000000000e+02
   2.7700000000000000e+02
   2.7700000000000000e+02
   2.7700000000000000e+02
   2.7700000000000000e+02
   2.7700000000000000e+02
   2.7700000000000000e+02
   2.7700000000000000e+02
   2.7700000000000000e+02
   2.7700000000000000e+02
   2.7700000000000000e+02
   2.7700000000000000e+02
   2.7700000000000000e+02
   2.7700000000000000e+02
   2.7700000000000000e+02
   2.7700000000000000e+02
   2.7700000000000000e+02
   2.7700000000000000e+02
   2.7700000000000000e+02
   2.7800000000000000e+02
   2.7800000000000000e+02
   2.7800000000000000e+02
   2.7800000000000000e+02
   2.7800000000000000e+02
   2.7800000000000000e+02
   2.7800000000000000e+02
   2.7800000000000000e+02
   2.7800000000000000e+02
   2.7800000000000000e+02
   2.7800000000000000e+02
   2.7800000000000000e+02
   2.7800000000000000e+02
   2.7800000000000000e+02
   2.7800000000000000e+02
   2.7800000000000000e+02
   2.7800000000000000e+02
   2.7800000000000000e+02
   2.7800000000000000e+02
   2.7800000000000000e+02
   2.7800000000000000e+02
   2.7800000000000000e+02
   2.7800000000000000e+02
   2.7800000000000000e+02
   2.7800000000000000e+02
   2.7800000000000000e+02
   2.7800000000000000e+02
   2.7800000000000000e+02
   2.7800000000000000e+02
   2.7900000000000000e+02
   2.7900000000000000e+02
   2.7900000000000000e+02
   2.7900000000000000e+02
   2.7900000000000000e+02
   2.7900000000000000e+02
   2.7900000000000000e+02
   2.7900000000000000e+02
   2.7900000000000000e+02
   2.7900000000000000e+02
   2.7900000000000000e+02
   2.7900000000000000e+02
   2.7900000000000000e+02
   2.7900000000000000e+02
   2.7900000000000000e+02
   2.7900000000000000e+02
   2.7900000000000000e+02
   2.7900000000000000e+02
   2.7900000000000000e+02
   2.7900000000000000e+02
   2.7900000000000000e+02
   2.7900000000000000e+02
   2.7900000000000000e+02
   2.7900000000000000e+02
   2.7900000000000000e+02
   2.7900000000000000e+02
   2.7900000000000000e+02
   2.7900000000000000e+02
   2.7900000000000000e+02
   2.7900000000000000e+02
   2.8000000000000000e+02
   2.8000000000000000e+02
   2.8000000000000000e+02
   2.8000000000000000e+02
   2.8000000000000000e+02
   2.8000000000000000e+02
   2.8000000000000000e+02
   2.8000000000000000e+02
   2.8000000000000000e+02
   2.8000000000000000e+02
   2.8000000000000000e+02
   2.8000000000000000e+02
   2.8000000000000000e+02
   2.8000000000000000e+02
   2.8000000000000000e+02
   2.8000000000000000e+02
   2.8000000000000000e+02
   2.8000000000000000e+02
   2.8000000000000000e+02
   2.8000000000000000e+02
   2.8000000000000000e+02
   2.8000000000000000e+02
   2.8000000000000000e+02
   2.8000000000000000e+02
   2.8000000000000000e+02
   2.8000000000000000e+02
   2.8000000000000000e+02
   2.8000000000000000e+02
   2.8000000000000000e+02
   2.8000000000000000e+02
   2.8100000000000000e+02
   2.8100000000000000e+02
   2.8100000000000000e+02
   2.8100000000000000e+02
   2.8100000000000000e+02
   2.8100000000000000e+02
   2.8100000000000000e+02
   2.8100000000000000e+02
   2.8100000000000000e+02
   2.8100000000000000e+02
   2.8100000000000000e+02
   2.8100000000000000e+02
   2.8100000000000000e+02
   2.8100000000000000e+02
   2.8100000000000000e+02
   2.8100000000000000e+02
   2.8100000000000000e+02
   2.8100000000000000e+02
   2.8100000000000000e+02
   2.8100000000000000e+02
   2.8100000000000000e+02
   2.8100000000000000e+02
   2.8100000000000000e+02
   2.8100000000000000e+02
   2.8100000000000000e+02
   2.8100000000000000e+02
   2.8100000000000000e+02
   2.8100000000000000e+02
   2.8100000000000000e+02
   2.8100000000000000e+02
   2.8100000000000000e+02
   2.8200000000000000e+02
   2.8200000000000000e+02
   2.8200000000000000e+02
   2.8200000000000000e+02
   2.8200000000000000e+02
   2.8200000000000000e+02
   2.8200000000000000e+02
   2.8200000000000000e+02
   2.8200000000000000e+02
   2.8200000000000000e+02
   2.8200000000000000e+02
   2.8200000000000000e+02
   2.8200000000000000e+02
   2.8200000000000000e+02
   2.8200000000000000e+02
   2.8200000000000000e+02
   2.8200000000000000e+02
   2.8200000000000000e+02
   2.8200000000000000e+02
   2.8200000000000000e+02
   2.8200000000000000e+02
   2.8200000000000000e+02
   2.8200000000000000e+02
   2.8200000000000000e+02
   2.8200000000000000e+02
   2.8200000000000000e+02
   2.8200000000000000e+02
   2.8200000000000000e+02
   2.8200000000000000e+02
   2.8200000000000000e+02
   2.8200000000000000e+02
   2.8200000000000000e+02
   2.8300000000000000e+02
   2.8300000000000000e+02
   2.8300000000000000e+02
   2.8300000000000000e+02
   2.8300000000000000e+02
   2.8300000000000000e+02
   2.8300000000000000e+02
   2.8300000000000000e+02
   2.8300000000000000e+02
   2.8300000000000000e+02
   2.8300000000000000e+02
   2.8300000000000000e+02
   2.8300000000000000e+02
   2.8300000000000000e+02
   2.8300000000000000e+02
   2.8300000000000000e+02
   2.8300000000000000e+02
   2.8300000000000000e+02
   2.8300000000000000e+02
   2.8300000000000000e+02
   2.8300000000000000e+02
   2.8300000000000000e+02
   2.8300000000000000e+02
   2.8300000000000000e+02
   2.8300000000000000e+02
   2.8300000000000000e+02
   2.8300000000000000e+02
   2.8300000000000000e+02
   2.8300000000000000e+02
   2.8300000000000000e+02
   2.8300000000000000e+02
   2.8300000000000000e+02
   2.8400000000000000e+02
   2.8400000000000000e+02
   2.8400000000000000e+02
   2.8400000000000000e+02
   2.8400000000000000e+02
   2.8400000000000000e+02
   2.8400000000000000e+02
   2.8400000000000000e+02
   2.8400000000000000e+02
   2.8400000000000000e+02
   2.8400000000000000e+02
   2.8400000000000000e+02
   2.8400000000000000e+02
   2.8400000000000000e+02
   2.8400000000000000e+02
   2.8400000000000000e+02
   2.8400000000000000e+02
   2.8400000000000000e+02
   2.8400000000000000e+02
   2.8400000000000000e+02
   2.8400000000000000e+02
   2.8400000000000000e+02
   2.8400000000000000e+02
   2.8400000000000000e+02
   2.8400000000000000e+02
   2.8400000000000000e+02
   2.8400000000000000e+02
   2.8400000000000000e+02
   2.8400000000000000e+02
   2.8400000000000000e+02
   2.8400000000000000e+02
   2.8400000000000000e+02
   2.8500000000000000e+02
   2.8500000000000000e+02
   2.8500000000000000e+02
   2.8500000000000000e+02
   2.8500000000000000e+02
   2.8500000000000000e+02
   2.8500000000000000e+02
   2.8500000000000000e+02
   2.8500000000000000e+02
   2.8500000000000000e+02
   2.8500000000000000e+02
   2.8500000000000000e+02
   2.8500000000000000e+02
   2.8500000000000000e+02
   2.8500000000000000e+02
   2.8500000000000000e+02
   2.8500000000000000e+02
   2.8500000000000000e+02
   2.8500000000000000e+02
   2.8500000000000000e+02
   2.8500000000000000e+02
   2.8500000000000000e+02
   2.8500000000000000e+02
   2.8500000000000000e+02
   2.8500000000000000e+02
   2.8500000000000000e+02
   2.8500000000000000e+02
   2.8500000000000000e+02
   2.8500000000000000e+02
   2.8500000000000000e+02
   2.8500000000000000e+02
   2.8500000000000000e+02
   2.8500000000000000e+02
   2.8600000000000000e+02
   2.8600000000000000e+02
   2.8600000000000000e+02
   2.8600000000000000e+02
   2.8600000000000000e+02
   2.8600000000000000e+02
   2.8600000000000000e+02
   2.8600000000000000e+02
   2.8600000000000000e+02
   2.8600000000000000e+02
   2.8600000000000000e+02
   2.8600000000000000e+02
   2.8600000000000000e+02
   2.8600000000000000e+02
   2.8600000000000000e+02
   2.8600000000000000e+02
   2.8600000000000000e+02
   2.8600000000000000e+02
   2.8600000000000000e+02
   2.8600000000000000e+02
   2.8600000000000000e+02
   2.8600000000000000e+02
   2.8600000000000000e+02
   2.8600000000000000e+02
   2.8600000000000000e+02
   2.8600000000000000e+02
   2.8600000000000000e+02
   2.8600000000000000e+02
   2.8600000000000000e+02
   2.8600000000000000e+02
   2.8600000000000000e+02
   2.8600000000000000e+02
   2.8600000000000000e+02
   2.8700000000000000e+02
   2.8700000000000000e+02
   2.8700000000000000e+02
   2.8700000000000000e+02
   2.8700000000000000e+02
   2.8700000000000000e+02
   2.8700000000000000e+02
   2.8700000000000000e+02
   2.8700000000000000e+02
   2.8700000000000000e+02
   2.8700000000000000e+02
   2.8700000000000000e+02
   2.8700000000000000e+02
   2.8700000000000000e+02
   2.8700000000000000e+02
   2.8700000000000000e+02
   2.8700000000000000e+02
   2.8700000000000000e+02
   2.8700000000000000e+02
   2.8700000000000000e+02
   2.8700000000000000e+02
   2.8700000000000000e+02
   2.8700000000000000e+02
   2.8700000000000000e+02
   2.8700000000000000e+02
   2.8700000000000000e+02
   2.8700000000000000e+02
   2.8700000000000000e+02
   2.8700000000000000e+02
   2.8700000000000000e+02
   2.8700000000000000e+02
   2.8700000000000000e+02
   2.8700000000000000e+02
   2.8700000000000000e+02
   2.8800000000000000e+02
   2.8800000000000000e+02
   2.8800000000000000e+02
   2.8800000000000000e+02
   2.8800000000000000e+02
   2.8800000000000000e+02
   2.8800000000000000e+02
   2.8800000000000000e+02
   2.8800000000000000e+02
   2.8800000000000000e+02
   2.8800000000000000e+02
   2.8800000000000000e+02
   2.8800000000000000e+02
   2.8800000000000000e+02
   2.8800000000000000e+02
   2.8800000000000000e+02
   2.8800000000000000e+02
   2.8800000000000000e+02
   2.8800000000000000e+02
   2.8800000000000000e+02
   2.8800000000000000e+02
   2.8800000000000000e+02
   2.8800000000000000e+02
   2.8800000000000000e+02
   2.8800000000000000e+02
   2.8800000000000000e+02
   2.8800000000000000e+02
   2.8800000000000000e+02
   2.8800000000000000e+02
   2.8800000000000000e+02
   2.8800000000000000e+02
   2.8800000000000000e+02
   2.8800000000000000e+02
   2.8800000000000000e+02
   2.8900000000000000e+02
   2.8900000000000000e+02
   2.8900000000000000e+02
   2.8900000000000000e+02
   2.8900000000000000e+02
   2.8900000000000000e+02
   2.8900000000000000e+02
   2.8900000000000000e+02
   2.8900000000000000e+02
   2.8900000000000000e+02
   2.8900000000000000e+02
   2.8900000000000000e+02
   2.8900000000000000e+02
   2.8900000000000000e+02
   2.8900000000000000e+02
   2.8900000000000000e+02
   2.8900000000000000e+02
   2.8900000000000000e+02
   2.8900000000000000e+02
   2.8900000000000000e+02
   2.8900000000000000e+02
   2.8900000000000000e+02
   2.8900000000000000e+02
   2.8900000000000000e+02
   2.8900000000000000e+02
   2.8900000000000000e+02
   2.8900000000000000e+02
   2.8900000000000000e+02
   2.8900000000000000e+02
   2.8900000000000000e+02
   2.8900000000000000e+02
   2.8900000000000000e+02
   2.8900000000000000e+02
   2.9000000000000000e+02
   2.9000000000000000e+02
   2.9000000000000000e+02
   2.9000000000000000e+02
   2.9000000000000000e+02
   2.9000000000000000e+02
   2.9000000000000000e+02
   2.9000000000000000e+02
   2.9000000000000000e+02
   2.9000000000000000e+02
   2.9000000000000000e+02
   2.9000000000000000e+02
   2.9000000000000000e+02
   2.9000000000000000e+02
   2.9000000000000000e+02
   2.9000000000000000e+02
   2.9000000000000000e+02
   2.9000000000000000e+02
   2.9000000000000000e+02
   2.9000000000000000e+02
   2.9000000000000000e+02
   2.9000000000000000e+02
   2.9000000000000000e+02
   2.9000000000000000e+02
   2.9000000000000000e+02
   2.9000000000000000e+02
   2.9000000000000000e+02
   2.9000000000000000e+02
   2.9000000000000000e+02
   2.9000000000000000e+02
   2.9000000000000000e+02
   2.9000000000000000e+02
   2.9000000000000000e+02
   2.9000000000000000e+02
   2.9100000000000000e+02
   2.9100000000000000e+02
   2.9100000000000000e+02
   2.9100000000000000e+02
   2.9100000000000000e+02
   2.9100000000000000e+02
   2.9100000000000000e+02
   2.9100000000000000e+02
   2.9100000000000000e+02
   2.9100000000000000e+02
   2.9100000000000000e+02
   2.9100000000000000e+02
   2.9100000000000000e+02
   2.9100000000000000e+02
   2.9100000000000000e+02
   2.9100000000000000e+02
   2.9100000000000000e+02
   2.9100000000000000e+02
   2.9100000000000000e+02
   2.9100000000000000e+02
   2.9100000000000000e+02
   2.9100000000000000e+02
   2.9100000000000000e+02
   2.9100000000000000e+02
   2.9100000000000000e+02
   2.9100000000000000e+02
   2.9100000000000000e+02
   2.9100000000000000e+02
   2.9100000000000000e+02
   2.9100000000000000e+02
   2.9100000000000000e+02
   2.9100000000000000e+02
   2.9100000000000000e+02
   2.9100000000000000e+02
   2.9200000000000000e+02
   2.9200000000000000e+02
   2.9200000000000000e+02
   2.9200000000000000e+02
   2.9200000000000000e+02
   2.9200000000000000e+02
   2.9200000000000000e+02
   2.9200000000000000e+02
   2.9200000000000000e+02
   2.9200000000000000e+02
   2.9200000000000000e+02
   2.9200000000000000e+02
   2.9200000000000000e+02
   2.9200000000000000e+02
   2.9200000000000000e+02
   2.9200000000000000e+02
   2.9200000000000000e+02
   2.9200000000000000e+02
   2.9200000000000000e+02
   2.9200000000000000e+02
   2.9200000000000000e+02
   2.9200000000000000e+02
   2.9200000000000000e+02
   2.9200000000000000e+02
   2.9200000000000000e+02
   2.9200000000000000e+02
   2.9200000000000000e+02
   2.9200000000000000e+02
   2.9200000000000000e+02
   2.9200000000000000e+02
   2.9200000000000000e+02
   2.9200000000000000e+02
   2.9200000000000000e+02
   2.9200000000000000e+02
   2.9300000000000000e+02
   2.9300000000000000e+02
   2.9300000000000000e+02
   2.9300000000000000e+02
   2.9300000000000000e+02
   2.9300000000000000e+02
   2.9300000000000000e+02
   2.9300000000000000e+02
   2.9300000000000000e+02
   2.9300000000000000e+02
   2.9300000000000000e+02
   2.9300000000000000e+02
   2.9300000000000000e+02
   2.9300000000000000e+02
   2.9300000000000000e+02
   2.9300000000000000e+02
   2.9300000000000000e+02
   2.9300000000000000e+02
   2.9300000000000000e+02
   2.9300000000000000e+02
   2.9300000000000000e+02
   2.9300000000000000e+02
   2.9300000000000000e+02
   2.9300000000000000e+02
   2.9300000000000000e+02
   2.9300000000000000e+02
   2.9300000000000000e+02
   2.9300000000000000e+02
   2.9300000000000000e+02
   2.9300000000000000e+02
   2.9300000000000000e+02
   2.9300000000000000e+02
   2.9300000000000000e+02
   2.9300000000000000e+02
   2.9400000000000000e+02
   2.9400000000000000e+02
   2.9400000000000000e+02
   2.9400000000000000e+02
   2.9400000000000000e+02
   2.9400000000000000e+02
   2.9400000000000000e+02
   2.9400000000000000e+02
   2.9400000000000000e+02
   2.9400000000000000e+02
   2.9400000000000000e+02
   2.9400000000000000e+02
   2.9400000000000000e+02
   2.9400000000000000e+02
   2.9400000000000000e+02
   2.9400000000000000e+02
   2.9400000000000000e+02
   2.9400000000000000e+02
   2.9400000000000000e+02
   2.9400000000000000e+02
   2.9400000000000000e+02
   2.9400000000000000e+02
   2.9400000000000000e+02
   2.9400000000000000e+02
   2.9400000000000000e+02
   2.9400000000000000e+02
   2.9400000000000000e+02
   2.9400000000000000e+02
   2.9400000000000000e+02
   2.9400000000000000e+02
   2.9400000000000000e+02
   2.9400000000000000e+02
   2.9400000000000000e+02
   2.9400000000000000e+02
   2.9500000000000000e+02
   2.9500000000000000e+02
   2.9500000000000000e+02
   2.9500000000000000e+02
   2.9500000000000000e+02
   2.9500000000000000e+02
   2.9500000000000000e+02
   2.9500000000000000e+02
   2.9500000000000000e+02
   2.9500000000000000e+02
   2.9500000000000000e+02
   2.9500000000000000e+02
   2.9500000000000000e+02
   2.9500000000000000e+02
   2.9500000000000000e+02
   2.9500000000000000e+02
   2.9500000000000000e+02
   2.9500000000000000e+02
   2.9500000000000000e+02
   2.9500000000000000e+02
   2.9500000000000000e+02
   2.9500000000000000e+02
   2.9500000000000000e+02
   2.9500000000000000e+02
   2.9500000000000000e+02
   2.9500000000000000e+02
   2.9500000000000000e+02
   2.9500000000000000e+02
   2.9500000000000000e+02
   2.9500000000000000e+02
   2.9500000000000000e+02
   2.9500000000000000e+02
   2.9500000000000000e+02
   2.9600000000000000e+02
   2.9600000000000000e+02
   2.9600000000000000e+02
   2.9600000000000000e+02
   2.9600000000000000e+02
   2.9600000000000000e+02
   2.9600000000000000e+02
   2.9600000000000000e+02
   2.9600000000000000e+02
   2.9600000000000000e+02
   2.9600000000000000e+02
   2.9600000000000000e+02
   2.9600000000000000e+02
   2.9600000000000000e+02
   2.9600000000000000e+02
   2.9600000000000000e+02
   2.9600000000000000e+02
   2.9600000000000000e+02
   2.9600000000000000e+02
   2.9600000000000000e+02
   2.9600000000000000e+02
   2.9600000000000000e+02
   2.9600000000000000e+02
   2.9600000000000000e+02
   2.9600000000000000e+02
   2.9600000000000000e+02
   2.9600000000000000e+02
   2.9600000000000000e+02
   2.9600000000000000e+02
   2.9600000000000000e+02
   1.0000000000000000e+03
