   1.0850310563151869e-01  -2.2917640750565749e-01   0.0000000000000000e+00   0.0000000000000000e+00
   1.0850310563151867e-01  -2.2917640750565746e-01  -5.0533730268917000e-09   1.4433756729740644e-08
   1.0850310563151859e-01  -2.2917640750565724e-01  -1.5160119080675097e-08   4.3301270189221911e-08
   1.0850310563151820e-01  -2.2917640750565613e-01  -3.5373611188241831e-08   1.0103629710818430e-07
   1.0850310563151649e-01  -2.2917640750565124e-01  -7.5800595403374842e-08   2.1650635094610763e-07
   1.0850310563150933e-01  -2.2917640750563081e-01  -1.5665456383363664e-07   4.4744645862194312e-07
   1.0850310563148009e-01  -2.2917640750554727e-01  -3.1836250069412615e-07   9.0932667397352006e-07
   1.0850310563136187e-01  -2.2917640750520957e-01  -6.4177837441482787e-07   1.8330871046759123e-06
   1.0850310563088647e-01  -2.2917640750385171e-01  -1.2886101218539996e-06   3.6806079660745612e-06
   1.0850310562897990e-01  -2.2917640749840604e-01  -2.5822736167144255e-06   7.3756496888226087e-06
   1.0850310562134363e-01  -2.2917640747659487e-01  -5.1696006062916973e-06   1.4765733133924034e-05
   1.0850310559077868e-01  -2.2917640738929337e-01  -1.0344254584296647e-05   2.9545900020966882e-05
   1.0850310546847905e-01  -2.2917640703997361e-01  -2.0693562531105922e-05   5.9106233769761984e-05
   1.0850310497920088e-01  -2.2917640564246700e-01  -4.1392178351104108e-05   1.1822690106498511e-04
   1.0850310302192887e-01  -2.2917640005198558e-01  -8.2789409402075890e-05   2.3646823403632522e-04
   1.0850309519252242e-01  -2.2917637768915042e-01  -1.6558386679157617e-04   4.7295088702547892e-04
   1.0850306387426202e-01  -2.2917628823599681e-01  -3.3117274387004631e-04   9.4591608937286749e-04
   1.0850301167674561e-01  -2.2917613914621901e-01  -4.9676153477494869e-04   1.4188810548470322e-03
   1.0850293859998679e-01  -2.2917593041985437e-01  -6.6235019641887360e-04   1.8918456650096297e-03
   1.0850284464400456e-01  -2.2917566205695517e-01  -8.2793868571444872e-04   2.3648098014224057e-03
   1.0850259409447309e-01  -2.2917494642183678e-01  -1.1591149749113252e-03   3.3107361792461083e-03
   1.0850184244616898e-01  -2.2917279951714264e-01  -1.8214635892875794e-03   5.2025780386293465e-03
   1.0850075673496265e-01  -2.2916969844073856e-01  -2.4838046203408573e-03   7.0943990530175482e-03
   1.0849933696537425e-01  -2.2916564320504951e-01  -3.1461353105434846e-03   8.9861916425154065e-03
   1.0849758314331472e-01  -2.2916063382632343e-01  -3.8084529024157588e-03   1.0877948227341998e-02
   1.0849549527608575e-01  -2.2915467032463127e-01  -4.4707546385387405e-03   1.2769661227861284e-02
   1.0849031744227991e-01  -2.2913988105174643e-01  -5.7952995142416261e-03   1.6552926158341214e-02
   1.0847595370827472e-01  -2.2909885433782701e-01  -8.4440776799602161e-03   2.4118599526847081e-02
   1.0845624672015615e-01  -2.2904256569336290e-01  -1.1092293370442385e-02   3.1682726740877479e-02
   1.0843119779063606e-01  -2.2897101872681092e-01  -1.3739770190177894e-02   3.9244822892825645e-02
   1.0840080858824329e-01  -2.2888421802478068e-01  -1.6386331798493369e-02   4.6804403205854078e-02
   1.0836508113719975e-01  -2.2878216915173930e-01  -1.9031801922636940e-02   5.4360983065106450e-02
   1.0832401781727036e-01  -2.2866487864965312e-01  -2.1676004370856063e-02   6.1914078048908937e-02
   1.0822589486644200e-01  -2.2838460381111797e-01  -2.6959901955915518e-02   7.7007876856498375e-02
   1.0810646587736580e-01  -2.2804346537731290e-01  -3.2236617136035831e-02   9.2081929303667182e-02
   1.0796576266629432e-01  -2.2764155082286722e-01  -3.7504744624923092e-02   1.0713237015074478e-01
   1.0780382271468468e-01  -2.2717896320637454e-01  -4.2762881684129166e-02   1.2215534023871050e-01
   1.0762068915807972e-01  -2.2665582114385252e-01  -4.8009628538527978e-02   1.3714698748296517e-01
   1.0741641077331499e-01  -2.2607225877819631e-01  -5.3243588790597741e-02   1.5210346786524909e-01
   1.0719104196405685e-01  -2.2542842574463404e-01  -5.8463369833343097e-02   1.6702094642344648e-01
   1.0667727872247396e-01  -2.2396062344118753e-01  -6.8854845282203300e-02   1.9672360942179870e-01
   1.0607994654517365e-01  -2.2225391959833216e-01  -7.9173005429221122e-02   2.2622451535854496e-01
   1.0539968136966482e-01  -2.2031006457926783e-01  -8.9406887606357316e-02   2.5549341091185523e-01
   1.0463720720670018e-01  -2.1813105194284410e-01  -9.9545628810901676e-02   2.8450028170659053e-01
   1.0379333528456436e-01  -2.1571911639044997e-01  -1.0957847842362874e-01   3.1321538321306813e-01
   1.0286896309143835e-01  -2.1307673146467476e-01  -1.1949481074781584e-01   3.4160927136324010e-01
   1.0196901083711987e-01  -2.1050378565904465e-01  -1.2831121583518104e-01   3.6686506381405809e-01
   1.0100542289345067e-01  -2.0774850512084039e-01  -1.3701720134729956e-01   3.9181611223211410e-01
   9.9979028296184588e-02  -2.0481317856152803e-01  -1.4560532930454159e-01   4.1644169595996233e-01
   9.8890709699564025e-02  -2.0170024420813876e-01  -1.5406827366522824e-01   4.4072136575561327e-01
   9.7741402538726027e-02  -1.9841228777002670e-01  -1.6239882707734110e-01   4.6463496082497019e-01
   9.6532094143610719e-02  -1.9495204028280105e-01  -1.7058990748053074e-01   4.8816262560996643e-01
   9.5263822805487106e-02  -1.9132237583125902e-01  -1.7863456455085494e-01   5.1128482631826488e-01
   9.3937676797264849e-02  -1.8752630915324667e-01  -1.8652598598100054e-01   5.3398236718061476e-01
   9.2554793348812045e-02  -1.8356699312647540e-01  -1.9425750358907806e-01   5.5623640642220495e-01
   9.1116357578549162e-02  -1.7944771614042107e-01  -2.0182259924942358e-01   5.7802847193460427e-01
   8.9623601382632548e-02  -1.7517189935552646e-01  -2.0921491063920278e-01   5.9934047663516177e-01
   8.8077802283088730e-02  -1.7074309385202541e-01  -2.1642823679497264e-01   6.2015473350100081e-01
   8.6480282236298944e-02  -1.6616497767079721e-01  -2.2345654347373450e-01   6.4045397026504258e-01
   8.4832406403272637e-02  -1.6144135274875065e-01  -2.3029396831339069e-01   6.6022134376179464e-01
   8.3135581883184206e-02  -1.5657614175132489e-01  -2.3693482578790451e-01   6.7944045391094898e-01
   8.1391256411679894e-02  -1.5157338480478050e-01  -2.4337361195285334e-01   6.9809535732715688e-01
   7.9600917025491630e-02  -1.4643723613103649e-01  -2.4960500897746041e-01   7.1617058054467908e-01
   7.7766088694921617e-02  -1.4117196058789078e-01  -2.5562388945958575e-01   7.3365113284595107e-01
   7.5888332925785493e-02  -1.3578193011753939e-01  -2.6142532052055650e-01   7.5052251868345199e-01
   7.2010459183405956e-02  -1.2464560565920355e-01  -2.7235709848814454e-01   7.8238235622996066e-01
   6.7980463660101312e-02  -1.1306523953831198e-01  -2.8236491180881662e-01   8.1164447764529168e-01
   6.3812004763906513e-02  -1.0107928028676605e-01  -2.9141666601532601e-01   8.3821191321401733e-01
   5.9519182303531988e-02  -8.8727520238144536e-02  -2.9948369429990018e-01   8.6199665925849800e-01
   5.5116487127326377e-02  -7.6050963145793418e-02  -3.0654083380291081e-01   8.8291996826069163e-01
   5.0618749761285269e-02  -6.3091687810991420e-02  -3.1256648715348118e-01   9.0091260795423145e-01
   4.6041088259650684e-02  -4.9892708178081474e-02  -3.1754266937030573e-01   9.1591508855668624e-01
   4.1398855479452643e-02  -3.6497830364720617e-02  -3.2145504031549416e-01   9.2787785742146878e-01
   3.6707585986964976e-02  -2.2951507105058316e-02  -3.2429292297293016e-01   9.3676146050027920e-01
   3.1982942799570417e-02  -9.2986900916854874e-03  -3.2604930789485054e-01   9.4253667011995246e-01
   2.7240664161055920e-02   4.4153192914278393e-03  -3.2672084422558667e-01   9.4518457869162553e-01
   2.2496510541988646e-02   1.8145020348067798e-02  -3.2630781776931050e-01   9.4469665808491188e-01
   1.7766212049668179e-02   3.1844864061002211e-02  -3.2481411661890114e-01   9.4107478451482374e-01
   1.3065416424319586e-02   4.5469404193934179e-02  -3.2224718490555193e-01   9.3433122890414977e-01
   8.4096377898032638e-03   5.8973448003115519e-02  -3.1861796526342262e-01   9.2448861279847849e-01
   3.8142063182791592e-03   7.2312206059496162e-02  -3.1394083063056655e-01   9.1157983002468757e-01
  -7.0578104091049585e-04   8.5441440685878597e-02  -3.0823350602669114e-01   8.9564793439613366e-01
  -5.1355086272753814e-03   9.8317612518755954e-02  -3.0151698096029023e-01   8.7674599387861574e-01
  -9.4604887987872303e-03   1.1089802471132218e-01  -2.9381541312266146e-01   8.5493691174012076e-01
  -1.3666607203271243e-02   1.2314096430251693e-01  -2.8515602402469620e-01   8.3029321531404754e-01
  -1.7740166479262385e-02   1.3500584028687404e-01  -2.7556898722459522e-01   8.0289681310975647e-01
  -2.1667928283334845e-02   1.4645331793134223e-01  -2.6508730978134154e-01   7.7283872110557528e-01
  -2.5437153550006471e-02   1.5744544889809328e-01  -2.5374670755045026e-01   7.4021875915755808e-01
  -2.9035640899116370e-02   1.6794579674658316e-01  -2.4158547491582305e-01   7.0514521855203749e-01
  -3.2451763114010615e-02   1.7791955740372972e-01  -2.2864434952511570e-01   6.6773450182110394e-01
  -3.5674501621903512e-02   1.8733367420796604e-01  -2.1496637256654100e-01   6.2811073602733203e-01
  -3.8693478915365280e-02   1.9615694715105783e-01  -2.0059674509315342e-01   5.8640536080712413e-01
  -4.1498988860996351e-02   2.0436013596088157e-01  -1.8558268086706406e-01   5.4275669254076631e-01
  -4.4082024847959492e-02   2.1191605668877431e-01  -1.6997325616138129e-01   4.9730946609145621e-01
  -4.6434305735146543e-02   2.1879967148652840e-01  -1.5381925692261561e-01   4.5021435562502993e-01
  -4.8548299561352017e-02   2.2498817128053716e-01  -1.3717302366144019e-01   4.0162747608666832e-01
  -5.0417244987922077e-02   2.3046105107393183e-01  -1.2008829440567639e-01   3.5170986697039952e-01
  -5.2035170447957399e-02   2.3520017763171483e-01  -1.0262004601671677e-01   3.0062696007154072e-01
  -5.3396910980297724e-02   2.3918984932880422e-01  -8.4824334139847510e-02   2.4854803296126526e-01
  -5.4498122730236138e-02   2.4241684796649407e-01  -6.6758132030554543e-02   1.9564564996607908e-01
  -5.5335295102236663e-02   2.4487048238901091e-01  -4.8479168473326832e-02   1.4209509247308780e-01
  -5.5905760552909113e-02   2.4654262375854311e-01  -3.0045764987093115e-02   8.8073780414411620e-02
  -5.6207702015171647e-02   2.4742773237423876e-01  -1.1516672492557096e-02   3.3760686810912426e-02
  -5.6259595527078390e-02   2.4757985685672165e-01   9.0786753115246199e-15  -2.6874336089832696e-14
