   6.8024389337134565e-05  -1.9995093753324221e-04   0.0000000000000000e+00   0.0000000000000000e+00   1.5857021276406993e+00   3.5018452744815151e-07
   1.3604877867426913e-04  -3.9980382879550576e-04   0.0000000000000000e+00   0.0000000000000000e+00   1.5857021251196333e+00   1.4001246557501649e-06
   2.0407316801140371e-04  -5.9955879150831531e-04   0.0000000000000000e+00   0.0000000000000000e+00   1.5857021213402835e+00   3.1489016149066998e-06
   2.7209755734853831e-04  -7.9921594303392074e-04   0.0000000000000000e+00   0.0000000000000000e+00   1.5857021158819038e+00   5.5955985105370995e-06
   3.4012194668567292e-04  -9.9877540037299184e-04   0.0000000000000000e+00   0.0000000000000000e+00   1.5857021089030612e+00   8.7393003166004932e-06
   4.0814633602280753e-04  -1.1982372801711816e-03   0.0000000000000000e+00   0.0000000000000000e+00   1.5857021003878933e+00   1.2579093868249736e-05
   4.7617072535994213e-04  -1.3976016987154987e-03   0.0000000000000000e+00   0.0000000000000000e+00   1.5857020903393590e+00   1.7114067854594332e-05
   5.4419511469707674e-04  -1.5968687719389767e-03   0.0000000000000000e+00   0.0000000000000000e+00   1.5857020787545610e+00   2.2343312811612455e-05
   6.1221950403421129e-04  -1.7960386154209410e-03   0.0000000000000000e+00   0.0000000000000000e+00   1.5857020656340794e+00   2.8265921115035694e-05
   6.8024389337134584e-04  -1.9951113443862577e-03   0.0000000000000000e+00   0.0000000000000000e+00   1.5857020509844435e+00   3.4880986973216010e-05
   7.4826828270848039e-04  -2.1940870737142443e-03   0.0000000000000000e+00   0.0000000000000000e+00   1.5857020347999162e+00   4.2187606420320597e-05
   8.1629267204561494e-04  -2.3929659179311347e-03   0.0000000000000000e+00   0.0000000000000000e+00   1.5857020170877365e+00   5.0184877309084855e-05
   8.8431706138274949e-04  -2.5917479912149731e-03   0.0000000000000000e+00   0.0000000000000000e+00   1.5857019978476155e+00   5.8871899303938920e-05
   9.5234145071988404e-04  -2.7904334074000023e-03   0.0000000000000000e+00   0.0000000000000000e+00   1.5857019770825467e+00   6.8247773874212717e-05
   1.0203658400570186e-03  -2.9890222799713673e-03   0.0000000000000000e+00   0.0000000000000000e+00   1.5857019547934093e+00   7.8311604286977515e-05
   1.0883902293941533e-03  -3.1875147220746386e-03   0.0000000000000000e+00   0.0000000000000000e+00   1.5857019309828007e+00   8.9062495600538875e-05
   1.1564146187312879e-03  -3.3859108465086152e-03   0.0000000000000000e+00   0.0000000000000000e+00   1.5857019056523984e+00   1.0049955465722758e-04
   1.2244390080684226e-03  -3.5842107657356585e-03   0.0000000000000000e+00   0.0000000000000000e+00   1.5857018788039217e+00   1.1262189007705162e-04
   1.2924633974055572e-03  -3.7824145918741348e-03   0.0000000000000000e+00   0.0000000000000000e+00   1.5857018504395965e+00   1.2542861225048693e-04
   1.3604877867426919e-03  -3.9805224367105378e-03   0.0000000000000000e+00   0.0000000000000000e+00   1.5857018205605333e+00   1.3891883333236636e-04
   1.4285121760798266e-03  -4.1785344116789967e-03   0.0000000000000000e+00   0.0000000000000000e+00   1.5857017891708125e+00   1.5309166723386251e-04
   1.4965365654169612e-03  -4.3764506278959805e-03   0.0000000000000000e+00   0.0000000000000000e+00   1.5857017562708160e+00   1.6794622961789168e-04
   1.5645609547540959e-03  -4.5742711961394705e-03   0.0000000000000000e+00   0.0000000000000000e+00   1.5857017218618303e+00   1.8348163789118330e-04
   1.6325853440912305e-03  -4.7719962268421706e-03   0.0000000000000000e+00   0.0000000000000000e+00   1.5857016859458173e+00   1.9969701119702170e-04
   1.7006097334283652e-03  -4.9696258301210987e-03   0.0000000000000000e+00   0.0000000000000000e+00   1.5857016485260755e+00   2.1659147041071001e-04
   1.7686341227654999e-03  -5.1671601157528549e-03   0.0000000000000000e+00   0.0000000000000000e+00   1.5857016096037666e+00   2.3416413813118434e-04
   1.8366585121026345e-03  -5.3645991931883701e-03   0.0000000000000000e+00   0.0000000000000000e+00   1.5857015691807024e+00   2.5241413867550279e-04
   1.9046829014397692e-03  -5.5619431715475771e-03   0.0000000000000000e+00   0.0000000000000000e+00   1.5857015272585797e+00   2.7134059807186299e-04
   1.9727072907769041e-03  -5.7591921596276321e-03   0.0000000000000000e+00   0.0000000000000000e+00   1.5857014838397718e+00   2.9094264405375508e-04
   2.0407316801140389e-03  -5.9563462658971580e-03   0.0000000000000000e+00   0.0000000000000000e+00   1.5857014389258404e+00   3.1121940605296719e-04
   2.1087560694511738e-03  -6.1534055985044142e-03   0.0000000000000000e+00   0.0000000000000000e+00   1.5857013925186578e+00   3.3217001519383909e-04
   2.1767804587883087e-03  -6.3503702652728490e-03   0.0000000000000000e+00   0.0000000000000000e+00   1.5857013446200761e+00   3.5379360428641629e-04
   2.2448048481254436e-03  -6.5472403737017529e-03   0.0000000000000000e+00   0.0000000000000000e+00   1.5857012952318592e+00   3.7608930782005484e-04
   2.3128292374625784e-03  -6.7440160309737126e-03   0.0000000000000000e+00   0.0000000000000000e+00   1.5857012443561005e+00   3.9905626195776641e-04
   2.3808536267997133e-03  -6.9406973439510048e-03   0.0000000000000000e+00   0.0000000000000000e+00   1.5857011919945272e+00   4.2269360452950396e-04
   2.4488780161368482e-03  -7.1372844191779430e-03   0.0000000000000000e+00   0.0000000000000000e+00   1.5857011381490056e+00   4.4700047502605660e-04
   2.5169024054739831e-03  -7.3337773628826810e-03   0.0000000000000000e+00   0.0000000000000000e+00   1.5857010828212608e+00   4.7197601459293107e-04
   2.5849267948111179e-03  -7.5301762809783452e-03   0.0000000000000000e+00   0.0000000000000000e+00   1.5857010260130793e+00   4.9761936602419851e-04
   2.6529511841482528e-03  -7.7264812790601026e-03   0.0000000000000000e+00   0.0000000000000000e+00   1.5857009677264731e+00   5.2392967375587305e-04
   2.7209755734853877e-03  -7.9226924624169158e-03   0.0000000000000000e+00   0.0000000000000000e+00   1.5857009079631383e+00   5.5090608386107584e-04
   2.7889999628225226e-03  -8.1188099360210639e-03   0.0000000000000000e+00   0.0000000000000000e+00   1.5857008467249323e+00   5.7854774404258427e-04
   2.8570243521596574e-03  -8.3148338045357009e-03   0.0000000000000000e+00   0.0000000000000000e+00   1.5857007840136501e+00   6.0685380362755466e-04
   2.9250487414967923e-03  -8.5107641723139761e-03   0.0000000000000000e+00   0.0000000000000000e+00   1.5857007198315014e+00   6.3582341356126291e-04
   2.9930731308339272e-03  -8.7066011434006451e-03   0.0000000000000000e+00   0.0000000000000000e+00   1.5857006541793843e+00   6.6545572640117642e-04
   3.0610975201710621e-03  -8.9023448215390551e-03   0.0000000000000000e+00   0.0000000000000000e+00   1.5857005870591243e+00   6.9574989631181693e-04
   3.1291219095081970e-03  -9.0979953101555378e-03   0.0000000000000000e+00   0.0000000000000000e+00   1.5857005184733941e+00   7.2670507905652848e-04
   3.1971462988453318e-03  -9.2935527123802868e-03   0.0000000000000000e+00   0.0000000000000000e+00   1.5857004484235540e+00   7.5832043199429346e-04
   3.2651706881824667e-03  -9.4890171310372095e-03   0.0000000000000000e+00   0.0000000000000000e+00   1.5857003769113933e+00   7.9059511407231589e-04
   3.3331950775196016e-03  -9.6843886686511834e-03   0.0000000000000000e+00   0.0000000000000000e+00   1.5857003039385347e+00   8.2352828582107191e-04
   3.4012194668567365e-03  -9.8796674274417313e-03   0.0000000000000000e+00   0.0000000000000000e+00   1.5857002295068701e+00   8.5711910934739522e-04
   3.4692438561938713e-03  -1.0074853509328486e-02   0.0000000000000000e+00   0.0000000000000000e+00   1.5857001536176694e+00   8.9136674832931734e-04
   3.5372682455310062e-03  -1.0269947015935350e-02   0.0000000000000000e+00   0.0000000000000000e+00   1.5857000762734204e+00   9.2627036801080746e-04
   3.6052926348681411e-03  -1.0464948048588035e-02   0.0000000000000000e+00   0.0000000000000000e+00   1.5856999974756123e+00   9.6182913519550581e-04
   3.6733170242052760e-03  -1.0659856708310322e-02   0.0000000000000000e+00   0.0000000000000000e+00   1.5856999172259898e+00   9.9804221824020649e-04
   3.7413414135424108e-03  -1.0854673095833925e-02   0.0000000000000000e+00   0.0000000000000000e+00   1.5856998355262353e+00   1.0349087870505963e-03
   3.8093658028795457e-03  -1.1049397311600760e-02   0.0000000000000000e+00   0.0000000000000000e+00   1.5856997523780476e+00   1.0724280130758679e-03
   3.8773901922166806e-03  -1.1244029455754969e-02   0.0000000000000000e+00   0.0000000000000000e+00   1.5856996677831994e+00   1.1105990693015665e-03
   3.9454145815538150e-03  -1.1438569628143212e-02   0.0000000000000000e+00   0.0000000000000000e+00   1.5856995817434054e+00   1.1494211302437861e-03
   4.0134389708909495e-03  -1.1633017928333794e-02   0.0000000000000000e+00   0.0000000000000000e+00   1.5856994942601950e+00   1.1888933719468231e-03
   4.0814633602280839e-03  -1.1827374455593436e-02   0.0000000000000000e+00   0.0000000000000000e+00   1.5856994053356457e+00   1.2290149719733107e-03
   4.1494877495652184e-03  -1.2021639308903376e-02   0.0000000000000000e+00   0.0000000000000000e+00   1.5856993149712750e+00   1.2697851094013689e-03
   4.2175121389023528e-03  -1.2215812586964685e-02   0.0000000000000000e+00   0.0000000000000000e+00   1.5856992231687324e+00   1.3112029648199841e-03
   4.2855365282394873e-03  -1.2409894388178518e-02   0.0000000000000000e+00   0.0000000000000000e+00   1.5856991299297938e+00   1.3532677203196043e-03
   4.3535609175766217e-03  -1.2603884810669189e-02   0.0000000000000000e+00   0.0000000000000000e+00   1.5856990352560993e+00   1.3959785594908655e-03
   4.4215853069137561e-03  -1.2797783952271772e-02   0.0000000000000000e+00   0.0000000000000000e+00   1.5856989391493457e+00   1.4393346674166046e-03
   4.4896096962508906e-03  -1.2991591910547185e-02   0.0000000000000000e+00   0.0000000000000000e+00   1.5856988416112117e+00   1.4833352306692768e-03
   4.5576340855880250e-03  -1.3185308782759921e-02   0.0000000000000000e+00   0.0000000000000000e+00   1.5856987426433751e+00   1.5279794373008995e-03
   4.6256584749251595e-03  -1.3378934665902354e-02   0.0000000000000000e+00   0.0000000000000000e+00   1.5856986422474904e+00   1.5732664768424024e-03
   4.6936828642622939e-03  -1.3572469656684016e-02   0.0000000000000000e+00   0.0000000000000000e+00   1.5856985404252528e+00   1.6191955402959485e-03
   4.7617072535994284e-03  -1.3765913851532962e-02   0.0000000000000000e+00   0.0000000000000000e+00   1.5856984371783314e+00   1.6657658201296843e-03
   4.8297316429365628e-03  -1.3959267346608413e-02   0.0000000000000000e+00   0.0000000000000000e+00   1.5856983325083041e+00   1.7129765102749989e-03
   4.8977560322736972e-03  -1.4152530237777764e-02   0.0000000000000000e+00   0.0000000000000000e+00   1.5856982264169130e+00   1.7608268061160832e-03
   4.9657804216108317e-03  -1.4345702620641880e-02   0.0000000000000000e+00   0.0000000000000000e+00   1.5856981189057537e+00   1.8093159044899787e-03
   5.0338048109479661e-03  -1.4538784590524080e-02   0.0000000000000000e+00   0.0000000000000000e+00   1.5856980099764646e+00   1.8584430036787834e-03
   5.1018292002851006e-03  -1.4731776242470757e-02   0.0000000000000000e+00   0.0000000000000000e+00   1.5856978996306716e+00   1.9082073034043692e-03
   5.1698535896222350e-03  -1.4924677671265778e-02   0.0000000000000000e+00   0.0000000000000000e+00   1.5856977878700536e+00   1.9586080048263400e-03
   5.2378779789593695e-03  -1.5117488971402122e-02   0.0000000000000000e+00   0.0000000000000000e+00   1.5856976746962581e+00   2.0096443105300996e-03
   5.3059023682965039e-03  -1.5310210237122130e-02   0.0000000000000000e+00   0.0000000000000000e+00   1.5856975601108583e+00   2.0613154245309297e-03
   5.3739267576336383e-03  -1.5502841562381124e-02   0.0000000000000000e+00   0.0000000000000000e+00   1.5856974441155347e+00   2.1136205522601192e-03
   5.4419511469707728e-03  -1.5695383040872094e-02   0.0000000000000000e+00   0.0000000000000000e+00   1.5856973267117536e+00   2.1665589005655170e-03
   5.5099755363079072e-03  -1.5887834766028050e-02   0.0000000000000000e+00   0.0000000000000000e+00   1.5856972079011229e+00   2.2201296777069560e-03
   5.5779999256450417e-03  -1.6080196830994768e-02   0.0000000000000000e+00   0.0000000000000000e+00   1.5856970876854959e+00   2.2743320933442390e-03
   5.6460243149821761e-03  -1.6272469328677049e-02   0.0000000000000000e+00   0.0000000000000000e+00   1.5856969660660913e+00   2.3291653585434517e-03
   5.7140487043193106e-03  -1.6464652351689101e-02   0.0000000000000000e+00   0.0000000000000000e+00   1.5856968430448557e+00   2.3846286857592933e-03
   5.7820730936564450e-03  -1.6656745992394036e-02   0.0000000000000000e+00   0.0000000000000000e+00   1.5856967186232640e+00   2.4407212888398564e-03
   5.8500974829935794e-03  -1.6848750342899371e-02   0.0000000000000000e+00   0.0000000000000000e+00   1.5856965928028421e+00   2.4974423830204768e-03
   5.9181218723307139e-03  -1.7040665495031974e-02   0.0000000000000000e+00   0.0000000000000000e+00   1.5856964655851993e+00   2.5547911849119901e-03
   5.9861462616678483e-03  -1.7232491540366549e-02   0.0000000000000000e+00   0.0000000000000000e+00   1.5856963369719594e+00   2.6127669125030634e-03
   6.0541706510049828e-03  -1.7424228570225898e-02   0.0000000000000000e+00   0.0000000000000000e+00   1.5856962069645986e+00   2.6713687851553005e-03
   6.1221950403421172e-03  -1.7615876675655701e-02   0.0000000000000000e+00   0.0000000000000000e+00   1.5856960755647593e+00   2.7305960235913065e-03
   6.1902194296792517e-03  -1.7807435947451728e-02   0.0000000000000000e+00   0.0000000000000000e+00   1.5856959427740034e+00   2.7904478498969884e-03
   6.2582438190163861e-03  -1.7998906476158427e-02   0.0000000000000000e+00   0.0000000000000000e+00   1.5856958085938380e+00   2.8509234875162444e-03
   6.3262682083535205e-03  -1.8190288352053934e-02   0.0000000000000000e+00   0.0000000000000000e+00   1.5856956730258296e+00   2.9120221612417545e-03
   6.3942925976906550e-03  -1.8381581665167290e-02   0.0000000000000000e+00   0.0000000000000000e+00   1.5856955360715523e+00   2.9737430972148144e-03
   6.4623169870277894e-03  -1.8572786505262780e-02   0.0000000000000000e+00   0.0000000000000000e+00   1.5856953977325281e+00   3.0360855229158799e-03
   6.5303413763649239e-03  -1.8763902961853950e-02   0.0000000000000000e+00   0.0000000000000000e+00   1.5856952580105332e+00   3.0990486671636031e-03
   6.5983657657020583e-03  -1.8954931124217426e-02   0.0000000000000000e+00   0.0000000000000000e+00   1.5856951169066791e+00   3.1626317601140598e-03
   6.6663901550391928e-03  -1.9145871081358522e-02   0.0000000000000000e+00   0.0000000000000000e+00   1.5856949744226390e+00   3.2268340332457105e-03
   6.7344145443763272e-03  -1.9336722922042113e-02   0.0000000000000000e+00   0.0000000000000000e+00   1.5856948305598002e+00   3.2916547193636066e-03
   6.8024389337134616e-03  -1.9527486734764184e-02   0.0000000000000000e+00   0.0000000000000000e+00   1.5856946853200811e+00   3.3570930525859315e-03
