   6.7344145443763272e-03  -1.9336722922042113e-02   0.0000000000000000e+00   0.0000000000000000e+00   1.5856948305598002e+00   1.1804521504907317e-04
   6.8024389337134616e-03  -1.9527486734764184e-02   0.0000000000000000e+00   0.0000000000000000e+00   1.5856946853200811e+00   1.1804521504907317e-04
   6.8772657619843094e-03  -1.9737225361808608e-02   0.0000000000000000e+00   0.0000000000000000e+00   1.5856945239677358e+00   3.4297876890731307e-03
   6.9595752730822417e-03  -1.9967815091220024e-02   0.0000000000000000e+00   0.0000000000000000e+00   1.5856943445602023e+00   3.5106127011366147e-03
   7.0501157352899670e-03  -2.0221315433539989e-02   0.0000000000000000e+00   0.0000000000000000e+00   1.5856941448917874e+00   3.6005603547479984e-03
   7.1497102437184648e-03  -2.0499986533174350e-02   0.0000000000000000e+00   0.0000000000000000e+00   1.5856939224533604e+00   3.7007592675978511e-03
   7.2592642029898121e-03  -2.0806308134162215e-02   0.0000000000000000e+00   0.0000000000000000e+00   1.5856936743846657e+00   3.8124956728430152e-03
   7.3797735581882943e-03  -2.1143000218238277e-02   0.0000000000000000e+00   0.0000000000000000e+00   1.5856933974186767e+00   3.9372383566974607e-03
   7.5123338489066251e-03  -2.1513045437087076e-02   0.0000000000000000e+00   0.0000000000000000e+00   1.5856930878163751e+00   4.0766679445291788e-03
   7.6581501686967890e-03  -2.1919713464317241e-02   0.0000000000000000e+00   0.0000000000000000e+00   1.5856927412891315e+00   4.2327113365881863e-03
   7.8185481204659686e-03  -2.2366587394393862e-02   0.0000000000000000e+00   0.0000000000000000e+00   1.5856923529091249e+00   4.4075822439879689e-03
   7.9949858674120654e-03  -2.2857592316138233e-02   0.0000000000000000e+00   0.0000000000000000e+00   1.5856919169956323e+00   4.6038289524148457e-03
   8.1890673890527722e-03  -2.3397026186288947e-02   0.0000000000000000e+00   0.0000000000000000e+00   1.5856914270087357e+00   4.8243906496203120e-03
   8.4025570628575505e-03  -2.3989593123446021e-02   0.0000000000000000e+00   0.0000000000000000e+00   1.5856908753734957e+00   5.0726638982755848e-03
   8.6373957040428075e-03  -2.4640439234268612e-02   0.0000000000000000e+00   0.0000000000000000e+00   1.5856902533195509e+00   5.3525811243016041e-03
   8.8957182093465908e-03  -2.5355191070114570e-02   0.0000000000000000e+00   0.0000000000000000e+00   1.5856895506685968e+00   5.6687033285094399e-03
   9.1798729651807517e-03  -2.6139996793737259e-02   0.0000000000000000e+00   0.0000000000000000e+00   1.5856887555874266e+00   6.0263296240413832e-03
   9.4924431965983293e-03  -2.7001570109487266e-02   0.0000000000000000e+00   0.0000000000000000e+00   1.5856878542947397e+00   6.4316266610171717e-03
   9.8362704511576644e-03  -2.7947236976392266e-02   0.0000000000000000e+00   0.0000000000000000e+00   1.5856868307149390e+00   6.8917815317537309e-03
   1.0214480431172934e-02  -2.8984985079011635e-02   0.0000000000000000e+00   0.0000000000000000e+00   1.5856856660673502e+00   7.4151823633093004e-03
   1.0630511409189731e-02  -3.0123515974442842e-02   0.0000000000000000e+00   0.0000000000000000e+00   1.5856843383800288e+00   8.0116315076680013e-03
   1.1088145485008208e-02  -3.1372299762744853e-02   0.0000000000000000e+00   0.0000000000000000e+00   1.5856828219137495e+00   8.6925970416386680e-03
   1.1591542968408532e-02  -3.2741632039494602e-02   0.0000000000000000e+00   0.0000000000000000e+00   1.5856810864804058e+00   9.4715091952596725e-03
   1.2145280200148888e-02  -3.4242692780140589e-02   0.0000000000000000e+00   0.0000000000000000e+00   1.5856790966357646e+00   1.0364109343762681e-02
   1.2754391155063280e-02  -3.5887606671790244e-02   0.0000000000000000e+00   0.0000000000000000e+00   1.5856768107247516e+00   1.1388860324367509e-02
   1.3424413205469112e-02  -3.7689504245114080e-02   0.0000000000000000e+00   0.0000000000000000e+00   1.5856741797528422e+00   1.2567428070597124e-02
   1.4161437460915527e-02  -3.9662582960724994e-02   0.0000000000000000e+00   0.0000000000000000e+00   1.5856711460515600e+00   1.3925245879378979e-02
   1.4972164141906583e-02  -4.1822167164281443e-02   0.0000000000000000e+00   0.0000000000000000e+00   1.5856676417029860e+00   1.5492174014271512e-02
   1.5863963490996745e-02  -4.4184765533804196e-02   0.0000000000000000e+00   0.0000000000000000e+00   1.5856635866798792e+00   1.7303268758409082e-02
   1.6844942774995923e-02  -4.6768124290087719e-02   0.0000000000000000e+00   0.0000000000000000e+00   1.5856588866522059e+00   1.9399676395703242e-02
   1.7924019987395019e-02  -4.9591274013568956e-02   0.0000000000000000e+00   0.0000000000000000e+00   1.5856534304004395e+00   2.1829668818589533e-02
   1.9111004921034024e-02  -5.2674567389102381e-02   0.0000000000000000e+00   0.0000000000000000e+00   1.5856470867694279e+00   2.4649838388309489e-02
   2.0416688348036928e-02  -5.6039704560731436e-02   0.0000000000000000e+00   0.0000000000000000e+00   1.5856397010787810e+00   2.7926470101520905e-02
   2.1852940117740121e-02  -5.9709741989976507e-02   0.0000000000000000e+00   0.0000000000000000e+00   1.5856310908971676e+00   3.1737108751602967e-02
   2.3432817064413632e-02  -6.3709079728551818e-02   0.0000000000000000e+00   0.0000000000000000e+00   1.5856210410654883e+00   3.6172337202528576e-02
   2.5170681705754493e-02  -6.8063420783181589e-02   0.0000000000000000e+00   0.0000000000000000e+00   1.5856092978340366e+00   4.1337778548231716e-02
   2.7082332811229442e-02  -7.2799694683909677e-02   0.0000000000000000e+00   0.0000000000000000e+00   1.5855955619501330e+00   4.7356329016820541e-02
   2.9185149027251885e-02  -7.7945935356924206e-02   0.0000000000000000e+00   0.0000000000000000e+00   1.5855794804975523e+00   5.4370618896028670e-02
   3.1498246864876574e-02  -8.3531100792002017e-02   0.0000000000000000e+00   0.0000000000000000e+00   1.5855606372442244e+00   6.2545683970394825e-02
   3.4042654486263729e-02  -8.9584818564455868e-02   0.0000000000000000e+00   0.0000000000000000e+00   1.5855385411938820e+00   7.2071807829868384e-02
   3.6841502869789600e-02  -9.6137036707011472e-02   0.0000000000000000e+00   0.0000000000000000e+00   1.5855126129596355e+00   8.3167462917783624e-02
   3.9920236091668060e-02  -1.0321755327869832e-01   0.0000000000000000e+00   0.0000000000000000e+00   1.5854821684688951e+00   9.6082231064153978e-02
   4.3306842635734366e-02  -1.1085538957986721e-01   0.0000000000000000e+00   0.0000000000000000e+00   1.5854463993645567e+00   1.1109951637890939e-01
   4.7032109834207303e-02  -1.1907796032927502e-01   0.0000000000000000e+00   0.0000000000000000e+00   1.5854043492610808e+00   1.2853876590499252e-01
   5.1129903752527531e-02  -1.2790997773773843e-01   0.0000000000000000e+00   0.0000000000000000e+00   1.5853548847268315e+00   1.4875677332162140e-01
   5.5637477062679783e-02  -1.3737200293262156e-01   0.0000000000000000e+00   0.0000000000000000e+00   1.5852966594454705e+00   1.7214743875875815e-01
   6.0595807703847260e-02  -1.4747852382726062e-01   0.0000000000000000e+00   0.0000000000000000e+00   1.5852280693944405e+00   1.9913906362615738e-01
   6.6049971409131492e-02  -1.5823538705291226e-01   0.0000000000000000e+00   0.0000000000000000e+00   1.5851471959498471e+00   2.3018782652741240e-01
   7.2049551484944144e-02  -1.6963633231905562e-01   0.0000000000000000e+00   0.0000000000000000e+00   1.5850517323888316e+00   2.6576543918753115e-01
   7.8649089568338063e-02  -1.8165825164811258e-01   0.0000000000000000e+00   0.0000000000000000e+00   1.5849388869590901e+00   3.0633799298559877e-01
   8.5908581460071368e-02  -1.9425458840479809e-01   0.0000000000000000e+00   0.0000000000000000e+00   1.5848052518834714e+00   3.5233145492640827e-01
   9.3894022540978006e-02  -2.0734593409655339e-01   0.0000000000000000e+00   0.0000000000000000e+00   1.5846466210736900e+00   4.0407674734749582e-01
   1.0267800772997530e-01  -2.2080623535916424e-01   0.0000000000000000e+00   0.0000000000000000e+00   1.5844577274269100e+00   4.6172304828103966e-01
   1.1234039143787233e-01  -2.3444178397151111e-01   0.0000000000000000e+00   0.0000000000000000e+00   1.5842318476154131e+00   5.2510020214871189e-01
