nan nan nan nan nan nan nan
1.1429129450662463e+00 1.1474917285470039e+00 1.1670932287367164e+00 1.1943277640010901e+00 1.5215331249263746e+00 2.0341907761451012e+00 2.5727749810557548e+00
1.1429129450662463e+00 1.1474854247119048e+00 1.1669167714776993e+00 1.1934251597301917e+00 1.5362056458756426e+00 2.0559776342133325e+00 2.6023795304773376e+00
1.1429129450662463e+00 1.1474749081810989e+00 1.1666123795414169e+00 1.1931187849641409e+00 1.5500328479343746e+00 2.0764696397417683e+00 2.6298224789913762e+00
1.1429129450662463e+00 1.1474601636645465e+00 1.1661611646780223e+00 1.1995718244907534e+00 1.5634001991450239e+00 2.0961107679087982e+00 2.6560749159210046e+00
1.1429129450662463e+00 1.1474411695914322e+00 1.1655262107177078e+00 1.2057176065478399e+00 1.5763596812891520e+00 2.1154188092806119e+00 2.6811633129704848e+00
1.1429129450662463e+00 1.1474178979416016e+00 1.1646226393906753e+00 1.2115557320507440e+00 1.5889064697904309e+00 2.1341006138809511e+00 2.7058555485498910e+00
1.1429129450662463e+00 1.1473903140232578e+00 1.1646500331307545e+00 1.2173387151674775e+00 1.6014061310307086e+00 2.1522786753104217e+00 2.7297228360622388e+00
1.1429129450662463e+00 1.1473583761924340e+00 1.1680068983600849e+00 1.2228787327367832e+00 1.6135198929035444e+00 2.1705454250611753e+00 2.7528172061450298e+00
1.1429129450662463e+00 1.1473220355084572e+00 1.1712293331433112e+00 1.2282045588311792e+00 1.6254433162944995e+00 2.1883043718786785e+00 2.7753837908920906e+00
1.1429129450662463e+00 1.1472812353180373e+00 1.1744070736431165e+00 1.2335274088016388e+00 1.6371940890687224e+00 2.2054732676362403e+00 2.7978640887348720e+00
1.1429129450662463e+00 1.1472359107587609e+00 1.1776059492464206e+00 1.2387125757435133e+00 1.6487861404538220e+00 2.2228368665890881e+00 2.8196819883055917e+00
1.1429129450662463e+00 1.1471859881704991e+00 1.1806490528228506e+00 1.2436402319390603e+00 1.6605477471221024e+00 2.2395748687041164e+00 2.8413664755912156e+00
1.1429129450662463e+00 1.1471313844004329e+00 1.1837473158159131e+00 1.2485771419914566e+00 1.6718785386697985e+00 2.2566067873572333e+00 2.8629310160331913e+00
1.1429129450662463e+00 1.1470720059839250e+00 1.1866831357227190e+00 1.2534821240330776e+00 1.6830796738910805e+00 2.2729707673250865e+00 2.8836696548858987e+00
1.1429129450662463e+00 1.1470077481790235e+00 1.1896311304721507e+00 1.2583160060723884e+00 1.6941581946010031e+00 2.2897145772647081e+00 2.9042312192992825e+00
1.1429129450662463e+00 1.1469384938267730e+00 1.1925370210739132e+00 1.2628236060612745e+00 1.7051202690269307e+00 2.3057452562103133e+00 2.9246309084089410e+00
1.1429129450662463e+00 1.1468641120021745e+00 1.1955003243679083e+00 1.2676330157807798e+00 1.7159713611672804e+00 2.3216050033542683e+00 2.9448830188135502e+00
1.1429129450662463e+00 1.1467844564111127e+00 1.1983365156095045e+00 1.2720506860797942e+00 1.7267163578049711e+00 2.3373012003107752e+00 2.9649928815873081e+00
1.1429129450662463e+00 1.1466993634759024e+00 1.2009998645330766e+00 1.2765145674288210e+00 1.7373596656846666e+00 2.3528398995733997e+00 2.9849689166849966e+00
1.1429129450662463e+00 1.1466086500351347e+00 1.2037867755194156e+00 1.2810248411128484e+00 1.7479052871850260e+00 2.3689579100032905e+00 3.0048188154836399e+00
1.1429129450662463e+00 1.1465121105603941e+00 1.2065156333725875e+00 1.2853113809678285e+00 1.7583568801759377e+00 2.3842345922641988e+00 3.0235534407915519e+00
1.1429129450662463e+00 1.1464095137605013e+00 1.2091629762164831e+00 1.2896239725938439e+00 1.7687178060342632e+00 2.3993715601168888e+00 3.0431382303626462e+00
1.1429129450662463e+00 1.1463005983990644e+00 1.2119008796958122e+00 1.2939627589824600e+00 1.7789911686484519e+00 2.4143736418395720e+00 3.0615430010445874e+00
1.1429129450662463e+00 1.1461850680869488e+00 1.2145271548201548e+00 1.2983252726668948e+00 1.7891798464639175e+00 2.4292453101240947e+00 3.0808875842244059e+00
1.1429129450662463e+00 1.1460625847174770e+00 1.2172231567355916e+00 1.3024109631366527e+00 1.7992865190800014e+00 2.4439907044077467e+00 3.0989894462490000e+00
1.1429129450662463e+00 1.1459327600719984e+00 1.2197824368398622e+00 1.3065033519939033e+00 1.8093136895256439e+00 2.4586135847353630e+00 3.1169244841241395e+00
1.1429129450662463e+00 1.1457951449083488e+00 1.2223957025480168e+00 1.3106034320683542e+00 1.8192637030625833e+00 2.4740553550520854e+00 3.1359353244776451e+00
1.1429129450662463e+00 1.1456492145046360e+00 1.2248467725967609e+00 1.3147113591513504e+00 1.8291387631563227e+00 2.4884747794001787e+00 3.1536028005817016e+00
1.1429129450662463e+00 1.1454943490742759e+00 1.2273379006657130e+00 1.3188266261082349e+00 1.8389409450879746e+00 2.5027821721466688e+00 3.1711194908084335e+00
1.1429129450662463e+00 1.1453298065199369e+00 1.2298695513345927e+00 1.3226053259688497e+00 1.8486722075223401e+00 2.5169806204414096e+00 3.1898327294630411e+00
1.1429129450662463e+00 1.1451546832989838e+00 1.2324392933591002e+00 1.3267299708147353e+00 1.8583344021340054e+00 2.5310730464684257e+00 3.2071082605401706e+00
1.1429129450662463e+00 1.1449678559618459e+00 1.2348098423995753e+00 1.3305012567781991e+00 1.8679292809022732e+00 2.5450622213195375e+00 3.2242475512835935e+00
1.1429129450662463e+00 1.1447678893882003e+00 1.2372060707802650e+00 1.3346338624713214e+00 1.8774584987834164e+00 2.5589507772252875e+00 3.2412518633891274e+00
1.1429129450662463e+00 1.1445528831617997e+00 1.2396289097281230e+00 1.3384000383336403e+00 1.8869235957187300e+00 2.5727412183803340e+00 3.2596105438662746e+00
1.1429129450662463e+00 1.1443201907565392e+00 1.2420777171622603e+00 1.3421590058055783e+00 1.8971156491711618e+00 2.5864359305536033e+00 3.2764036094945346e+00
1.1429129450662463e+00 1.1440658359567333e+00 1.2445506603423295e+00 1.3459114473664009e+00 1.9064762493229845e+00 2.6000371896324066e+00 3.2930747900681685e+00
1.1429129450662463e+00 1.1437830156807978e+00 1.2467844748514276e+00 1.3496579783915628e+00 1.9157770489026535e+00 2.6135471692094021e+00 3.3096268151958985e+00
1.1429129450662463e+00 1.1434560170388872e+00 1.2493012873146467e+00 1.3533990844393990e+00 1.9250193732568661e+00 2.6269679472728988e+00 3.3260608780182133e+00
1.1429129450662463e+00 1.1438274797016195e+00 1.2515687911090734e+00 1.3571350704902274e+00 1.9342044919290327e+00 2.6403015119851210e+00 3.3440316339822629e+00
1.1429129450662463e+00 1.1444922536052864e+00 1.2538491818560065e+00 1.3608660922899061e+00 1.9433336223427953e+00 2.6535497663764356e+00 3.3602820634580182e+00
1.1429129450662463e+00 1.1452069432597862e+00 1.2561427659614059e+00 1.3645922389744427e+00 1.9524079331459876e+00 2.6667145313727287e+00 3.3764247334376685e+00
1.1429129450662463e+00 1.1458792787674064e+00 1.2584495585388800e+00 1.3683135907212924e+00 1.9614285472552138e+00 2.6797975452036700e+00 3.3924620189292689e+00
1.1429129450662463e+00 1.1465024418411887e+00 1.2607691465150535e+00 1.3715845192908878e+00 1.9703965446354919e+00 2.6928004509457746e+00 3.4083961256826076e+00
1.1429129450662463e+00 1.1472631727889062e+00 1.2631009263131316e+00 1.3752934424976451e+00 1.9793129648446037e+00 2.7057247096182975e+00 3.4242289607791219e+00
1.1429129450662463e+00 1.1478733595245338e+00 1.2651415163752502e+00 1.3789968508273107e+00 1.9881788093677797e+00 2.7200019218824112e+00 3.4399607535596433e+00
1.1429129450662463e+00 1.1485190204133338e+00 1.2674960396563282e+00 1.3826955522095985e+00 1.9969950437649493e+00 2.7328007847810074e+00 3.4574738856711713e+00
1.1429129450662463e+00 1.1492025423096237e+00 1.2698597034286885e+00 1.3859190594750987e+00 2.0057625996499446e+00 2.7455256834758224e+00 3.4730526645485864e+00
1.1429129450662463e+00 1.1499213114799209e+00 1.2719208786897487e+00 1.3896061764720318e+00 2.0144823765185782e+00 2.7581780277549104e+00 3.4885388242509077e+00
1.1429129450662463e+00 1.1505710176846180e+00 1.2743036455316155e+00 1.3927997439985513e+00 2.0231552434404700e+00 2.7707591790007782e+00 3.5039341971808806e+00
1.1429129450662463e+00 1.1512520303731175e+00 1.2763752659276602e+00 1.3964771505670261e+00 2.0317820406276934e+00 2.7832704526847989e+00 3.5192405405929819e+00
1.1429129450662463e+00 1.1518566042113161e+00 1.2784480515162904e+00 1.4001483980080929e+00 2.0403635808917895e+00 2.7957131206862060e+00 3.5344595346827394e+00
1.1429129450662463e+00 1.1525976686499038e+00 1.2805207148456617e+00 1.4033111694757006e+00 2.0489006509993870e+00 2.8080884134514781e+00 3.5495927737556610e+00
1.1429129450662463e+00 1.1531468190158227e+00 1.2829409954788891e+00 1.4069720024281751e+00 2.0573940129354922e+00 2.8203975220081419e+00 3.5646417370841705e+00
1.1429129450662463e+00 1.1538341518249535e+00 1.2850269464240944e+00 1.4101105303567474e+00 2.0658444050825633e+00 2.8326415998455619e+00 3.5796076734909437e+00
1.1429129450662463e+00 1.1545462736795837e+00 1.2871151466132364e+00 1.4137612842779097e+00 2.0742525433225625e+00 2.8448217646739238e+00 3.5944904746997572e+00
1.1429129450662463e+00 1.1551694500610090e+00 1.2892057492947087e+00 1.4168770478759380e+00 2.0826191220684844e+00 2.8569391000715005e+00 3.6114792665722053e+00
1.1429129450662463e+00 1.1558149855189752e+00 1.2912988936806218e+00 1.4199736319339005e+00 2.0909448152311345e+00 2.8689946570292397e+00 3.6262397799178023e+00
1.1429129450662463e+00 1.1564826255324869e+00 1.2933946801345133e+00 1.4236121446861705e+00 2.0992302771263924e+00 2.8809894554008424e+00 3.6409234535655055e+00
1.1429129450662463e+00 1.1570524341598105e+00 1.2954931415019975e+00 1.4266892918490472e+00 2.1074761433276556e+00 2.8929244852656972e+00 3.6555316008940033e+00
1.1429129450662463e+00 1.1577625683629862e+00 1.2975942365165818e+00 1.4303170403650736e+00 2.1156830314677220e+00 2.9048007082113441e+00 3.6700654940513902e+00
1.1429129450662463e+00 1.1583712794154775e+00 1.2996978741152361e+00 1.4333749545709995e+00 2.1238515419939414e+00 2.9166190585414999e+00 3.6845263655153939e+00
1.1429129450662463e+00 1.1589980415498242e+00 1.3018039459723021e+00 1.4364157356725122e+00 2.1319822588801407e+00 2.9283804444151613e+00 3.6989154094147185e+00
1.1429129450662463e+00 1.1596427953432842e+00 1.3039123467031901e+00 1.4400319620614594e+00 2.1400757502984846e+00 2.9400857489217613e+00 3.7132337825382673e+00
1.1429129450662463e+00 1.1603051557384700e+00 1.3060229809113744e+00 1.4430560780464285e+00 2.1481325692541469e+00 2.9517358310969444e+00 3.7274826048879408e+00
1.1429129450662463e+00 1.1608562199615429e+00 1.3077451077164270e+00 1.4460633846364417e+00 2.1561532541854476e+00 2.9633315268831275e+00 3.7416629594788842e+00
1.1429129450662463e+00 1.1615524648910365e+00 1.3098591093488310e+00 1.4496682646830987e+00 2.1641383295318342e+00 2.9748736500386395e+00 3.7557758907341610e+00
1.1429129450662463e+00 1.1621338740136737e+00 1.3119743527690706e+00 1.4526609333485043e+00 2.1720883062719194e+00 2.9863629929989441e+00 3.7698223998706242e+00
1.1429129450662463e+00 1.1627289900667483e+00 1.3140912466519705e+00 1.4556383288775081e+00 2.1800036824335893e+00 2.9978003276931253e+00 3.7838034326758718e+00
1.1429129450662463e+00 1.1633380777355546e+00 1.3158027068626947e+00 1.4592306495922793e+00 2.1878849435780241e+00 3.0091864063185874e+00 3.7977198428854799e+00
1.1429129450662463e+00 1.1639613324279039e+00 1.3179233760551252e+00 1.4621938761247149e+00 2.1957325632593383e+00 3.0205219620766717e+00 3.8115722359312252e+00
1.1429129450662463e+00 1.1645984602364174e+00 1.3200444874689115e+00 1.4651434337350531e+00 2.2035470034614035e+00 3.0318077098716798e+00 3.8279751492470662e+00
1.1429129450662463e+00 1.1652489284946188e+00 1.3217467894861015e+00 1.4687231055279328e+00 2.2113287150132912e+00 3.0430443469755981e+00 3.8417344272050324e+00
1.1429129450662463e+00 1.1659122869476630e+00 1.3238719619669796e+00 1.4716584922973062e+00 2.2190781379846651e+00 3.0542325536606532e+00 3.8554329953074253e+00
1.1429129450662463e+00 1.1664472598997313e+00 1.3259967449886552e+00 1.4745813718725176e+00 2.2267957020623657e+00 3.0653729938016649e+00 3.8690717174671159e+00
1.1429129450662463e+00 1.1671356359946852e+00 1.3276928480295525e+00 1.4774912277913685e+00 2.2344818269093039e+00 3.0764663154499963e+00 3.8826514359032203e+00
1.1429129450662463e+00 1.1676925273565693e+00 1.3298206007516264e+00 1.4810579862909929e+00 2.2421369225067318e+00 3.0875131513808078e+00 3.8961729719233613e+00
1.1429129450662463e+00 1.1682588912089256e+00 1.3315074475071409e+00 1.4839551744792678e+00 2.2497613894808688e+00 3.0985141196151669e+00 3.9096371266658796e+00
1.1429129450662463e+00 1.1688347775591263e+00 1.3336390192766601e+00 1.4868406529878120e+00 2.2573556194147715e+00 3.1094698239184684e+00 3.9230446818039293e+00
1.1429129450662463e+00 1.1694201925274548e+00 1.3357688844310995e+00 1.4897141267029554e+00 2.2649199951463173e+00 3.1203808542765179e+00 3.9363964002131033e+00
1.1429129450662463e+00 1.1701684978240838e+00 1.3374525635070709e+00 1.4925733380008186e+00 2.2724548910530658e+00 3.1312477873505320e+00 3.9496930266038772e+00
1.1429129450662463e+00 1.1706222447911114e+00 1.3395844508536183e+00 1.4961292813532550e+00 2.2799606733247293e+00 3.1420711869122342e+00 3.9629352881197928e+00
1.1429129450662463e+00 1.1712385019893388e+00 1.3412617039831582e+00 1.4989798471606328e+00 2.2874377002239528e+00 3.1528516042601251e+00 3.9761238949018285e+00
1.1429129450662463e+00 1.1718639617020923e+00 1.3433953998471426e+00 1.5018194246581003e+00 2.2948863223360068e+00 3.1635895786179695e+00 3.9892595406187645e+00
1.1429129450662463e+00 1.1724984516912202e+00 1.3450667627811628e+00 1.5046476446691468e+00 2.3023068828080189e+00 3.1742856375164292e+00 4.0023429029625310e+00
1.1429129450662463e+00 1.1731417758232145e+00 1.3472019844512970e+00 1.5081881288436900e+00 2.3096997175782747e+00 3.1849402971587470e+00 4.0153746441063127e+00
1.1429129450662463e+00 1.1736354583837330e+00 1.3488679028468638e+00 1.5110058094763881e+00 2.3170651555961213e+00 3.1955540627713153e+00 4.0283554111214048e+00
1.1429129450662463e+00 1.1742964020547513e+00 1.3505240262366789e+00 1.5138133053759961e+00 2.3244035190329502e+00 3.2061274289399027e+00 4.0412858363460753e+00
1.1429129450662463e+00 1.1748038279042021e+00 1.3526651828382117e+00 1.5166105998650958e+00 2.3317151234847224e+00 3.2166608799322787e+00 4.0541665376952052e+00
1.1429129450662463e+00 1.1754817061468661e+00 1.3543179387086783e+00 1.5193975181862915e+00 2.3390002781664583e+00 3.2271548900079190e+00 4.0669981188921716e+00
1.1429129450662463e+00 1.1760035083782505e+00 1.3564586243386583e+00 1.5221731633571927e+00 2.3462592860990976e+00 3.2376099237154397e+00 4.0797811695913877e+00
1.1429129450662463e+00 1.1765299173349879e+00 1.3581075034819823e+00 1.5257016095735019e+00 2.3534924442890990e+00 3.2480264361783560e+00 4.0925162653362266e+00
1.1429129450662463e+00 1.1772330349193938e+00 1.3602482494569310e+00 1.5284690668225045e+00 2.3607000439011383e+00 3.2584048733697490e+00 4.1052039672507492e+00
1.1429129450662463e+00 1.1777747197005783e+00 1.3618930642478280e+00 1.5312270749006041e+00 2.3678823704242449e+00 3.2687456723763666e+00 4.1178448212671572e+00
1.1429129450662463e+00 1.1783221119985750e+00 1.3635304018209833e+00 1.5339756269622171e+00 2.3750397038316788e+00 3.2790492616526610e+00 4.1304393564713866e+00
1.1429129450662463e+00 1.1788752359960457e+00 1.3656747627664185e+00 1.5367145992543956e+00 2.3821723187348445e+00 3.2893160612652395e+00 4.1429880815915645e+00
1.1429129450662463e+00 1.1794341129014096e+00 1.3673091190850521e+00 1.5394434270198298e+00 2.3892804845315343e+00 3.2995464831281791e+00 4.1554914770088978e+00
1.1429129450662463e+00 1.1799987826043461e+00 1.3689353561019633e+00 1.5429586117798131e+00 2.3963644655487473e+00 3.3097409312296149e+00 4.1679499736432302e+00
1.1429129450662463e+00 1.1805696310385427e+00 1.3710834766568829e+00 1.5456797598283525e+00 2.4034245211803404e+00 3.3198998018500090e+00 4.1803638784309465e+00
1.1429129450662463e+00 1.1811473389090703e+00 1.3727080777348606e+00 1.5483921560052474e+00 2.4104609060197473e+00 3.3300234837724658e+00 4.1927328022026362e+00
