8.6491106406735161e-06 -2.0000000000000022e-05 0.0000000000000000e+00 0.0000000000000000e+00 1.6310486177343169e+00 3.4971238930959875e-09
1.7298221281347032e-05 -4.0000000000000024e-05 0.0000000000000000e+00 0.0000000000000000e+00 1.6310479397208253e+00 1.3988504199250777e-08
2.5947331922020550e-05 -6.0000000000000042e-05 0.0000000000000000e+00 0.0000000000000000e+00 1.6310472616754406e+00 3.1474153858764652e-08
3.4596442562694071e-05 -8.0000000000000007e-05 0.0000000000000000e+00 0.0000000000000000e+00 1.6310465836267192e+00 5.5954085811937821e-08
4.3245553203367592e-05 -1.0000000000000005e-04 0.0000000000000000e+00 0.0000000000000000e+00 1.6310459055858315e+00 8.7428312999070650e-08
5.1894663844041114e-05 -1.1999999999999998e-04 0.0000000000000000e+00 0.0000000000000000e+00 1.6310452275551124e+00 1.2589684836046322e-07
6.0543774484714635e-05 -1.3999999999999996e-04 0.0000000000000000e+00 0.0000000000000000e+00 1.6310445495215478e+00 1.7135970483641598e-07
6.9192885125388156e-05 -1.5999999999999985e-04 0.0000000000000000e+00 0.0000000000000000e+00 1.6310438714989790e+00 2.2381689536722885e-07
7.7841995766061677e-05 -1.7999999999999971e-04 0.0000000000000000e+00 0.0000000000000000e+00 1.6310431934733793e+00 2.8326843289320222e-07
8.6491106406735198e-05 -1.9999999999999947e-04 0.0000000000000000e+00 0.0000000000000000e+00 1.6310425154558013e+00 3.4971433035463619e-07
9.5140217047408719e-05 -2.1999999999999938e-04 0.0000000000000000e+00 0.0000000000000000e+00 1.6310418374424587e+00 4.2315460069183172e-07
1.0378932768808224e-04 -2.3999999999999925e-04 0.0000000000000000e+00 0.0000000000000000e+00 1.6310411594351044e+00 5.0358925684508840e-07
1.1243843832875576e-04 -2.5999999999999938e-04 0.0000000000000000e+00 0.0000000000000000e+00 1.6310404814314008e+00 5.9101831175470781e-07
1.2108754896942928e-04 -2.7999999999999981e-04 0.0000000000000000e+00 0.0000000000000000e+00 1.6310398034286815e+00 6.8544177836099069e-07
1.2973665961010279e-04 -3.0000000000000019e-04 0.0000000000000000e+00 0.0000000000000000e+00 1.6310391254351795e+00 7.8685966960423578e-07
1.3838577025077628e-04 -3.2000000000000030e-04 0.0000000000000000e+00 0.0000000000000000e+00 1.6310384474415416e+00 8.9527199842474212e-07
1.4703488089144978e-04 -3.4000000000000008e-04 0.0000000000000000e+00 0.0000000000000000e+00 1.6310377694549794e+00 1.0106787777628098e-06
1.5568399153212327e-04 -3.5999999999999981e-04 0.0000000000000000e+00 0.0000000000000000e+00 1.6310370914735195e+00 1.1330800205587399e-06
1.6433310217279677e-04 -3.7999999999999991e-04 0.0000000000000000e+00 0.0000000000000000e+00 1.6310364134943500e+00 1.2624757397528354e-06
1.7298221281347026e-04 -3.9999999999999996e-04 0.0000000000000000e+00 0.0000000000000000e+00 1.6310357355193901e+00 1.3988659482853946e-06
1.8163132345414376e-04 -4.1999999999999958e-04 0.0000000000000000e+00 0.0000000000000000e+00 1.6310350575496992e+00 1.5422506590967141e-06
1.9028043409481725e-04 -4.3999999999999915e-04 0.0000000000000000e+00 0.0000000000000000e+00 1.6310343795847735e+00 1.6926298851270977e-06
1.9892954473549074e-04 -4.5999999999999839e-04 0.0000000000000000e+00 0.0000000000000000e+00 1.6310337016242802e+00 1.8500036393168427e-06
2.0757865537616424e-04 -4.7999999999999757e-04 0.0000000000000000e+00 0.0000000000000000e+00 1.6310330236676933e+00 2.0143719346062522e-06
2.1622776601683773e-04 -4.9999999999999676e-04 0.0000000000000000e+00 0.0000000000000000e+00 1.6310323457157523e+00 2.1857347839356247e-06
2.2487687665751123e-04 -5.1999999999999573e-04 0.0000000000000000e+00 0.0000000000000000e+00 1.6310316677678010e+00 2.3640922002452614e-06
2.3352598729818472e-04 -5.3999999999999415e-04 0.0000000000000000e+00 0.0000000000000000e+00 1.6310309898245832e+00 2.5494441964754581e-06
2.4217509793885821e-04 -5.5999999999999258e-04 0.0000000000000000e+00 0.0000000000000000e+00 1.6310303118858402e+00 2.7417907855665199e-06
2.5082420857953171e-04 -5.7999999999999133e-04 0.0000000000000000e+00 0.0000000000000000e+00 1.6310296339519812e+00 2.9411319804587484e-06
2.5947331922020520e-04 -5.9999999999999051e-04 0.0000000000000000e+00 0.0000000000000000e+00 1.6310289560224551e+00 3.1474677940924475e-06
2.6812242986087870e-04 -6.1999999999998927e-04 0.0000000000000000e+00 0.0000000000000000e+00 1.6310282780967194e+00 3.3607982394079075e-06
2.7677154050155219e-04 -6.3999999999998769e-04 0.0000000000000000e+00 0.0000000000000000e+00 1.6310276001750135e+00 3.5811233293454308e-06
2.8542065114222568e-04 -6.5999999999998590e-04 0.0000000000000000e+00 0.0000000000000000e+00 1.6310269222576019e+00 3.8084430768453175e-06
2.9406976178289918e-04 -6.7999999999998357e-04 0.0000000000000000e+00 0.0000000000000000e+00 1.6310262443455792e+00 4.0427574948478663e-06
3.0271887242357267e-04 -6.9999999999998189e-04 0.0000000000000000e+00 0.0000000000000000e+00 1.6310255664381144e+00 4.2840665962933865e-06
3.1136798306424617e-04 -7.1999999999998053e-04 0.0000000000000000e+00 0.0000000000000000e+00 1.6310248885337171e+00 4.5323703941221777e-06
3.2001709370491966e-04 -7.3999999999997917e-04 0.0000000000000000e+00 0.0000000000000000e+00 1.6310242106341841e+00 4.7876689012745357e-06
3.2866620434559315e-04 -7.5999999999997717e-04 0.0000000000000000e+00 0.0000000000000000e+00 1.6310235327402340e+00 5.0499621306907532e-06
3.3731531498626665e-04 -7.7999999999997472e-04 0.0000000000000000e+00 0.0000000000000000e+00 1.6310228548494889e+00 5.3192500953111338e-06
3.4596442562694014e-04 -7.9999999999997293e-04 0.0000000000000000e+00 0.0000000000000000e+00 1.6310221769627322e+00 5.5955328080759895e-06
3.5461353626761364e-04 -8.1999999999997071e-04 0.0000000000000000e+00 0.0000000000000000e+00 1.6310214990818295e+00 5.8788102819256087e-06
3.6326264690828713e-04 -8.3999999999996816e-04 0.0000000000000000e+00 0.0000000000000000e+00 1.6310208212042541e+00 6.1690825298002915e-06
3.7191175754896062e-04 -8.5999999999996485e-04 0.0000000000000000e+00 0.0000000000000000e+00 1.6310201433309863e+00 6.4663495646403315e-06
3.8056086818963412e-04 -8.7999999999996176e-04 0.0000000000000000e+00 0.0000000000000000e+00 1.6310194654631822e+00 6.7706113993860424e-06
3.8920997883030761e-04 -8.9999999999995964e-04 0.0000000000000000e+00 0.0000000000000000e+00 1.6310187875983633e+00 7.0818680469777346e-06
3.9785908947098111e-04 -9.1999999999995677e-04 0.0000000000000000e+00 0.0000000000000000e+00 1.6310181097392205e+00 7.4001195203556854e-06
4.0650820011165460e-04 -9.3999999999995335e-04 0.0000000000000000e+00 0.0000000000000000e+00 1.6310174318837212e+00 7.7253658324601993e-06
4.1515731075232810e-04 -9.5999999999994961e-04 0.0000000000000000e+00 0.0000000000000000e+00 1.6310167540324305e+00 8.0576069962315755e-06
4.2380642139300159e-04 -9.7999999999994511e-04 0.0000000000000000e+00 0.0000000000000000e+00 1.6310160761864705e+00 8.3968430246101068e-06
4.3245553203367508e-04 -9.9999999999994126e-04 0.0000000000000000e+00 0.0000000000000000e+00 1.6310153983436271e+00 8.7430739305361205e-06
4.4110464267434858e-04 -1.0199999999999365e-03 0.0000000000000000e+00 0.0000000000000000e+00 1.6310147205065950e+00 9.0962997269498895e-06
4.4975375331502207e-04 -1.0399999999999325e-03 0.0000000000000000e+00 0.0000000000000000e+00 1.6310140426726276e+00 9.4565204267917380e-06
4.5840286395569557e-04 -1.0599999999999286e-03 0.0000000000000000e+00 0.0000000000000000e+00 1.6310133648442655e+00 9.8237360430019592e-06
4.6705197459636906e-04 -1.0799999999999248e-03 0.0000000000000000e+00 0.0000000000000000e+00 1.6310126870190935e+00 1.0197946588520852e-05
4.7570108523704255e-04 -1.0999999999999201e-03 0.0000000000000000e+00 0.0000000000000000e+00 1.6310120091994336e+00 1.0579152076288697e-05
4.8435019587771605e-04 -1.1199999999999158e-03 0.0000000000000000e+00 0.0000000000000000e+00 1.6310113313832402e+00 1.0967352519245825e-05
4.9299930651838949e-04 -1.1399999999999119e-03 0.0000000000000000e+00 0.0000000000000000e+00 1.6310106535723359e+00 1.1362547930332526e-05
5.0164841715906287e-04 -1.1599999999999072e-03 0.0000000000000000e+00 0.0000000000000000e+00 1.6310099757647669e+00 1.1764738322489085e-05
5.1029752779973626e-04 -1.1799999999999027e-03 0.0000000000000000e+00 0.0000000000000000e+00 1.6310092979627206e+00 1.2173923708655819e-05
5.1894663844040964e-04 -1.1999999999998975e-03 0.0000000000000000e+00 0.0000000000000000e+00 1.6310086201639926e+00 1.2590104101773012e-05
5.2759574908108303e-04 -1.2199999999998915e-03 0.0000000000000000e+00 0.0000000000000000e+00 1.6310079423707247e+00 1.3013279514780959e-05
5.3624485972175642e-04 -1.2399999999998853e-03 0.0000000000000000e+00 0.0000000000000000e+00 1.6310072645807419e+00 1.3443449960619974e-05
5.4489397036242980e-04 -1.2599999999998799e-03 0.0000000000000000e+00 0.0000000000000000e+00 1.6310065867962660e+00 1.3880615452230375e-05
5.5354308100310319e-04 -1.2799999999998754e-03 0.0000000000000000e+00 0.0000000000000000e+00 1.6310059090150917e+00 1.4324776002552466e-05
5.6219219164377657e-04 -1.2999999999998714e-03 0.0000000000000000e+00 0.0000000000000000e+00 1.6310052312392718e+00 1.4775931624526540e-05
5.7084130228444996e-04 -1.3199999999998671e-03 0.0000000000000000e+00 0.0000000000000000e+00 1.6310045534671149e+00 1.5234082331092883e-05
5.7949041292512334e-04 -1.3399999999998617e-03 0.0000000000000000e+00 0.0000000000000000e+00 1.6310038756998404e+00 1.5699228135191775e-05
5.8813952356579673e-04 -1.3599999999998550e-03 0.0000000000000000e+00 0.0000000000000000e+00 1.6310031979369308e+00 1.6171369049763512e-05
5.9678863420647012e-04 -1.3799999999998471e-03 0.0000000000000000e+00 0.0000000000000000e+00 1.6310025201779617e+00 1.6650505087748391e-05
6.0543774484714350e-04 -1.3999999999998397e-03 0.0000000000000000e+00 0.0000000000000000e+00 1.6310018424240795e+00 1.7136636262086766e-05
6.1408685548781689e-04 -1.4199999999998313e-03 0.0000000000000000e+00 0.0000000000000000e+00 1.6310011646736777e+00 1.7629762585718883e-05
6.2273596612849027e-04 -1.4399999999998238e-03 0.0000000000000000e+00 0.0000000000000000e+00 1.6310004869285712e+00 1.8129884071585092e-05
6.3138507676916366e-04 -1.4599999999998160e-03 0.0000000000000000e+00 0.0000000000000000e+00 1.6309998091872544e+00 1.8637000732625669e-05
6.4003418740983704e-04 -1.4799999999998089e-03 0.0000000000000000e+00 0.0000000000000000e+00 1.6309991314505661e+00 1.9151112581780934e-05
6.4868329805051043e-04 -1.4999999999998001e-03 0.0000000000000000e+00 0.0000000000000000e+00 1.6309984537185629e+00 1.9672219631991133e-05
6.5733240869118382e-04 -1.5199999999997904e-03 0.0000000000000000e+00 0.0000000000000000e+00 1.6309977759901517e+00 2.0200321896196584e-05
6.6598151933185720e-04 -1.5399999999997796e-03 0.0000000000000000e+00 0.0000000000000000e+00 1.6309970982670325e+00 2.0735419387337586e-05
6.7463062997253059e-04 -1.5599999999997686e-03 0.0000000000000000e+00 0.0000000000000000e+00 1.6309964205477028e+00 2.1277512118354450e-05
6.8327974061320397e-04 -1.5799999999997582e-03 0.0000000000000000e+00 0.0000000000000000e+00 1.6309957428328226e+00 2.1826600102187504e-05
6.9192885125387736e-04 -1.5999999999997496e-03 0.0000000000000000e+00 0.0000000000000000e+00 1.6309950651228251e+00 2.2382683351777071e-05
7.0057796189455074e-04 -1.6199999999997397e-03 0.0000000000000000e+00 0.0000000000000000e+00 1.6309943874164381e+00 2.2945761880063383e-05
7.0922707253522413e-04 -1.6399999999997293e-03 0.0000000000000000e+00 0.0000000000000000e+00 1.6309937097150913e+00 2.3515835699986759e-05
7.1787618317589751e-04 -1.6599999999997179e-03 0.0000000000000000e+00 0.0000000000000000e+00 1.6309930320180661e+00 2.4092904824487477e-05
7.2652529381657090e-04 -1.6799999999997056e-03 0.0000000000000000e+00 0.0000000000000000e+00 1.6309923543248492e+00 2.4676969266505848e-05
7.3517440445724429e-04 -1.6999999999996924e-03 0.0000000000000000e+00 0.0000000000000000e+00 1.6309916766367447e+00 2.5268029038982169e-05
7.4382351509791767e-04 -1.7199999999996775e-03 0.0000000000000000e+00 0.0000000000000000e+00 1.6309909989526916e+00 2.5866084154856721e-05
7.5247262573859106e-04 -1.7399999999996617e-03 0.0000000000000000e+00 0.0000000000000000e+00 1.6309903212728434e+00 2.6471134627069812e-05
7.6112173637926444e-04 -1.7599999999996451e-03 0.0000000000000000e+00 0.0000000000000000e+00 1.6309896435979350e+00 2.7083180468561761e-05
7.6977084701993783e-04 -1.7799999999996289e-03 0.0000000000000000e+00 0.0000000000000000e+00 1.6309889659269756e+00 2.7702221692272890e-05
7.7841995766061121e-04 -1.7999999999996131e-03 0.0000000000000000e+00 0.0000000000000000e+00 1.6309882882603537e+00 2.8328258311143502e-05
7.8706906830128460e-04 -1.8199999999995978e-03 0.0000000000000000e+00 0.0000000000000000e+00 1.6309876105985901e+00 2.8961290338113898e-05
7.9571817894195799e-04 -1.8399999999995811e-03 0.0000000000000000e+00 0.0000000000000000e+00 1.6309869329406887e+00 2.9601317786124337e-05
8.0436728958263137e-04 -1.8599999999995658e-03 0.0000000000000000e+00 0.0000000000000000e+00 1.6309862552872800e+00 3.0248340668115180e-05
8.1301640022330476e-04 -1.8799999999995496e-03 0.0000000000000000e+00 0.0000000000000000e+00 1.6309855776386895e+00 3.0902358997026669e-05
8.2166551086397814e-04 -1.8999999999995347e-03 0.0000000000000000e+00 0.0000000000000000e+00 1.6309848999939689e+00 3.1563372785799174e-05
8.3031462150465153e-04 -1.9199999999995193e-03 0.0000000000000000e+00 0.0000000000000000e+00 1.6309842223537743e+00 3.2231382047372942e-05
8.3896373214532491e-04 -1.9399999999995022e-03 0.0000000000000000e+00 0.0000000000000000e+00 1.6309835447183274e+00 3.2906386794688231e-05
8.4761284278599830e-04 -1.9599999999994834e-03 0.0000000000000000e+00 0.0000000000000000e+00 1.6309828670868605e+00 3.3588387040685340e-05
8.5626195342667169e-04 -1.9799999999994631e-03 0.0000000000000000e+00 0.0000000000000000e+00 1.6309821894596817e+00 3.4277382798304581e-05
8.6491106406734507e-04 -1.9999999999994445e-03 0.0000000000000000e+00 0.0000000000000000e+00 1.6309815118374444e+00 3.4973374080486340e-05
