3.2712408094613084e-06 -1.9999999999999998e-05 0.0000000000000000e+00 0.0000000000000000e+00 1.9273817839485250e+00 2.1847609978231106e-09
6.5424816189226167e-06 -4.0000000000000003e-05 0.0000000000000000e+00 0.0000000000000000e+00 1.9273817475436177e+00 8.7390441676169582e-09
9.8137224283839255e-06 -6.0000000000000008e-05 0.0000000000000000e+00 0.0000000000000000e+00 1.9273817111296980e+00 1.9662849773868310e-08
1.3084963237845235e-05 -8.0000000000000007e-05 0.0000000000000000e+00 0.0000000000000000e+00 1.9273816747030754e+00 3.4956178081063928e-08
1.6356204047306545e-05 -1.0000000000000000e-04 0.0000000000000000e+00 0.0000000000000000e+00 1.9273816382981754e+00 5.4619029353690572e-08
1.9627444856767854e-05 -1.2000000000000002e-04 0.0000000000000000e+00 0.0000000000000000e+00 1.9273816018761307e+00 7.8651403856235047e-08
2.2898685666229164e-05 -1.4000000000000001e-04 0.0000000000000000e+00 0.0000000000000000e+00 1.9273815654650943e+00 1.0705330185318408e-07
2.6169926475690474e-05 -1.5999999999999999e-04 0.0000000000000000e+00 0.0000000000000000e+00 1.9273815290439125e+00 1.3982472360902444e-07
2.9441167285151783e-05 -1.7999999999999996e-04 0.0000000000000000e+00 0.0000000000000000e+00 1.9273814926277437e+00 1.7696566938824286e-07
3.2712408094613096e-05 -1.9999999999999990e-04 0.0000000000000000e+00 0.0000000000000000e+00 1.9273814562118419e+00 2.1847613945532609e-07
3.5983648904074406e-05 -2.1999999999999985e-04 0.0000000000000000e+00 0.0000000000000000e+00 1.9273814197946084e+00 2.6435613407476095e-07
3.9254889713535716e-05 -2.3999999999999979e-04 0.0000000000000000e+00 0.0000000000000000e+00 1.9273813833813243e+00 3.1460565351103424e-07
4.2526130522997025e-05 -2.5999999999999976e-04 0.0000000000000000e+00 0.0000000000000000e+00 1.9273813469635948e+00 3.6922469802863269e-07
4.5797371332458335e-05 -2.7999999999999976e-04 0.0000000000000000e+00 0.0000000000000000e+00 1.9273813105472044e+00 4.2821326789204326e-07
4.9068612141919644e-05 -2.9999999999999976e-04 0.0000000000000000e+00 0.0000000000000000e+00 1.9273812741308116e+00 4.9157136336575250e-07
5.2339852951380954e-05 -3.1999999999999976e-04 0.0000000000000000e+00 0.0000000000000000e+00 1.9273812377161448e+00 5.5929898471424720e-07
5.5611093760842264e-05 -3.3999999999999975e-04 0.0000000000000000e+00 0.0000000000000000e+00 1.9273812012970584e+00 6.3139613220201413e-07
5.8882334570303573e-05 -3.5999999999999975e-04 0.0000000000000000e+00 0.0000000000000000e+00 1.9273811648815646e+00 7.0786280609354007e-07
6.2153575379764883e-05 -3.7999999999999970e-04 0.0000000000000000e+00 0.0000000000000000e+00 1.9273811284663209e+00 7.8869900665331170e-07
6.5424816189226193e-05 -3.9999999999999969e-04 0.0000000000000000e+00 0.0000000000000000e+00 1.9273810920505987e+00 8.7390473414581601e-07
6.8696056998687502e-05 -4.1999999999999975e-04 0.0000000000000000e+00 0.0000000000000000e+00 1.9273810556350066e+00 9.6347998883553977e-07
7.1967297808148812e-05 -4.3999999999999980e-04 0.0000000000000000e+00 0.0000000000000000e+00 1.9273810192189385e+00 1.0574247709869699e-06
7.5238538617610122e-05 -4.5999999999999991e-04 0.0000000000000000e+00 0.0000000000000000e+00 1.9273809828029147e+00 1.1557390808645931e-06
7.8509779427071431e-05 -4.7999999999999990e-04 0.0000000000000000e+00 0.0000000000000000e+00 1.9273809463869715e+00 1.2584229187328953e-06
8.1781020236532741e-05 -4.9999999999999990e-04 0.0000000000000000e+00 0.0000000000000000e+00 1.9273809099709975e+00 1.3654762848563639e-06
8.5052261045994050e-05 -5.1999999999999985e-04 0.0000000000000000e+00 0.0000000000000000e+00 1.9273808735551203e+00 1.4768991794994857e-06
8.8323501855455360e-05 -5.3999999999999979e-04 0.0000000000000000e+00 0.0000000000000000e+00 1.9273808371387717e+00 1.5926916029267471e-06
9.1594742664916670e-05 -5.5999999999999973e-04 0.0000000000000000e+00 0.0000000000000000e+00 1.9273808007222237e+00 1.7128535554026353e-06
9.4865983474377979e-05 -5.7999999999999957e-04 0.0000000000000000e+00 0.0000000000000000e+00 1.9273807643064327e+00 1.8373850371916359e-06
9.8137224283839289e-05 -5.9999999999999941e-04 0.0000000000000000e+00 0.0000000000000000e+00 1.9273807278917119e+00 1.9662860485582374e-06
1.0140846509330060e-04 -6.1999999999999935e-04 0.0000000000000000e+00 0.0000000000000000e+00 1.9273806914768334e+00 2.0995565897669258e-06
1.0467970590276191e-04 -6.3999999999999929e-04 0.0000000000000000e+00 0.0000000000000000e+00 1.9273806550606958e+00 2.2371966610821885e-06
1.0795094671222322e-04 -6.5999999999999913e-04 0.0000000000000000e+00 0.0000000000000000e+00 1.9273806186446467e+00 2.3792062627685110e-06
1.1122218752168453e-04 -6.7999999999999896e-04 0.0000000000000000e+00 0.0000000000000000e+00 1.9273805822298729e+00 2.5255853950903802e-06
1.1449342833114584e-04 -6.9999999999999869e-04 0.0000000000000000e+00 0.0000000000000000e+00 1.9273805458152169e+00 2.6763340583122826e-06
1.1776466914060715e-04 -7.1999999999999831e-04 0.0000000000000000e+00 0.0000000000000000e+00 1.9273805093995158e+00 2.8314522526987055e-06
1.2103590995006846e-04 -7.3999999999999804e-04 0.0000000000000000e+00 0.0000000000000000e+00 1.9273804729836315e+00 2.9909399785141367e-06
1.2430715075952977e-04 -7.5999999999999777e-04 0.0000000000000000e+00 0.0000000000000000e+00 1.9273804365695397e+00 3.1547972360230617e-06
1.2757839156899109e-04 -7.7999999999999760e-04 0.0000000000000000e+00 0.0000000000000000e+00 1.9273804001538009e+00 3.3230240254899692e-06
1.3084963237845241e-04 -7.9999999999999754e-04 0.0000000000000000e+00 0.0000000000000000e+00 1.9273803637383120e+00 3.4956203471793447e-06
1.3412087318791374e-04 -8.1999999999999749e-04 0.0000000000000000e+00 0.0000000000000000e+00 1.9273803273243855e+00 3.6725862013556751e-06
1.3739211399737506e-04 -8.3999999999999754e-04 0.0000000000000000e+00 0.0000000000000000e+00 1.9273802909086373e+00 3.8539215882834482e-06
1.4066335480683638e-04 -8.5999999999999770e-04 0.0000000000000000e+00 0.0000000000000000e+00 1.9273802544939818e+00 4.0396265082271499e-06
1.4393459561629771e-04 -8.7999999999999775e-04 0.0000000000000000e+00 0.0000000000000000e+00 1.9273802180794328e+00 4.2297009614512669e-06
1.4720583642575903e-04 -8.9999999999999770e-04 0.0000000000000000e+00 0.0000000000000000e+00 1.9273801816641323e+00 4.4241449482202833e-06
1.5047707723522035e-04 -9.1999999999999775e-04 0.0000000000000000e+00 0.0000000000000000e+00 1.9273801452504276e+00 4.6229584687986904e-06
1.5374831804468167e-04 -9.3999999999999780e-04 0.0000000000000000e+00 0.0000000000000000e+00 1.9273801088348341e+00 4.8261415234509724e-06
1.5701955885414300e-04 -9.5999999999999775e-04 0.0000000000000000e+00 0.0000000000000000e+00 1.9273800724211785e+00 5.0336941124416155e-06
1.6029079966360432e-04 -9.7999999999999780e-04 0.0000000000000000e+00 0.0000000000000000e+00 1.9273800360058249e+00 5.2456162360351081e-06
1.6356204047306564e-04 -9.9999999999999764e-04 0.0000000000000000e+00 0.0000000000000000e+00 1.9273799995921337e+00 5.4619078944959346e-06
1.6683328128252697e-04 -1.0199999999999975e-03 0.0000000000000000e+00 0.0000000000000000e+00 1.9273799631772646e+00 5.6825690880885820e-06
1.7010452209198829e-04 -1.0399999999999975e-03 0.0000000000000000e+00 0.0000000000000000e+00 1.9273799267634311e+00 5.9075998170775421e-06
1.7337576290144961e-04 -1.0599999999999976e-03 0.0000000000000000e+00 0.0000000000000000e+00 1.9273798903487633e+00 6.1370000817272985e-06
1.7664700371091094e-04 -1.0799999999999978e-03 0.0000000000000000e+00 0.0000000000000000e+00 1.9273798539346481e+00 6.3707698823023398e-06
1.7991824452037226e-04 -1.0999999999999979e-03 0.0000000000000000e+00 0.0000000000000000e+00 1.9273798175202637e+00 6.6089092190671469e-06
1.8318948532983358e-04 -1.1199999999999980e-03 0.0000000000000000e+00 0.0000000000000000e+00 1.9273797811066062e+00 6.8514180922862126e-06
1.8646072613929491e-04 -1.1399999999999980e-03 0.0000000000000000e+00 0.0000000000000000e+00 1.9273797446922090e+00 7.0982965022240187e-06
1.8973196694875623e-04 -1.1599999999999983e-03 0.0000000000000000e+00 0.0000000000000000e+00 1.9273797082784907e+00 7.3495444491450589e-06
1.9300320775821755e-04 -1.1799999999999985e-03 0.0000000000000000e+00 0.0000000000000000e+00 1.9273796718640861e+00 7.6051619333138159e-06
1.9627444856767888e-04 -1.2000000000000003e-03 0.0000000000000000e+00 0.0000000000000000e+00 1.9273796354508885e+00 7.8651489549947943e-06
1.9954568937714020e-04 -1.2200000000000019e-03 0.0000000000000000e+00 0.0000000000000000e+00 1.9273795990363769e+00 8.1295055144524614e-06
2.0281693018660152e-04 -1.2400000000000035e-03 0.0000000000000000e+00 0.0000000000000000e+00 1.9273795626232384e+00 8.3982316119513060e-06
2.0608817099606285e-04 -1.2600000000000048e-03 0.0000000000000000e+00 0.0000000000000000e+00 1.9273795262088864e+00 8.6713272477558123e-06
2.0935941180552417e-04 -1.2800000000000060e-03 0.0000000000000000e+00 0.0000000000000000e+00 1.9273794897958387e+00 8.9487924221304664e-06
2.1263065261498549e-04 -1.3000000000000073e-03 0.0000000000000000e+00 0.0000000000000000e+00 1.9273794533817523e+00 9.2306271353397627e-06
2.1590189342444682e-04 -1.3200000000000087e-03 0.0000000000000000e+00 0.0000000000000000e+00 1.9273794169683724e+00 9.5168313876481807e-06
2.1917313423390814e-04 -1.3400000000000100e-03 0.0000000000000000e+00 0.0000000000000000e+00 1.9273793805552579e+00 9.8074051793202112e-06
2.2244437504336946e-04 -1.3600000000000116e-03 0.0000000000000000e+00 0.0000000000000000e+00 1.9273793441413547e+00 1.0102348510620342e-05
2.2571561585283078e-04 -1.3800000000000132e-03 0.0000000000000000e+00 0.0000000000000000e+00 1.9273793077285037e+00 1.0401661381813060e-05
2.2898685666229211e-04 -1.4000000000000149e-03 0.0000000000000000e+00 0.0000000000000000e+00 1.9273792713147782e+00 1.0705343793162851e-05
2.3225809747175343e-04 -1.4200000000000165e-03 0.0000000000000000e+00 0.0000000000000000e+00 1.9273792349017917e+00 1.1013395744934198e-05
2.3552933828121475e-04 -1.4400000000000181e-03 0.0000000000000000e+00 0.0000000000000000e+00 1.9273791984886650e+00 1.1325817237391589e-05
2.3880057909067608e-04 -1.4600000000000197e-03 0.0000000000000000e+00 0.0000000000000000e+00 1.9273791620751639e+00 1.1642608270799514e-05
2.4207181990013740e-04 -1.4800000000000214e-03 0.0000000000000000e+00 0.0000000000000000e+00 1.9273791256626998e+00 1.1963768845422459e-05
2.4534306070959872e-04 -1.5000000000000232e-03 0.0000000000000000e+00 0.0000000000000000e+00 1.9273790892492344e+00 1.2289298961524909e-05
2.4861430151906002e-04 -1.5200000000000252e-03 0.0000000000000000e+00 0.0000000000000000e+00 1.9273790528365429e+00 1.2619198619371357e-05
2.5188554232852132e-04 -1.5400000000000270e-03 0.0000000000000000e+00 0.0000000000000000e+00 1.9273790164238964e+00 1.2953467819226282e-05
2.5515678313798261e-04 -1.5600000000000290e-03 0.0000000000000000e+00 0.0000000000000000e+00 1.9273789800104992e+00 1.3292106561354173e-05
2.5842802394744391e-04 -1.5800000000000312e-03 0.0000000000000000e+00 0.0000000000000000e+00 1.9273789435981736e+00 1.3635114846019524e-05
2.6169926475690520e-04 -1.6000000000000335e-03 0.0000000000000000e+00 0.0000000000000000e+00 1.9273789071853644e+00 1.3982492673486811e-05
2.6497050556636650e-04 -1.6200000000000355e-03 0.0000000000000000e+00 0.0000000000000000e+00 1.9273788707723718e+00 1.4334240044020523e-05
2.6824174637582780e-04 -1.6400000000000373e-03 0.0000000000000000e+00 0.0000000000000000e+00 1.9273788343602554e+00 1.4690356957885141e-05
2.7151298718528909e-04 -1.6600000000000390e-03 0.0000000000000000e+00 0.0000000000000000e+00 1.9273787979475334e+00 1.5050843415345161e-05
2.7478422799475039e-04 -1.6800000000000408e-03 0.0000000000000000e+00 0.0000000000000000e+00 1.9273787615349132e+00 1.5415699416665067e-05
2.7805546880421168e-04 -1.7000000000000426e-03 0.0000000000000000e+00 0.0000000000000000e+00 1.9273787251228927e+00 1.5784924962109350e-05
2.8132670961367298e-04 -1.7200000000000444e-03 0.0000000000000000e+00 0.0000000000000000e+00 1.9273786887101731e+00 1.6158520051942489e-05
2.8459795042313428e-04 -1.7400000000000464e-03 0.0000000000000000e+00 0.0000000000000000e+00 1.9273786522978187e+00 1.6536484686428978e-05
2.8786919123259557e-04 -1.7600000000000486e-03 0.0000000000000000e+00 0.0000000000000000e+00 1.9273786158859720e+00 1.6918818865833308e-05
2.9114043204205687e-04 -1.7800000000000506e-03 0.0000000000000000e+00 0.0000000000000000e+00 1.9273785794733156e+00 1.7305522590419954e-05
2.9441167285151817e-04 -1.8000000000000529e-03 0.0000000000000000e+00 0.0000000000000000e+00 1.9273785430612131e+00 1.7696595860453407e-05
2.9768291366097946e-04 -1.8200000000000553e-03 0.0000000000000000e+00 0.0000000000000000e+00 1.9273785066495512e+00 1.8092038676198165e-05
3.0095415447044076e-04 -1.8400000000000577e-03 0.0000000000000000e+00 0.0000000000000000e+00 1.9273784702372045e+00 1.8491851037918698e-05
3.0422539527990205e-04 -1.8600000000000602e-03 0.0000000000000000e+00 0.0000000000000000e+00 1.9273784338252402e+00 1.8896032945879501e-05
3.0749663608936335e-04 -1.8800000000000624e-03 0.0000000000000000e+00 0.0000000000000000e+00 1.9273783974137111e+00 1.9304584400345052e-05
3.1076787689882465e-04 -1.9000000000000650e-03 0.0000000000000000e+00 0.0000000000000000e+00 1.9273783610016912e+00 1.9717505401579858e-05
3.1403911770828594e-04 -1.9200000000000679e-03 0.0000000000000000e+00 0.0000000000000000e+00 1.9273783245896450e+00 2.0134795949848394e-05
3.1731035851774724e-04 -1.9400000000000706e-03 0.0000000000000000e+00 0.0000000000000000e+00 1.9273782881783454e+00 2.0556456045415137e-05
3.2058159932720853e-04 -1.9600000000000737e-03 0.0000000000000000e+00 0.0000000000000000e+00 1.9273782517665139e+00 2.0982485688544596e-05
3.2385284013666983e-04 -1.9800000000000768e-03 0.0000000000000000e+00 0.0000000000000000e+00 1.9273782153546586e+00 2.1412884879501241e-05
3.2712408094613113e-04 -2.0000000000000794e-03 0.0000000000000000e+00 0.0000000000000000e+00 1.9273781789433158e+00 2.1847653618549553e-05
