8.6491106406735161e-06 -1.9999999999999985e-05 0.0000000000000000e+00 0.0000000000000000e+00 1.6310487232096642e+00 3.4971235576067094e-09
1.7298221281347032e-05 -3.9999999999999996e-05 0.0000000000000000e+00 0.0000000000000000e+00 1.6310481506702572e+00 1.3988501515336632e-08
2.5947331922020550e-05 -6.0000000000000035e-05 0.0000000000000000e+00 0.0000000000000000e+00 1.6310475780976943e+00 3.1474144800554463e-08
3.4596442562694071e-05 -8.0000000000000020e-05 0.0000000000000000e+00 0.0000000000000000e+00 1.6310470055205319e+00 5.5954064340624804e-08
4.3245553203367592e-05 -9.9999999999999991e-05 0.0000000000000000e+00 0.0000000000000000e+00 1.6310464329499408e+00 8.7428271062912298e-08
5.1894663844041114e-05 -1.2000000000000004e-04 0.0000000000000000e+00 0.0000000000000000e+00 1.6310458603882554e+00 1.2589677589478187e-07
6.0543774484714635e-05 -1.4000000000000001e-04 0.0000000000000000e+00 0.0000000000000000e+00 1.6310452878224622e+00 1.7135958976359778e-07
6.9192885125388156e-05 -1.6000000000000012e-04 0.0000000000000000e+00 0.0000000000000000e+00 1.6310447152664016e+00 2.2381672359672523e-07
7.7841995766061677e-05 -1.8000000000000017e-04 0.0000000000000000e+00 0.0000000000000000e+00 1.6310441427060485e+00 2.8326818832152853e-07
8.6491106406735198e-05 -2.0000000000000020e-04 0.0000000000000000e+00 0.0000000000000000e+00 1.6310435701524550e+00 3.4971399486537233e-07
9.5140217047408719e-05 -2.2000000000000033e-04 0.0000000000000000e+00 0.0000000000000000e+00 1.6310429976018341e+00 4.2315415415562172e-07
1.0378932768808224e-04 -2.4000000000000039e-04 0.0000000000000000e+00 0.0000000000000000e+00 1.6310424250559390e+00 5.0358867711964069e-07
1.1243843832875576e-04 -2.6000000000000030e-04 0.0000000000000000e+00 0.0000000000000000e+00 1.6310418525124335e+00 5.9101757468479389e-07
1.2108754896942928e-04 -2.8000000000000019e-04 0.0000000000000000e+00 0.0000000000000000e+00 1.6310412799686489e+00 6.8544085777844606e-07
1.2973665961010279e-04 -2.9999999999999997e-04 0.0000000000000000e+00 0.0000000000000000e+00 1.6310407074328204e+00 7.8685853732796150e-07
1.3838577025077628e-04 -3.1999999999999976e-04 0.0000000000000000e+00 0.0000000000000000e+00 1.6310401348955930e+00 8.9527062426070539e-07
1.4703488089144978e-04 -3.3999999999999964e-04 0.0000000000000000e+00 0.0000000000000000e+00 1.6310395623641802e+00 1.0106771295040429e-06
1.5568399153212327e-04 -3.5999999999999986e-04 0.0000000000000000e+00 0.0000000000000000e+00 1.6310389898366073e+00 1.1330780639853402e-06
1.6433310217279677e-04 -3.8000000000000008e-04 0.0000000000000000e+00 0.0000000000000000e+00 1.6310384173100632e+00 1.2624734386319600e-06
1.7298221281347026e-04 -4.0000000000000067e-04 0.0000000000000000e+00 0.0000000000000000e+00 1.6310378447864666e+00 1.3988632643712696e-06
1.8163132345414376e-04 -4.2000000000000159e-04 0.0000000000000000e+00 0.0000000000000000e+00 1.6310372722668776e+00 1.5422475521306336e-06
1.9028043409481725e-04 -4.4000000000000208e-04 0.0000000000000000e+00 0.0000000000000000e+00 1.6310366997507919e+00 1.6926263128374120e-06
1.9892954473549074e-04 -4.6000000000000224e-04 0.0000000000000000e+00 0.0000000000000000e+00 1.6310361272378771e+00 1.8499995574189692e-06
2.0757865537616424e-04 -4.8000000000000191e-04 0.0000000000000000e+00 0.0000000000000000e+00 1.6310355547276068e+00 2.0143672968026693e-06
2.1622776601683773e-04 -5.0000000000000164e-04 0.0000000000000000e+00 0.0000000000000000e+00 1.6310349822207211e+00 2.1857295419158802e-06
2.2487687665751123e-04 -5.2000000000000147e-04 0.0000000000000000e+00 0.0000000000000000e+00 1.6310344097165628e+00 2.3640863036859662e-06
2.3352598729818472e-04 -5.4000000000000163e-04 0.0000000000000000e+00 0.0000000000000000e+00 1.6310338372158768e+00 2.5494375930402950e-06
2.4217509793885821e-04 -5.6000000000000125e-04 0.0000000000000000e+00 0.0000000000000000e+00 1.6310332647184043e+00 2.7417834209062242e-06
2.5082420857953171e-04 -5.8000000000000044e-04 0.0000000000000000e+00 0.0000000000000000e+00 1.6310326922245546e+00 2.9411237982111181e-06
2.5947331922020520e-04 -5.9999999999999919e-04 0.0000000000000000e+00 0.0000000000000000e+00 1.6310321197337765e+00 3.1474587358823422e-06
2.6812242986087870e-04 -6.1999999999999794e-04 0.0000000000000000e+00 0.0000000000000000e+00 1.6310315472455277e+00 3.3607882448472631e-06
2.7677154050155219e-04 -6.3999999999999669e-04 0.0000000000000000e+00 0.0000000000000000e+00 1.6310309747600478e+00 3.5811123360332471e-06
2.8542065114222568e-04 -6.5999999999999588e-04 0.0000000000000000e+00 0.0000000000000000e+00 1.6310304022776001e+00 3.8084310203676624e-06
2.9406976178289918e-04 -6.7999999999999441e-04 0.0000000000000000e+00 0.0000000000000000e+00 1.6310298297992798e+00 4.0427443087778630e-06
3.0271887242357267e-04 -6.9999999999999262e-04 0.0000000000000000e+00 0.0000000000000000e+00 1.6310292573242577e+00 4.2840522121912169e-06
3.1136798306424617e-04 -7.1999999999999029e-04 0.0000000000000000e+00 0.0000000000000000e+00 1.6310286848510422e+00 4.5323547415350852e-06
3.2001709370491966e-04 -7.3999999999998850e-04 0.0000000000000000e+00 0.0000000000000000e+00 1.6310281123814288e+00 4.7876519077368442e-06
3.2866620434559315e-04 -7.5999999999998681e-04 0.0000000000000000e+00 0.0000000000000000e+00 1.6310275399161380e+00 5.0499437217238560e-06
3.3731531498626665e-04 -7.7999999999998481e-04 0.0000000000000000e+00 0.0000000000000000e+00 1.6310269674527922e+00 5.3192301944234774e-06
3.4596442562694014e-04 -7.9999999999998226e-04 0.0000000000000000e+00 0.0000000000000000e+00 1.6310263949921731e+00 5.5955113367630730e-06
3.5461353626761364e-04 -8.1999999999997982e-04 0.0000000000000000e+00 0.0000000000000000e+00 1.6310258225361463e+00 5.8787871596700116e-06
3.6326264690828713e-04 -8.3999999999997824e-04 0.0000000000000000e+00 0.0000000000000000e+00 1.6310252500821880e+00 6.1690576740716712e-06
3.7191175754896062e-04 -8.5999999999997623e-04 0.0000000000000000e+00 0.0000000000000000e+00 1.6310246776312749e+00 6.4663228908953994e-06
3.8056086818963412e-04 -8.7999999999997401e-04 0.0000000000000000e+00 0.0000000000000000e+00 1.6310241051845666e+00 6.7705828210685617e-06
3.8920997883030761e-04 -8.9999999999997124e-04 0.0000000000000000e+00 0.0000000000000000e+00 1.6310235327395823e+00 7.0818374755185199e-06
3.9785908947098111e-04 -9.1999999999996848e-04 0.0000000000000000e+00 0.0000000000000000e+00 1.6310229602990127e+00 7.4000868651726429e-06
4.0650820011165460e-04 -9.3999999999996506e-04 0.0000000000000000e+00 0.0000000000000000e+00 1.6310223878608281e+00 7.7253310009582909e-06
4.1515731075232810e-04 -9.5999999999996154e-04 0.0000000000000000e+00 0.0000000000000000e+00 1.6310218154255898e+00 8.0575698938028311e-06
4.2380642139300159e-04 -9.7999999999995725e-04 0.0000000000000000e+00 0.0000000000000000e+00 1.6310212429944237e+00 8.3968035546336219e-06
4.3245553203367508e-04 -9.9999999999995340e-04 0.0000000000000000e+00 0.0000000000000000e+00 1.6310206705651125e+00 8.7430319943780424e-06
4.4110464267434858e-04 -1.0199999999999489e-03 0.0000000000000000e+00 0.0000000000000000e+00 1.6310200981403529e+00 9.0962552239634427e-06
4.4975375331502207e-04 -1.0399999999999437e-03 0.0000000000000000e+00 0.0000000000000000e+00 1.6310195257173981e+00 9.4564732543171865e-06
4.5840286395569557e-04 -1.0599999999999395e-03 0.0000000000000000e+00 0.0000000000000000e+00 1.6310189532987873e+00 9.8236860963666611e-06
4.6705197459636906e-04 -1.0799999999999363e-03 0.0000000000000000e+00 0.0000000000000000e+00 1.6310183808821079e+00 1.0197893761039239e-05
4.7570108523704255e-04 -1.0999999999999337e-03 0.0000000000000000e+00 0.0000000000000000e+00 1.6310178084696791e+00 1.0579096259262276e-05
4.8435019587771605e-04 -1.1199999999999318e-03 0.0000000000000000e+00 0.0000000000000000e+00 1.6310172360594590e+00 1.0967293601963139e-05
4.9299930651838949e-04 -1.1399999999999308e-03 0.0000000000000000e+00 0.0000000000000000e+00 1.6310166636532659e+00 1.1362485800069196e-05
5.0164841715906287e-04 -1.1599999999999295e-03 0.0000000000000000e+00 0.0000000000000000e+00 1.6310160912491500e+00 1.1764672864507792e-05
5.1029752779973626e-04 -1.1799999999999270e-03 0.0000000000000000e+00 0.0000000000000000e+00 1.6310155188492961e+00 1.2173854806206271e-05
5.1894663844040964e-04 -1.1999999999999244e-03 0.0000000000000000e+00 0.0000000000000000e+00 1.6310149464515011e+00 1.2590031636092024e-05
5.2759574908108303e-04 -1.2199999999999210e-03 0.0000000000000000e+00 0.0000000000000000e+00 1.6310143740579059e+00 1.3013203365092397e-05
5.3624485972175642e-04 -1.2399999999999172e-03 0.0000000000000000e+00 0.0000000000000000e+00 1.6310138016663365e+00 1.3443370004134763e-05
5.4489397036242980e-04 -1.2599999999999129e-03 0.0000000000000000e+00 0.0000000000000000e+00 1.6310132292790147e+00 1.3880531564146489e-05
5.5354308100310319e-04 -1.2799999999999099e-03 0.0000000000000000e+00 0.0000000000000000e+00 1.6310126568937342e+00 1.4324688056054966e-05
5.6219219164377657e-04 -1.2999999999999063e-03 0.0000000000000000e+00 0.0000000000000000e+00 1.6310120845125502e+00 1.4775839490787531e-05
5.7084130228444996e-04 -1.3199999999999035e-03 0.0000000000000000e+00 0.0000000000000000e+00 1.6310115121337674e+00 1.5233985879271568e-05
5.7949041292512334e-04 -1.3399999999998996e-03 0.0000000000000000e+00 0.0000000000000000e+00 1.6310109397586101e+00 1.5699127232434410e-05
5.8813952356579673e-04 -1.3599999999998967e-03 0.0000000000000000e+00 0.0000000000000000e+00 1.6310103673865555e+00 1.6171263561203459e-05
5.9678863420647012e-04 -1.3799999999998924e-03 0.0000000000000000e+00 0.0000000000000000e+00 1.6310097950171851e+00 1.6650394876506034e-05
6.0543774484714350e-04 -1.3999999999998885e-03 0.0000000000000000e+00 0.0000000000000000e+00 1.6310092226516406e+00 1.7136521189269531e-05
6.1408685548781689e-04 -1.4199999999998847e-03 0.0000000000000000e+00 0.0000000000000000e+00 1.6310086502883174e+00 1.7629642510421322e-05
6.2273596612849027e-04 -1.4399999999998797e-03 0.0000000000000000e+00 0.0000000000000000e+00 1.6310080779290319e+00 1.8129758850888728e-05
6.3138507676916366e-04 -1.4599999999998733e-03 0.0000000000000000e+00 0.0000000000000000e+00 1.6310075055722746e+00 1.8636870221599112e-05
6.4003418740983704e-04 -1.4799999999998660e-03 0.0000000000000000e+00 0.0000000000000000e+00 1.6310069332188895e+00 1.9150976633479859e-05
6.4868329805051043e-04 -1.4999999999998582e-03 0.0000000000000000e+00 0.0000000000000000e+00 1.6310063608689285e+00 1.9672078097458328e-05
6.5733240869118382e-04 -1.5199999999998498e-03 0.0000000000000000e+00 0.0000000000000000e+00 1.6310057885213007e+00 2.0200174624461890e-05
6.6598151933185720e-04 -1.5399999999998410e-03 0.0000000000000000e+00 0.0000000000000000e+00 1.6310052161777067e+00 2.0735266225417908e-05
6.7463062997253059e-04 -1.5599999999998328e-03 0.0000000000000000e+00 0.0000000000000000e+00 1.6310046438366426e+00 2.1277352911253768e-05
6.8327974061320397e-04 -1.5799999999998237e-03 0.0000000000000000e+00 0.0000000000000000e+00 1.6310040714987710e+00 2.1826434692896811e-05
6.9192885125387736e-04 -1.5999999999998147e-03 0.0000000000000000e+00 0.0000000000000000e+00 1.6310034991645221e+00 2.2382511581274417e-05
7.0057796189455074e-04 -1.6199999999998061e-03 0.0000000000000000e+00 0.0000000000000000e+00 1.6310029268326247e+00 2.2945583587313956e-05
7.0922707253522413e-04 -1.6399999999997968e-03 0.0000000000000000e+00 0.0000000000000000e+00 1.6310023545045100e+00 2.3515650721942775e-05
7.1787618317589751e-04 -1.6599999999997873e-03 0.0000000000000000e+00 0.0000000000000000e+00 1.6310017821794569e+00 2.4092712996088242e-05
7.2652529381657090e-04 -1.6799999999997789e-03 0.0000000000000000e+00 0.0000000000000000e+00 1.6310012098569546e+00 2.4676770420677753e-05
7.3517440445724429e-04 -1.6999999999997698e-03 0.0000000000000000e+00 0.0000000000000000e+00 1.6310006375383064e+00 2.5267823006638636e-05
7.4382351509791767e-04 -1.7199999999997595e-03 0.0000000000000000e+00 0.0000000000000000e+00 1.6310000652224501e+00 2.5865870764898233e-05
7.5247262573859106e-04 -1.7399999999997504e-03 0.0000000000000000e+00 0.0000000000000000e+00 1.6309994929095419e+00 2.6470913706383980e-05
7.6112173637926444e-04 -1.7599999999997416e-03 0.0000000000000000e+00 0.0000000000000000e+00 1.6309989206003146e+00 2.7082951842023212e-05
7.6977084701993783e-04 -1.7799999999997308e-03 0.0000000000000000e+00 0.0000000000000000e+00 1.6309983482937771e+00 2.7701985182743234e-05
7.7841995766061121e-04 -1.7999999999997191e-03 0.0000000000000000e+00 0.0000000000000000e+00 1.6309977759903205e+00 2.8328013739471445e-05
7.8706906830128460e-04 -1.8199999999997068e-03 0.0000000000000000e+00 0.0000000000000000e+00 1.6309972036904632e+00 2.8961037523135196e-05
7.9571817894195799e-04 -1.8399999999996947e-03 0.0000000000000000e+00 0.0000000000000000e+00 1.6309966313932089e+00 2.9601056544661897e-05
8.0436728958263137e-04 -1.8599999999996829e-03 0.0000000000000000e+00 0.0000000000000000e+00 1.6309960590991917e+00 3.0248070814978904e-05
8.1301640022330476e-04 -1.8799999999996693e-03 0.0000000000000000e+00 0.0000000000000000e+00 1.6309954868087337e+00 3.0902080345013523e-05
8.2166551086397814e-04 -1.8999999999996567e-03 0.0000000000000000e+00 0.0000000000000000e+00 1.6309949145208864e+00 3.1563085145693206e-05
8.3031462150465153e-04 -1.9199999999996427e-03 0.0000000000000000e+00 0.0000000000000000e+00 1.6309943422363089e+00 3.2231085227945243e-05
8.3896373214532491e-04 -1.9399999999996271e-03 0.0000000000000000e+00 0.0000000000000000e+00 1.6309937699552208e+00 3.2906080602696982e-05
8.4761284278599830e-04 -1.9599999999996122e-03 0.0000000000000000e+00 0.0000000000000000e+00 1.6309931976768539e+00 3.3588071280875873e-05
8.5626195342667169e-04 -1.9799999999995980e-03 0.0000000000000000e+00 0.0000000000000000e+00 1.6309926254015188e+00 3.4277057273409265e-05
8.6491106406734507e-04 -1.9999999999995837e-03 0.0000000000000000e+00 0.0000000000000000e+00 1.6309920531298674e+00 3.4973038591224500e-05
