3.2712408094613084e-06 -2.0000000000000005e-05 0.0000000000000000e+00 0.0000000000000000e+00 1.9273817764508494e+00 2.1847610068986385e-09
6.5424816189226167e-06 -4.0000000000000003e-05 0.0000000000000000e+00 0.0000000000000000e+00 1.9273817325482929e+00 8.7390442402211682e-09
9.8137224283839255e-06 -5.9999999999999995e-05 0.0000000000000000e+00 0.0000000000000000e+00 1.9273816886367510e+00 1.9662850018907513e-08
1.3084963237845235e-05 -7.9999999999999993e-05 0.0000000000000000e+00 0.0000000000000000e+00 1.9273816447125320e+00 3.4956178661897600e-08
1.6356204047306545e-05 -1.0000000000000000e-04 0.0000000000000000e+00 0.0000000000000000e+00 1.9273816008100619e+00 5.4619030488131367e-08
1.9627444856767854e-05 -1.2000000000000004e-04 0.0000000000000000e+00 0.0000000000000000e+00 1.9273815568904737e+00 7.8651405816548795e-08
2.2898685666229164e-05 -1.4000000000000010e-04 0.0000000000000000e+00 0.0000000000000000e+00 1.9273815129819210e+00 1.0705330496608974e-07
2.6169926475690474e-05 -1.6000000000000015e-04 0.0000000000000000e+00 0.0000000000000000e+00 1.9273814690632485e+00 1.3982472825569420e-07
2.9441167285151783e-05 -1.8000000000000020e-04 0.0000000000000000e+00 0.0000000000000000e+00 1.9273814251496157e+00 1.7696567600430204e-07
3.2712408094613096e-05 -2.0000000000000028e-04 0.0000000000000000e+00 0.0000000000000000e+00 1.9273813812362768e+00 2.1847614853085327e-07
3.5983648904074406e-05 -2.2000000000000039e-04 0.0000000000000000e+00 0.0000000000000000e+00 1.9273813373216324e+00 2.6435614615428781e-07
3.9254889713535716e-05 -2.4000000000000052e-04 0.0000000000000000e+00 0.0000000000000000e+00 1.9273812934109635e+00 3.1460566919354565e-07
4.2526130522997025e-05 -2.6000000000000068e-04 0.0000000000000000e+00 0.0000000000000000e+00 1.9273812494958762e+00 3.6922471796756667e-07
4.5797371332458335e-05 -2.8000000000000090e-04 0.0000000000000000e+00 0.0000000000000000e+00 1.9273812055821540e+00 4.2821329279529091e-07
4.9068612141919644e-05 -3.0000000000000117e-04 0.0000000000000000e+00 0.0000000000000000e+00 1.9273811616684562e+00 4.9157139399565851e-07
5.2339852951380954e-05 -3.2000000000000149e-04 0.0000000000000000e+00 0.0000000000000000e+00 1.9273811177565110e+00 5.5929902188760904e-07
5.5611093760842264e-05 -3.4000000000000181e-04 0.0000000000000000e+00 0.0000000000000000e+00 1.9273810738401722e+00 6.3139617679008258e-07
5.8882334570303573e-05 -3.6000000000000214e-04 0.0000000000000000e+00 0.0000000000000000e+00 1.9273810299274527e+00 7.0786285902201892e-07
6.2153575379764883e-05 -3.8000000000000241e-04 0.0000000000000000e+00 0.0000000000000000e+00 1.9273809860150102e+00 7.8869906890235793e-07
6.5424816189226193e-05 -4.0000000000000268e-04 0.0000000000000000e+00 0.0000000000000000e+00 1.9273809421021149e+00 8.7390480675003971e-07
6.8696056998687502e-05 -4.2000000000000289e-04 0.0000000000000000e+00 0.0000000000000000e+00 1.9273808981893767e+00 9.6348007288400370e-07
7.1967297808148812e-05 -4.4000000000000305e-04 0.0000000000000000e+00 0.0000000000000000e+00 1.9273808542761885e+00 1.0574248676231900e-06
7.5238538617610122e-05 -4.6000000000000327e-04 0.0000000000000000e+00 0.0000000000000000e+00 1.9273808103630714e+00 1.1557391912865387e-06
7.8509779427071431e-05 -4.8000000000000348e-04 0.0000000000000000e+00 0.0000000000000000e+00 1.9273807664500613e+00 1.2584230441929901e-06
8.1781020236532741e-05 -5.0000000000000359e-04 0.0000000000000000e+00 0.0000000000000000e+00 1.9273807225370470e+00 1.3654764266614833e-06
8.5052261045994050e-05 -5.2000000000000375e-04 0.0000000000000000e+00 0.0000000000000000e+00 1.9273806786241563e+00 1.4768993390109585e-06
8.8323501855455360e-05 -5.4000000000000391e-04 0.0000000000000000e+00 0.0000000000000000e+00 1.9273806347108196e+00 1.5926917815603561e-06
9.1594742664916670e-05 -5.6000000000000407e-04 0.0000000000000000e+00 0.0000000000000000e+00 1.9273805907973107e+00 1.7128537546286161e-06
9.4865983474377979e-05 -5.8000000000000423e-04 0.0000000000000000e+00 0.0000000000000000e+00 1.9273805468845850e+00 1.8373852585346776e-06
9.8137224283839289e-05 -6.0000000000000439e-04 0.0000000000000000e+00 0.0000000000000000e+00 1.9273805029729560e+00 1.9662862935974812e-06
1.0140846509330060e-04 -6.2000000000000455e-04 0.0000000000000000e+00 0.0000000000000000e+00 1.9273804590611958e+00 2.0995568601359666e-06
1.0467970590276191e-04 -6.4000000000000461e-04 0.0000000000000000e+00 0.0000000000000000e+00 1.9273804151482028e+00 2.2371969584690726e-06
1.0795094671222322e-04 -6.6000000000000455e-04 0.0000000000000000e+00 0.0000000000000000e+00 1.9273803712353257e+00 2.3792065889157398e-06
1.1122218752168453e-04 -6.8000000000000449e-04 0.0000000000000000e+00 0.0000000000000000e+00 1.9273803273237493e+00 2.5255857517949088e-06
1.1449342833114584e-04 -7.0000000000000433e-04 0.0000000000000000e+00 0.0000000000000000e+00 1.9273802834123173e+00 2.6763344474255182e-06
1.1776466914060715e-04 -7.2000000000000406e-04 0.0000000000000000e+00 0.0000000000000000e+00 1.9273802394998665e+00 2.8314526761265075e-06
1.2103590995006846e-04 -7.4000000000000378e-04 0.0000000000000000e+00 0.0000000000000000e+00 1.9273801955872598e+00 2.9909404382168184e-06
1.2430715075952977e-04 -7.6000000000000340e-04 0.0000000000000000e+00 0.0000000000000000e+00 1.9273801516764713e+00 3.1547977340153901e-06
1.2757839156899109e-04 -7.8000000000000313e-04 0.0000000000000000e+00 0.0000000000000000e+00 1.9273801077640627e+00 3.3230245638411626e-06
1.3084963237845241e-04 -8.0000000000000286e-04 0.0000000000000000e+00 0.0000000000000000e+00 1.9273800638519305e+00 3.4956209280130771e-06
1.3412087318791374e-04 -8.2000000000000258e-04 0.0000000000000000e+00 0.0000000000000000e+00 1.9273800199413864e+00 3.6725868268500717e-06
1.3739211399737506e-04 -8.4000000000000231e-04 0.0000000000000000e+00 0.0000000000000000e+00 1.9273799760290475e+00 3.8539222606710885e-06
1.4066335480683638e-04 -8.6000000000000193e-04 0.0000000000000000e+00 0.0000000000000000e+00 1.9273799321178278e+00 4.0396272297950639e-06
1.4393459561629771e-04 -8.8000000000000155e-04 0.0000000000000000e+00 0.0000000000000000e+00 1.9273798882067412e+00 4.2297017345409399e-06
1.4720583642575903e-04 -9.0000000000000117e-04 0.0000000000000000e+00 0.0000000000000000e+00 1.9273798442949293e+00 4.4241457752276565e-06
1.5047707723522035e-04 -9.2000000000000100e-04 0.0000000000000000e+00 0.0000000000000000e+00 1.9273798003847402e+00 4.6229593521741555e-06
1.5374831804468167e-04 -9.4000000000000106e-04 0.0000000000000000e+00 0.0000000000000000e+00 1.9273797564726882e+00 4.8261424656993786e-06
1.5701955885414300e-04 -9.6000000000000111e-04 0.0000000000000000e+00 0.0000000000000000e+00 1.9273797125626009e+00 5.0336951161222593e-06
1.6029079966360432e-04 -9.8000000000000149e-04 0.0000000000000000e+00 0.0000000000000000e+00 1.9273796686508415e+00 5.2456173037617477e-06
1.6356204047306564e-04 -1.0000000000000020e-03 0.0000000000000000e+00 0.0000000000000000e+00 1.9273796247407708e+00 5.4619090289367756e-06
1.6683328128252697e-04 -1.0200000000000027e-03 0.0000000000000000e+00 0.0000000000000000e+00 1.9273795808295495e+00 5.6825702919662871e-06
1.7010452209198829e-04 -1.0400000000000034e-03 0.0000000000000000e+00 0.0000000000000000e+00 1.9273795369193905e+00 5.9076010931692173e-06
1.7337576290144961e-04 -1.0600000000000041e-03 0.0000000000000000e+00 0.0000000000000000e+00 1.9273794930084232e+00 6.1370014328645097e-06
1.7664700371091094e-04 -1.0800000000000046e-03 0.0000000000000000e+00 0.0000000000000000e+00 1.9273794490980352e+00 6.3707713113711002e-06
1.7991824452037226e-04 -1.1000000000000048e-03 0.0000000000000000e+00 0.0000000000000000e+00 1.9273794051874031e+00 6.6089107290079280e-06
1.8318948532983358e-04 -1.1200000000000051e-03 0.0000000000000000e+00 0.0000000000000000e+00 1.9273793612775258e+00 6.8514196860939349e-06
1.8646072613929491e-04 -1.1400000000000054e-03 0.0000000000000000e+00 0.0000000000000000e+00 1.9273793173669342e+00 7.0982981829480626e-06
1.8973196694875623e-04 -1.1600000000000059e-03 0.0000000000000000e+00 0.0000000000000000e+00 1.9273792734570494e+00 7.3495462198892513e-06
1.9300320775821755e-04 -1.1800000000000063e-03 0.0000000000000000e+00 0.0000000000000000e+00 1.9273792295465038e+00 7.6051637972364420e-06
1.9627444856767888e-04 -1.2000000000000081e-03 0.0000000000000000e+00 0.0000000000000000e+00 1.9273791856371916e+00 7.8651509153085890e-06
1.9954568937714020e-04 -1.2200000000000101e-03 0.0000000000000000e+00 0.0000000000000000e+00 1.9273791417265922e+00 8.1295075744246189e-06
2.0281693018660152e-04 -1.2400000000000119e-03 0.0000000000000000e+00 0.0000000000000000e+00 1.9273790978173924e+00 8.3982337749034642e-06
2.0608817099606285e-04 -1.2600000000000139e-03 0.0000000000000000e+00 0.0000000000000000e+00 1.9273790539070050e+00 8.6713295170640752e-06
2.0935941180552417e-04 -1.2800000000000159e-03 0.0000000000000000e+00 0.0000000000000000e+00 1.9273790099979484e+00 8.9487948012253852e-06
2.1263065261498549e-04 -1.3000000000000177e-03 0.0000000000000000e+00 0.0000000000000000e+00 1.9273789660878800e+00 9.2306296277063342e-06
2.1590189342444682e-04 -1.3200000000000193e-03 0.0000000000000000e+00 0.0000000000000000e+00 1.9273789221785442e+00 9.5168339968258573e-06
2.1917313423390814e-04 -1.3400000000000209e-03 0.0000000000000000e+00 0.0000000000000000e+00 1.9273788782695007e+00 9.8074079089029013e-06
2.2244437504336946e-04 -1.3600000000000226e-03 0.0000000000000000e+00 0.0000000000000000e+00 1.9273788343596943e+00 1.0102351364256408e-05
2.2571561585283078e-04 -1.3800000000000244e-03 0.0000000000000000e+00 0.0000000000000000e+00 1.9273787904509669e+00 1.0401664363205314e-05
2.2898685666229211e-04 -1.4000000000000262e-03 0.0000000000000000e+00 0.0000000000000000e+00 1.9273787465413919e+00 1.0705346906068562e-05
2.3225809747175343e-04 -1.4200000000000282e-03 0.0000000000000000e+00 0.0000000000000000e+00 1.9273787026325819e+00 1.1013398993165092e-05
2.3552933828121475e-04 -1.4400000000000300e-03 0.0000000000000000e+00 0.0000000000000000e+00 1.9273786587236588e+00 1.1325820624813837e-05
2.3880057909067608e-04 -1.4600000000000316e-03 0.0000000000000000e+00 0.0000000000000000e+00 1.9273786148143868e+00 1.1642611801333739e-05
2.4207181990013740e-04 -1.4800000000000334e-03 0.0000000000000000e+00 0.0000000000000000e+00 1.9273785709061784e+00 1.1963772523043743e-05
2.4534306070959872e-04 -1.5000000000000349e-03 0.0000000000000000e+00 0.0000000000000000e+00 1.9273785269969952e+00 1.2289302790262780e-05
2.4861430151906002e-04 -1.5200000000000367e-03 0.0000000000000000e+00 0.0000000000000000e+00 1.9273784830886129e+00 1.2619202603309804e-05
2.5188554232852132e-04 -1.5400000000000387e-03 0.0000000000000000e+00 0.0000000000000000e+00 1.9273784391803013e+00 1.2953471962503749e-05
2.5515678313798261e-04 -1.5600000000000410e-03 0.0000000000000000e+00 0.0000000000000000e+00 1.9273783952712660e+00 1.3292110868163558e-05
2.5842802394744391e-04 -1.5800000000000434e-03 0.0000000000000000e+00 0.0000000000000000e+00 1.9273783513633287e+00 1.3635119320608167e-05
2.6169926475690520e-04 -1.6000000000000460e-03 0.0000000000000000e+00 0.0000000000000000e+00 1.9273783074549342e+00 1.3982497320156523e-05
2.6497050556636650e-04 -1.6200000000000485e-03 0.0000000000000000e+00 0.0000000000000000e+00 1.9273782635463823e+00 1.4334244867127551e-05
2.6824174637582780e-04 -1.6400000000000509e-03 0.0000000000000000e+00 0.0000000000000000e+00 1.9273782196387335e+00 1.4690361961840199e-05
2.7151298718528909e-04 -1.6600000000000531e-03 0.0000000000000000e+00 0.0000000000000000e+00 1.9273781757305055e+00 1.5050848604613403e-05
2.7478422799475039e-04 -1.6800000000000551e-03 0.0000000000000000e+00 0.0000000000000000e+00 1.9273781318224057e+00 1.5415704795766102e-05
2.7805546880421168e-04 -1.7000000000000572e-03 0.0000000000000000e+00 0.0000000000000000e+00 1.9273780879149320e+00 1.5784930535617239e-05
2.8132670961367298e-04 -1.7200000000000592e-03 0.0000000000000000e+00 0.0000000000000000e+00 1.9273780440067856e+00 1.6158525824485753e-05
2.8459795042313428e-04 -1.7400000000000614e-03 0.0000000000000000e+00 0.0000000000000000e+00 1.9273780000990308e+00 1.6536490662690591e-05
2.8786919123259557e-04 -1.7600000000000634e-03 0.0000000000000000e+00 0.0000000000000000e+00 1.9273779561918107e+00 1.6918825050550682e-05
2.9114043204205687e-04 -1.7800000000000656e-03 0.0000000000000000e+00 0.0000000000000000e+00 1.9273779122838068e+00 1.7305528988384978e-05
2.9441167285151817e-04 -1.8000000000000676e-03 0.0000000000000000e+00 0.0000000000000000e+00 1.9273778683763834e+00 1.7696602476512406e-05
2.9768291366097946e-04 -1.8200000000000698e-03 0.0000000000000000e+00 0.0000000000000000e+00 1.9273778244694273e+00 1.8092045515251919e-05
3.0095415447044076e-04 -1.8400000000000723e-03 0.0000000000000000e+00 0.0000000000000000e+00 1.9273777805618126e+00 1.8491858104922452e-05
3.0422539527990205e-04 -1.8600000000000745e-03 0.0000000000000000e+00 0.0000000000000000e+00 1.9273777366546059e+00 1.8896040245842940e-05
3.0749663608936335e-04 -1.8800000000000767e-03 0.0000000000000000e+00 0.0000000000000000e+00 1.9273776927478619e+00 1.9304591938332325e-05
3.1076787689882465e-04 -1.9000000000000791e-03 0.0000000000000000e+00 0.0000000000000000e+00 1.9273776488406535e+00 1.9717513182709555e-05
3.1403911770828594e-04 -1.9200000000000818e-03 0.0000000000000000e+00 0.0000000000000000e+00 1.9273776049334448e+00 2.0134803979293568e-05
3.1731035851774724e-04 -1.9400000000000842e-03 0.0000000000000000e+00 0.0000000000000000e+00 1.9273775610270099e+00 2.0556464328403290e-05
3.2058159932720853e-04 -1.9600000000000867e-03 0.0000000000000000e+00 0.0000000000000000e+00 1.9273775171200689e+00 2.0982494230357672e-05
3.2385284013666983e-04 -1.9800000000000893e-03 0.0000000000000000e+00 0.0000000000000000e+00 1.9273774732131306e+00 2.1412893685475657e-05
3.2712408094613113e-04 -2.0000000000000915e-03 0.0000000000000000e+00 0.0000000000000000e+00 1.9273774293067305e+00 2.1847662694076172e-05
