6.2118807088509078e-06 -1.9999999999999998e-05 0.0000000000000000e+00 0.0000000000000000e+00 1.7713089562869344e+00 2.7534197862736679e-09
1.2423761417701816e-05 -3.9999999999999990e-05 0.0000000000000000e+00 0.0000000000000000e+00 1.7713086271666265e+00 1.1013681843947113e-08
1.8635642126552723e-05 -5.9999999999999988e-05 0.0000000000000000e+00 0.0000000000000000e+00 1.7713082980443038e+00 2.4780790221298999e-08
2.4847522835403628e-05 -7.9999999999999979e-05 0.0000000000000000e+00 0.0000000000000000e+00 1.7713079689254398e+00 4.4054748966607998e-08
3.1059403544254533e-05 -9.9999999999999923e-05 0.0000000000000000e+00 0.0000000000000000e+00 1.7713076397988130e+00 6.8835562128152691e-08
3.7271284253105438e-05 -1.1999999999999983e-04 0.0000000000000000e+00 0.0000000000000000e+00 1.7713073106733133e+00 9.9123233754211747e-08
4.3483164961956344e-05 -1.3999999999999969e-04 0.0000000000000000e+00 0.0000000000000000e+00 1.7713069815474489e+00 1.3491776789306378e-07
4.9695045670807249e-05 -1.5999999999999953e-04 0.0000000000000000e+00 0.0000000000000000e+00 1.7713066524211294e+00 1.7621916859298744e-07
5.5906926379658154e-05 -1.7999999999999933e-04 0.0000000000000000e+00 0.0000000000000000e+00 1.7713063232994850e+00 2.2302743990226141e-07
6.2118807088509066e-05 -1.9999999999999906e-04 0.0000000000000000e+00 0.0000000000000000e+00 1.7713059941803231e+00 2.7534258586916415e-07
6.8330687797359978e-05 -2.1999999999999871e-04 0.0000000000000000e+00 0.0000000000000000e+00 1.7713056650616268e+00 3.3316461054197434e-07
7.4542568506210890e-05 -2.3999999999999838e-04 0.0000000000000000e+00 0.0000000000000000e+00 1.7713053359462185e+00 3.9649351796897078e-07
8.0754449215061802e-05 -2.5999999999999803e-04 0.0000000000000000e+00 0.0000000000000000e+00 1.7713050068333771e+00 4.6532931219843212e-07
8.6966329923912714e-05 -2.7999999999999781e-04 0.0000000000000000e+00 0.0000000000000000e+00 1.7713046777173391e+00 5.3967199727863748e-07
9.3178210632763626e-05 -2.9999999999999748e-04 0.0000000000000000e+00 0.0000000000000000e+00 1.7713043486084199e+00 6.1952157725786476e-07
9.9390091341614538e-05 -3.1999999999999721e-04 0.0000000000000000e+00 0.0000000000000000e+00 1.7713040194964780e+00 7.0487805618439318e-07
1.0560197205046545e-04 -3.3999999999999683e-04 0.0000000000000000e+00 0.0000000000000000e+00 1.7713036903886556e+00 7.9574143810650066e-07
1.1181385275931636e-04 -3.5999999999999634e-04 0.0000000000000000e+00 0.0000000000000000e+00 1.7713033612835460e+00 8.9211172707246619e-07
1.1802573346816727e-04 -3.7999999999999590e-04 0.0000000000000000e+00 0.0000000000000000e+00 1.7713030321788177e+00 9.9398892713056832e-07
1.2423761417701819e-04 -3.9999999999999557e-04 0.0000000000000000e+00 0.0000000000000000e+00 1.7713027030744841e+00 1.1013730423290869e-06
1.3044949488586908e-04 -4.1999999999999541e-04 0.0000000000000000e+00 0.0000000000000000e+00 1.7713023739722888e+00 1.2142640767163005e-06
1.3666137559471998e-04 -4.3999999999999535e-04 0.0000000000000000e+00 0.0000000000000000e+00 1.7713020448724270e+00 1.3326620343404876e-06
1.4287325630357088e-04 -4.5999999999999519e-04 0.0000000000000000e+00 0.0000000000000000e+00 1.7713017157742601e+00 1.4565669192499261e-06
1.4908513701242178e-04 -4.7999999999999519e-04 0.0000000000000000e+00 0.0000000000000000e+00 1.7713013866779019e+00 1.5859787354928957e-06
1.5529701772127268e-04 -4.9999999999999535e-04 0.0000000000000000e+00 0.0000000000000000e+00 1.7713010575833050e+00 1.7208974871176753e-06
1.6150889843012358e-04 -5.1999999999999551e-04 0.0000000000000000e+00 0.0000000000000000e+00 1.7713007284903886e+00 1.8613231781725430e-06
1.6772077913897448e-04 -5.3999999999999578e-04 0.0000000000000000e+00 0.0000000000000000e+00 1.7713003993996128e+00 2.0072558127057780e-06
1.7393265984782537e-04 -5.5999999999999594e-04 0.0000000000000000e+00 0.0000000000000000e+00 1.7713000703104655e+00 2.1586953947656570e-06
1.8014454055667627e-04 -5.7999999999999599e-04 0.0000000000000000e+00 0.0000000000000000e+00 1.7712997412224845e+00 2.3156419284004593e-06
1.8635642126552717e-04 -5.9999999999999594e-04 0.0000000000000000e+00 0.0000000000000000e+00 1.7712994121357262e+00 2.4780954176584633e-06
1.9256830197437807e-04 -6.1999999999999610e-04 0.0000000000000000e+00 0.0000000000000000e+00 1.7712990830503796e+00 2.6460558665879499e-06
1.9878018268322897e-04 -6.3999999999999604e-04 0.0000000000000000e+00 0.0000000000000000e+00 1.7712987539672780e+00 2.8195232792371943e-06
2.0499206339207987e-04 -6.5999999999999588e-04 0.0000000000000000e+00 0.0000000000000000e+00 1.7712984248869954e+00 2.9984976596544764e-06
2.1120394410093076e-04 -6.7999999999999593e-04 0.0000000000000000e+00 0.0000000000000000e+00 1.7712980958074624e+00 3.1829790118880772e-06
2.1741582480978166e-04 -6.9999999999999620e-04 0.0000000000000000e+00 0.0000000000000000e+00 1.7712977667287197e+00 3.3729673399862758e-06
2.2362770551863256e-04 -7.1999999999999668e-04 0.0000000000000000e+00 0.0000000000000000e+00 1.7712974376524877e+00 3.5684626479973512e-06
2.2983958622748346e-04 -7.3999999999999695e-04 0.0000000000000000e+00 0.0000000000000000e+00 1.7712971085788944e+00 3.7694649399695779e-06
2.3605146693633436e-04 -7.5999999999999744e-04 0.0000000000000000e+00 0.0000000000000000e+00 1.7712967795054630e+00 3.9759742199512378e-06
2.4226334764518526e-04 -7.7999999999999814e-04 0.0000000000000000e+00 0.0000000000000000e+00 1.7712964504338777e+00 4.1879904919906108e-06
2.4847522835403616e-04 -7.9999999999999863e-04 0.0000000000000000e+00 0.0000000000000000e+00 1.7712961213653651e+00 4.4055137601359720e-06
2.5468710906288705e-04 -8.1999999999999890e-04 0.0000000000000000e+00 0.0000000000000000e+00 1.7712957922969070e+00 4.6285440284355976e-06
2.6089898977173795e-04 -8.3999999999999906e-04 0.0000000000000000e+00 0.0000000000000000e+00 1.7712954632307079e+00 4.8570813009377705e-06
2.6711087048058885e-04 -8.5999999999999933e-04 0.0000000000000000e+00 0.0000000000000000e+00 1.7712951341669445e+00 5.0911255816907670e-06
2.7332275118943975e-04 -8.7999999999999927e-04 0.0000000000000000e+00 0.0000000000000000e+00 1.7712948051033679e+00 5.3306768747428651e-06
2.7953463189829065e-04 -8.9999999999999889e-04 0.0000000000000000e+00 0.0000000000000000e+00 1.7712944760431841e+00 5.5757351841423426e-06
2.8574651260714155e-04 -9.1999999999999829e-04 0.0000000000000000e+00 0.0000000000000000e+00 1.7712941469833270e+00 5.8263005139374767e-06
2.9195839331599244e-04 -9.3999999999999759e-04 0.0000000000000000e+00 0.0000000000000000e+00 1.7712938179256341e+00 6.0823728681765494e-06
2.9817027402484334e-04 -9.5999999999999677e-04 0.0000000000000000e+00 0.0000000000000000e+00 1.7712934888699599e+00 6.3439522509078389e-06
3.0438215473369424e-04 -9.7999999999999607e-04 0.0000000000000000e+00 0.0000000000000000e+00 1.7712931598150454e+00 6.6110386661796271e-06
3.1059403544254514e-04 -9.9999999999999568e-04 0.0000000000000000e+00 0.0000000000000000e+00 1.7712928307631945e+00 6.8836321180401929e-06
3.1680591615139604e-04 -1.0199999999999953e-03 0.0000000000000000e+00 0.0000000000000000e+00 1.7712925017114884e+00 7.1617326105378150e-06
3.2301779686024694e-04 -1.0399999999999945e-03 0.0000000000000000e+00 0.0000000000000000e+00 1.7712921726630455e+00 7.4453401477207629e-06
3.2922967756909784e-04 -1.0599999999999937e-03 0.0000000000000000e+00 0.0000000000000000e+00 1.7712918436147269e+00 7.7344547336373239e-06
3.3544155827794873e-04 -1.0799999999999926e-03 0.0000000000000000e+00 0.0000000000000000e+00 1.7712915145696091e+00 8.0290763723357700e-06
3.4165343898679963e-04 -1.0999999999999918e-03 0.0000000000000000e+00 0.0000000000000000e+00 1.7712911855246880e+00 8.3292050678643883e-06
3.4786531969565053e-04 -1.1199999999999910e-03 0.0000000000000000e+00 0.0000000000000000e+00 1.7712908564829128e+00 8.6348408242714526e-06
3.5407720040450143e-04 -1.1399999999999906e-03 0.0000000000000000e+00 0.0000000000000000e+00 1.7712905274413984e+00 8.9459836456052502e-06
3.6028908111335233e-04 -1.1599999999999900e-03 0.0000000000000000e+00 0.0000000000000000e+00 1.7712901984029614e+00 9.2626335359140479e-06
3.6650096182220323e-04 -1.1799999999999890e-03 0.0000000000000000e+00 0.0000000000000000e+00 1.7712898693648278e+00 9.5847904992461262e-06
3.7271284253105413e-04 -1.1999999999999875e-03 0.0000000000000000e+00 0.0000000000000000e+00 1.7712895403297306e+00 9.9124545396497572e-06
3.7892472323990502e-04 -1.2199999999999861e-03 0.0000000000000000e+00 0.0000000000000000e+00 1.7712892112950120e+00 1.0245625661173226e-05
3.8513660394875592e-04 -1.2399999999999844e-03 0.0000000000000000e+00 0.0000000000000000e+00 1.7712888822632051e+00 1.0584303867864816e-05
3.9134848465760682e-04 -1.2599999999999823e-03 0.0000000000000000e+00 0.0000000000000000e+00 1.7712885532320819e+00 1.0928489163772792e-05
3.9756036536645772e-04 -1.2799999999999802e-03 0.0000000000000000e+00 0.0000000000000000e+00 1.7712882242033334e+00 1.1278181552945444e-05
4.0377224607530862e-04 -1.2999999999999776e-03 0.0000000000000000e+00 0.0000000000000000e+00 1.7712878951760367e+00 1.1633381039431045e-05
4.0998412678415952e-04 -1.3199999999999746e-03 0.0000000000000000e+00 0.0000000000000000e+00 1.7712875661501399e+00 1.1994087627277871e-05
4.1619600749301041e-04 -1.3399999999999714e-03 0.0000000000000000e+00 0.0000000000000000e+00 1.7712872371266573e+00 1.2360301320534205e-05
4.2240788820186131e-04 -1.3599999999999678e-03 0.0000000000000000e+00 0.0000000000000000e+00 1.7712869081037876e+00 1.2732022123248321e-05
4.2861976891071221e-04 -1.3799999999999639e-03 0.0000000000000000e+00 0.0000000000000000e+00 1.7712865790837600e+00 1.3109250039468501e-05
4.3483164961956311e-04 -1.3999999999999597e-03 0.0000000000000000e+00 0.0000000000000000e+00 1.7712862500644515e+00 1.3491985073243023e-05
4.4104353032841401e-04 -1.4199999999999552e-03 0.0000000000000000e+00 0.0000000000000000e+00 1.7712859210474097e+00 1.3880227228620164e-05
4.4725541103726491e-04 -1.4399999999999507e-03 0.0000000000000000e+00 0.0000000000000000e+00 1.7712855920320738e+00 1.4273976509648208e-05
4.5346729174611581e-04 -1.4599999999999466e-03 0.0000000000000000e+00 0.0000000000000000e+00 1.7712852630177929e+00 1.4673232920375444e-05
4.5967917245496670e-04 -1.4799999999999425e-03 0.0000000000000000e+00 0.0000000000000000e+00 1.7712849340061545e+00 1.5077996464850143e-05
4.6589105316381760e-04 -1.4999999999999389e-03 0.0000000000000000e+00 0.0000000000000000e+00 1.7712846049952691e+00 1.5488267147120589e-05
4.7210293387266850e-04 -1.5199999999999350e-03 0.0000000000000000e+00 0.0000000000000000e+00 1.7712842759866627e+00 1.5904044971235048e-05
4.7831481458151940e-04 -1.5399999999999310e-03 0.0000000000000000e+00 0.0000000000000000e+00 1.7712839469798030e+00 1.6325329941241805e-05
4.8452669529037030e-04 -1.5599999999999262e-03 0.0000000000000000e+00 0.0000000000000000e+00 1.7712836179738964e+00 1.6752122061189120e-05
4.9073857599922120e-04 -1.5799999999999213e-03 0.0000000000000000e+00 0.0000000000000000e+00 1.7712832889706100e+00 1.7184421335125287e-05
4.9695045670807209e-04 -1.5999999999999162e-03 0.0000000000000000e+00 0.0000000000000000e+00 1.7712829599684157e+00 1.7622227767098590e-05
5.0316233741692299e-04 -1.6199999999999110e-03 0.0000000000000000e+00 0.0000000000000000e+00 1.7712826309678593e+00 1.8065541361157295e-05
5.0937421812577389e-04 -1.6399999999999063e-03 0.0000000000000000e+00 0.0000000000000000e+00 1.7712823019696129e+00 1.8514362121349704e-05
5.1558609883462479e-04 -1.6599999999999022e-03 0.0000000000000000e+00 0.0000000000000000e+00 1.7712819729722409e+00 1.8968690051724097e-05
5.2179797954347569e-04 -1.6799999999998986e-03 0.0000000000000000e+00 0.0000000000000000e+00 1.7712816439770465e+00 1.9428525156328747e-05
5.2800986025232659e-04 -1.6999999999998954e-03 0.0000000000000000e+00 0.0000000000000000e+00 1.7712813149837405e+00 1.9893867439211929e-05
5.3422174096117749e-04 -1.7199999999998918e-03 0.0000000000000000e+00 0.0000000000000000e+00 1.7712809859913636e+00 2.0364716904421912e-05
5.4043362167002838e-04 -1.7399999999998883e-03 0.0000000000000000e+00 0.0000000000000000e+00 1.7712806570013313e+00 2.0841073556006981e-05
5.4664550237887928e-04 -1.7599999999998858e-03 0.0000000000000000e+00 0.0000000000000000e+00 1.7712803280130163e+00 2.1322937398015432e-05
5.5285738308773018e-04 -1.7799999999998832e-03 0.0000000000000000e+00 0.0000000000000000e+00 1.7712799990256827e+00 2.1810308434495530e-05
5.5906926379658108e-04 -1.7999999999998807e-03 0.0000000000000000e+00 0.0000000000000000e+00 1.7712796700407654e+00 2.2303186669495548e-05
5.6528114450543198e-04 -1.8199999999998777e-03 0.0000000000000000e+00 0.0000000000000000e+00 1.7712793410574479e+00 2.2801572107063754e-05
5.7149302521428288e-04 -1.8399999999998745e-03 0.0000000000000000e+00 0.0000000000000000e+00 1.7712790120752056e+00 2.3305464751248433e-05
5.7770490592313377e-04 -1.8599999999998704e-03 0.0000000000000000e+00 0.0000000000000000e+00 1.7712786830953127e+00 2.3814864606097847e-05
5.8391678663198467e-04 -1.8799999999998659e-03 0.0000000000000000e+00 0.0000000000000000e+00 1.7712783541170614e+00 2.4329771675660289e-05
5.9012866734083557e-04 -1.8999999999998619e-03 0.0000000000000000e+00 0.0000000000000000e+00 1.7712780251398828e+00 2.4850185963984050e-05
5.9634054804968647e-04 -1.9199999999998587e-03 0.0000000000000000e+00 0.0000000000000000e+00 1.7712776961650216e+00 2.5376107475117431e-05
6.0255242875853737e-04 -1.9399999999998555e-03 0.0000000000000000e+00 0.0000000000000000e+00 1.7712773671918460e+00 2.5907536213108679e-05
6.0876430946738827e-04 -1.9599999999998529e-03 0.0000000000000000e+00 0.0000000000000000e+00 1.7712770382197720e+00 2.6444472182006093e-05
6.1497619017623917e-04 -1.9799999999998499e-03 0.0000000000000000e+00 0.0000000000000000e+00 1.7712767092498325e+00 2.6986915385857926e-05
6.2118807088509006e-04 -1.9999999999998470e-03 0.0000000000000000e+00 0.0000000000000000e+00 1.7712763802817812e+00 2.7534865828712462e-05
