6.2118807088509078e-06 -1.9999999999999995e-05 0.0000000000000000e+00 0.0000000000000000e+00 1.7713089866019589e+00 2.7534197241290385e-09
1.2423761417701816e-05 -3.9999999999999996e-05 0.0000000000000000e+00 0.0000000000000000e+00 1.7713086877963784e+00 1.1013681346790085e-08
1.8635642126552723e-05 -6.0000000000000008e-05 0.0000000000000000e+00 0.0000000000000000e+00 1.7713083889884871e+00 2.4780788543394043e-08
2.4847522835403628e-05 -8.0000000000000007e-05 0.0000000000000000e+00 0.0000000000000000e+00 1.7713080901837572e+00 4.4054744989351791e-08
3.1059403544254533e-05 -1.0000000000000003e-04 0.0000000000000000e+00 0.0000000000000000e+00 1.7713077913709685e+00 6.8835554360074254e-08
3.7271284253105438e-05 -1.2000000000000010e-04 0.0000000000000000e+00 0.0000000000000000e+00 1.7713074925590091e+00 9.9123220330972391e-08
4.3483164961956344e-05 -1.4000000000000010e-04 0.0000000000000000e+00 0.0000000000000000e+00 1.7713071937463896e+00 1.3491774657745687e-07
4.9695045670807249e-05 -1.6000000000000007e-04 0.0000000000000000e+00 0.0000000000000000e+00 1.7713068949330173e+00 1.7621913677493871e-07
5.5906926379658154e-05 -1.8000000000000004e-04 0.0000000000000000e+00 0.0000000000000000e+00 1.7713065961240244e+00 2.2302739459882874e-07
6.2118807088509066e-05 -2.0000000000000006e-04 0.0000000000000000e+00 0.0000000000000000e+00 1.7713062973172167e+00 2.7534252372453814e-07
6.8330687797359978e-05 -2.2000000000000012e-04 0.0000000000000000e+00 0.0000000000000000e+00 1.7713059985105781e+00 3.3316452782747761e-07
7.4542568506210890e-05 -2.4000000000000009e-04 0.0000000000000000e+00 0.0000000000000000e+00 1.7713056997069310e+00 3.9649341058305784e-07
8.0754449215061802e-05 -2.6000000000000003e-04 0.0000000000000000e+00 0.0000000000000000e+00 1.7713054009055544e+00 4.6532917566668970e-07
8.6966329923912714e-05 -2.7999999999999987e-04 0.0000000000000000e+00 0.0000000000000000e+00 1.7713051021006847e+00 5.3967182675378401e-07
9.3178210632763626e-05 -2.9999999999999970e-04 0.0000000000000000e+00 0.0000000000000000e+00 1.7713048033026371e+00 6.1952136751975176e-07
9.9390091341614538e-05 -3.1999999999999954e-04 0.0000000000000000e+00 0.0000000000000000e+00 1.7713045045012694e+00 7.0487780164000397e-07
1.0560197205046545e-04 -3.3999999999999937e-04 0.0000000000000000e+00 0.0000000000000000e+00 1.7713042057037258e+00 7.9574113278995159e-07
1.1181385275931636e-04 -3.5999999999999910e-04 0.0000000000000000e+00 0.0000000000000000e+00 1.7713039069085976e+00 8.9211136464500483e-07
1.1802573346816727e-04 -3.7999999999999877e-04 0.0000000000000000e+00 0.0000000000000000e+00 1.7713036081135547e+00 9.9398850088057474e-07
1.2423761417701819e-04 -3.9999999999999834e-04 0.0000000000000000e+00 0.0000000000000000e+00 1.7713033093186095e+00 1.1013725451720722e-06
1.3044949488586908e-04 -4.1999999999999779e-04 0.0000000000000000e+00 0.0000000000000000e+00 1.7713030105255065e+00 1.2142635011949076e-06
1.3666137559471998e-04 -4.3999999999999720e-04 0.0000000000000000e+00 0.0000000000000000e+00 1.7713027117344404e+00 1.3326613726244929e-06
1.4287325630357088e-04 -4.5999999999999665e-04 0.0000000000000000e+00 0.0000000000000000e+00 1.7713024129447725e+00 1.4565661631362380e-06
1.4908513701242178e-04 -4.7999999999999616e-04 0.0000000000000000e+00 0.0000000000000000e+00 1.7713021141566168e+00 1.5859778764055555e-06
1.5529701772127268e-04 -4.9999999999999578e-04 0.0000000000000000e+00 0.0000000000000000e+00 1.7713018153699258e+00 1.7208965161078561e-06
1.6150889843012358e-04 -5.1999999999999562e-04 0.0000000000000000e+00 0.0000000000000000e+00 1.7713015165846193e+00 1.8613220859185507e-06
1.6772077913897448e-04 -5.3999999999999534e-04 0.0000000000000000e+00 0.0000000000000000e+00 1.7713012178011569e+00 2.0072545895130493e-06
1.7393265984782537e-04 -5.5999999999999496e-04 0.0000000000000000e+00 0.0000000000000000e+00 1.7713009190190259e+00 2.1586940305667624e-06
1.8014454055667627e-04 -5.7999999999999469e-04 0.0000000000000000e+00 0.0000000000000000e+00 1.7713006202377655e+00 2.3156404127551019e-06
1.8635642126552717e-04 -5.9999999999999431e-04 0.0000000000000000e+00 0.0000000000000000e+00 1.7713003214574308e+00 2.4780937397534776e-06
1.9256830197437807e-04 -6.1999999999999393e-04 0.0000000000000000e+00 0.0000000000000000e+00 1.7713000226782118e+00 2.6460540152373006e-06
1.9878018268322897e-04 -6.3999999999999355e-04 0.0000000000000000e+00 0.0000000000000000e+00 1.7712997239009407e+00 2.8195212428819828e-06
2.0499206339207987e-04 -6.5999999999999317e-04 0.0000000000000000e+00 0.0000000000000000e+00 1.7712994251261927e+00 2.9984954263629336e-06
2.1120394410093076e-04 -6.7999999999999300e-04 0.0000000000000000e+00 0.0000000000000000e+00 1.7712991263518976e+00 3.1829765693555682e-06
2.1741582480978166e-04 -6.9999999999999284e-04 0.0000000000000000e+00 0.0000000000000000e+00 1.7712988275780968e+00 3.3729646755352931e-06
2.2362770551863256e-04 -7.1999999999999256e-04 0.0000000000000000e+00 0.0000000000000000e+00 1.7712985288065097e+00 3.5684597485775192e-06
2.2983958622748346e-04 -7.3999999999999262e-04 0.0000000000000000e+00 0.0000000000000000e+00 1.7712982300372655e+00 3.7694617921576624e-06
2.3605146693633436e-04 -7.5999999999999278e-04 0.0000000000000000e+00 0.0000000000000000e+00 1.7712979312678867e+00 3.9759708099511308e-06
2.4226334764518526e-04 -7.7999999999999283e-04 0.0000000000000000e+00 0.0000000000000000e+00 1.7712976325000571e+00 4.1879868056333323e-06
2.4847522835403616e-04 -7.9999999999999321e-04 0.0000000000000000e+00 0.0000000000000000e+00 1.7712973337350046e+00 4.4055097828796832e-06
2.5468710906288705e-04 -8.1999999999999348e-04 0.0000000000000000e+00 0.0000000000000000e+00 1.7712970349697099e+00 4.6285397453655916e-06
2.6089898977173795e-04 -8.3999999999999396e-04 0.0000000000000000e+00 0.0000000000000000e+00 1.7712967362063772e+00 4.8570766967664689e-06
2.6711087048058885e-04 -8.5999999999999434e-04 0.0000000000000000e+00 0.0000000000000000e+00 1.7712964374451854e+00 5.0911206407577232e-06
2.7332275118943975e-04 -8.7999999999999504e-04 0.0000000000000000e+00 0.0000000000000000e+00 1.7712961386838826e+00 5.3306715810147720e-06
2.7953463189829065e-04 -8.9999999999999596e-04 0.0000000000000000e+00 0.0000000000000000e+00 1.7712958399256769e+00 5.5757295212130242e-06
2.8574651260714155e-04 -9.1999999999999688e-04 0.0000000000000000e+00 0.0000000000000000e+00 1.7712955411675018e+00 5.8262944650278870e-06
2.9195839331599244e-04 -9.3999999999999770e-04 0.0000000000000000e+00 0.0000000000000000e+00 1.7712952424111941e+00 6.0823664161347720e-06
2.9817027402484334e-04 -9.5999999999999840e-04 0.0000000000000000e+00 0.0000000000000000e+00 1.7712949436566097e+00 6.3439453782090897e-06
3.0438215473369424e-04 -9.7999999999999888e-04 0.0000000000000000e+00 0.0000000000000000e+00 1.7712946449024878e+00 6.6110313549262482e-06
3.1059403544254514e-04 -9.9999999999999959e-04 0.0000000000000000e+00 0.0000000000000000e+00 1.7712943461511337e+00 6.8836243499616651e-06
3.1680591615139604e-04 -1.0200000000000005e-03 0.0000000000000000e+00 0.0000000000000000e+00 1.7712940473996275e+00 7.1617243669907508e-06
3.2301779686024694e-04 -1.0400000000000019e-03 0.0000000000000000e+00 0.0000000000000000e+00 1.7712937486510885e+00 7.4453314096889194e-06
3.2922967756909784e-04 -1.0600000000000036e-03 0.0000000000000000e+00 0.0000000000000000e+00 1.7712934499023778e+00 7.7344454817315825e-06
3.3544155827794873e-04 -1.0800000000000057e-03 0.0000000000000000e+00 0.0000000000000000e+00 1.7712931511565717e+00 8.0290665867941489e-06
3.4165343898679963e-04 -1.1000000000000079e-03 0.0000000000000000e+00 0.0000000000000000e+00 1.7712928524106657e+00 8.3291947285520268e-06
3.4786531969565053e-04 -1.1200000000000105e-03 0.0000000000000000e+00 0.0000000000000000e+00 1.7712925536676098e+00 8.6348299106806327e-06
3.5407720040450143e-04 -1.1400000000000130e-03 0.0000000000000000e+00 0.0000000000000000e+00 1.7712922549245189e+00 8.9459721368553696e-06
3.6028908111335233e-04 -1.1600000000000152e-03 0.0000000000000000e+00 0.0000000000000000e+00 1.7712919561842084e+00 9.2626214107516456e-06
3.6650096182220323e-04 -1.1800000000000176e-03 0.0000000000000000e+00 0.0000000000000000e+00 1.7712916574439050e+00 9.5847777360448790e-06
3.7271284253105413e-04 -1.2000000000000205e-03 0.0000000000000000e+00 0.0000000000000000e+00 1.7712913587063421e+00 9.9124411164104847e-06
3.7892472323990502e-04 -1.2200000000000238e-03 0.0000000000000000e+00 0.0000000000000000e+00 1.7712910599688620e+00 1.0245611555523871e-05
3.8513660394875592e-04 -1.2400000000000271e-03 0.0000000000000000e+00 0.0000000000000000e+00 1.7712907612339970e+00 1.0584289057060449e-05
3.9134848465760682e-04 -1.2600000000000302e-03 0.0000000000000000e+00 0.0000000000000000e+00 1.7712904624995194e+00 1.0928473624695616e-05
3.9756036536645772e-04 -1.2800000000000337e-03 0.0000000000000000e+00 0.0000000000000000e+00 1.7712901637671210e+00 1.1278165262104802e-05
4.0377224607530862e-04 -1.3000000000000368e-03 0.0000000000000000e+00 0.0000000000000000e+00 1.7712898650358775e+00 1.1633363972963404e-05
4.0998412678415952e-04 -1.3200000000000403e-03 0.0000000000000000e+00 0.0000000000000000e+00 1.7712895663057384e+00 1.1994069760946840e-05
4.1619600749301041e-04 -1.3400000000000443e-03 0.0000000000000000e+00 0.0000000000000000e+00 1.7712892675777174e+00 1.2360282629730526e-05
4.2240788820186131e-04 -1.3600000000000478e-03 0.0000000000000000e+00 0.0000000000000000e+00 1.7712889688500126e+00 1.2732002582989858e-05
4.2861976891071221e-04 -1.3800000000000518e-03 0.0000000000000000e+00 0.0000000000000000e+00 1.7712886701248540e+00 1.3109229624400263e-05
4.3483164961956311e-04 -1.4000000000000551e-03 0.0000000000000000e+00 0.0000000000000000e+00 1.7712883714001189e+00 1.3491963757637128e-05
4.4104353032841401e-04 -1.4200000000000588e-03 0.0000000000000000e+00 0.0000000000000000e+00 1.7712880726773537e+00 1.3880204986375888e-05
4.4725541103726491e-04 -1.4400000000000625e-03 0.0000000000000000e+00 0.0000000000000000e+00 1.7712877739559985e+00 1.4273953314291943e-05
4.5346729174611581e-04 -1.4600000000000658e-03 0.0000000000000000e+00 0.0000000000000000e+00 1.7712874752354031e+00 1.4673208745060701e-05
4.5967917245496670e-04 -1.4800000000000692e-03 0.0000000000000000e+00 0.0000000000000000e+00 1.7712871765171525e+00 1.5077971282357573e-05
4.6589105316381760e-04 -1.5000000000000725e-03 0.0000000000000000e+00 0.0000000000000000e+00 1.7712868777993598e+00 1.5488240929857975e-05
4.7210293387266850e-04 -1.5200000000000762e-03 0.0000000000000000e+00 0.0000000000000000e+00 1.7712865790835504e+00 1.5904017691237326e-05
4.7831481458151940e-04 -1.5400000000000804e-03 0.0000000000000000e+00 0.0000000000000000e+00 1.7712862803691918e+00 1.6325301570171040e-05
4.8452669529037030e-04 -1.5600000000000850e-03 0.0000000000000000e+00 0.0000000000000000e+00 1.7712859816554896e+00 1.6752092570334517e-05
4.9073857599922120e-04 -1.5800000000000896e-03 0.0000000000000000e+00 0.0000000000000000e+00 1.7712856829441119e+00 1.7184390695403171e-05
4.9695045670807209e-04 -1.6000000000000935e-03 0.0000000000000000e+00 0.0000000000000000e+00 1.7712853842335299e+00 1.7622195949052399e-05
5.0316233741692299e-04 -1.6200000000000973e-03 0.0000000000000000e+00 0.0000000000000000e+00 1.7712850855242908e+00 1.8065508334957614e-05
5.0937421812577389e-04 -1.6400000000001010e-03 0.0000000000000000e+00 0.0000000000000000e+00 1.7712847868170645e+00 1.8514327856794230e-05
5.1558609883462479e-04 -1.6600000000001050e-03 0.0000000000000000e+00 0.0000000000000000e+00 1.7712844881104171e+00 1.8968654518237675e-05
5.2179797954347569e-04 -1.6800000000001089e-03 0.0000000000000000e+00 0.0000000000000000e+00 1.7712841894056519e+00 1.9428488322963342e-05
5.2800986025232659e-04 -1.7000000000001124e-03 0.0000000000000000e+00 0.0000000000000000e+00 1.7712838907024786e+00 1.9893829274646640e-05
5.3422174096117749e-04 -1.7200000000001155e-03 0.0000000000000000e+00 0.0000000000000000e+00 1.7712835919999381e+00 2.0364677376962979e-05
5.4043362167002838e-04 -1.7400000000001186e-03 0.0000000000000000e+00 0.0000000000000000e+00 1.7712832932994471e+00 2.0841032633587773e-05
5.4664550237887928e-04 -1.7600000000001219e-03 0.0000000000000000e+00 0.0000000000000000e+00 1.7712829946003767e+00 2.1322895048196444e-05
5.5285738308773018e-04 -1.7800000000001257e-03 0.0000000000000000e+00 0.0000000000000000e+00 1.7712826959019918e+00 2.1810264624464410e-05
5.5906926379658108e-04 -1.8000000000001298e-03 0.0000000000000000e+00 0.0000000000000000e+00 1.7712823972057281e+00 2.2303141366067076e-05
5.6528114450543198e-04 -1.8200000000001338e-03 0.0000000000000000e+00 0.0000000000000000e+00 1.7712820985107671e+00 2.2801525276679840e-05
5.7149302521428288e-04 -1.8400000000001371e-03 0.0000000000000000e+00 0.0000000000000000e+00 1.7712817998165866e+00 2.3305416359978099e-05
5.7770490592313377e-04 -1.8600000000001406e-03 0.0000000000000000e+00 0.0000000000000000e+00 1.7712815011244591e+00 2.3814814619637296e-05
5.8391678663198467e-04 -1.8800000000001441e-03 0.0000000000000000e+00 0.0000000000000000e+00 1.7712812024336775e+00 2.4329720059332828e-05
5.9012866734083557e-04 -1.9000000000001477e-03 0.0000000000000000e+00 0.0000000000000000e+00 1.7712809037436721e+00 2.4850132682740101e-05
5.9634054804968647e-04 -1.9200000000001510e-03 0.0000000000000000e+00 0.0000000000000000e+00 1.7712806050556895e+00 2.5376052493534529e-05
6.0255242875853737e-04 -1.9400000000001547e-03 0.0000000000000000e+00 0.0000000000000000e+00 1.7712803063690954e+00 2.5907479495391541e-05
6.0876430946738827e-04 -1.9600000000001582e-03 0.0000000000000000e+00 0.0000000000000000e+00 1.7712800076833075e+00 2.6444413691986520e-05
6.1497619017623917e-04 -1.9800000000001622e-03 0.0000000000000000e+00 0.0000000000000000e+00 1.7712797089993584e+00 2.6986855086994906e-05
6.2118807088509006e-04 -2.0000000000001666e-03 0.0000000000000000e+00 0.0000000000000000e+00 1.7712794103170013e+00 2.7534803684092100e-05
