8.6491106406735161e-06 -2.0000000000000002e-05 0.0000000000000000e+00 0.0000000000000000e+00 1.6310490923742182e+00 3.4971223833942834e-09
1.7298221281347032e-05 -4.0000000000000044e-05 0.0000000000000000e+00 0.0000000000000000e+00 1.6310488889966228e+00 1.3988492121637212e-08
2.5947331922020550e-05 -6.0000000000000123e-05 0.0000000000000000e+00 0.0000000000000000e+00 1.6310486855831292e+00 3.1474113096818897e-08
3.4596442562694071e-05 -8.0000000000000156e-05 0.0000000000000000e+00 0.0000000000000000e+00 1.6310484821622946e+00 5.5953989191029354e-08
4.3245553203367592e-05 -1.0000000000000009e-04 0.0000000000000000e+00 0.0000000000000000e+00 1.6310482787452880e+00 8.7428124286358526e-08
5.1894663844041114e-05 -1.1999999999999989e-04 0.0000000000000000e+00 0.0000000000000000e+00 1.6310480753344458e+00 1.2589652226489639e-07
6.0543774484714635e-05 -1.3999999999999958e-04 0.0000000000000000e+00 0.0000000000000000e+00 1.6310478719167532e+00 1.7135918700873289e-07
6.9192885125388156e-05 -1.5999999999999923e-04 0.0000000000000000e+00 0.0000000000000000e+00 1.6310476685060498e+00 2.2381612239995815e-07
7.7841995766061677e-05 -1.7999999999999901e-04 0.0000000000000000e+00 0.0000000000000000e+00 1.6310474650883140e+00 2.8326733232066272e-07
8.6491106406735198e-05 -1.9999999999999857e-04 0.0000000000000000e+00 0.0000000000000000e+00 1.6310472616745968e+00 3.4971282065293586e-07
9.5140217047408719e-05 -2.1999999999999806e-04 0.0000000000000000e+00 0.0000000000000000e+00 1.6310470582611087e+00 4.2315259127886771e-07
1.0378932768808224e-04 -2.3999999999999751e-04 0.0000000000000000e+00 0.0000000000000000e+00 1.6310468548496038e+00 5.0358664808054859e-07
1.1243843832875576e-04 -2.5999999999999705e-04 0.0000000000000000e+00 0.0000000000000000e+00 1.6310466514377508e+00 5.9101499494006883e-07
1.2108754896942928e-04 -2.7999999999999656e-04 0.0000000000000000e+00 0.0000000000000000e+00 1.6310464480228750e+00 6.8543763573951839e-07
1.2973665961010279e-04 -2.9999999999999656e-04 0.0000000000000000e+00 0.0000000000000000e+00 1.6310462446132137e+00 7.8685457436098956e-07
1.3838577025077628e-04 -3.1999999999999639e-04 0.0000000000000000e+00 0.0000000000000000e+00 1.6310460411994114e+00 8.9526581468656955e-07
1.4703488089144978e-04 -3.3999999999999618e-04 0.0000000000000000e+00 0.0000000000000000e+00 1.6310458377886856e+00 1.0106713605983489e-06
1.5568399153212327e-04 -3.5999999999999585e-04 0.0000000000000000e+00 0.0000000000000000e+00 1.6310456343790554e+00 1.1330712159784174e-06
1.6433310217279677e-04 -3.7999999999999574e-04 0.0000000000000000e+00 0.0000000000000000e+00 1.6310454309677114e+00 1.2624653847088670e-06
1.7298221281347026e-04 -3.9999999999999584e-04 0.0000000000000000e+00 0.0000000000000000e+00 1.6310452275565779e+00 1.3988538706717882e-06
1.8163132345414376e-04 -4.1999999999999579e-04 0.0000000000000000e+00 0.0000000000000000e+00 1.6310450241467100e+00 1.5422366777492684e-06
1.9028043409481725e-04 -4.3999999999999535e-04 0.0000000000000000e+00 0.0000000000000000e+00 1.6310448207376049e+00 1.6926138098233958e-06
1.9892954473549074e-04 -4.5999999999999530e-04 0.0000000000000000e+00 0.0000000000000000e+00 1.6310446173289288e+00 1.8499852707762661e-06
2.0757865537616424e-04 -4.7999999999999530e-04 0.0000000000000000e+00 0.0000000000000000e+00 1.6310444139201570e+00 2.0143510644899671e-06
2.1622776601683773e-04 -4.9999999999999567e-04 0.0000000000000000e+00 0.0000000000000000e+00 1.6310442105120284e+00 2.1857111948465915e-06
2.2487687665751123e-04 -5.1999999999999648e-04 0.0000000000000000e+00 0.0000000000000000e+00 1.6310440071038865e+00 2.3640656657282300e-06
2.3352598729818472e-04 -5.3999999999999740e-04 0.0000000000000000e+00 0.0000000000000000e+00 1.6310438036964765e+00 2.5494144810169712e-06
2.4217509793885821e-04 -5.5999999999999843e-04 0.0000000000000000e+00 0.0000000000000000e+00 1.6310436002895394e+00 2.7417576445949041e-06
2.5082420857953171e-04 -5.7999999999999914e-04 0.0000000000000000e+00 0.0000000000000000e+00 1.6310433968834837e+00 2.9410951603441155e-06
2.5947331922020520e-04 -5.9999999999999984e-04 0.0000000000000000e+00 0.0000000000000000e+00 1.6310431934777618e+00 3.1474270321466984e-06
2.6812242986087870e-04 -6.2000000000000000e-04 0.0000000000000000e+00 0.0000000000000000e+00 1.6310429900718304e+00 3.3607532638847374e-06
2.7677154050155219e-04 -6.3999999999999984e-04 0.0000000000000000e+00 0.0000000000000000e+00 1.6310427866659261e+00 3.5810738594403238e-06
2.8542065114222568e-04 -6.6000000000000021e-04 0.0000000000000000e+00 0.0000000000000000e+00 1.6310425832603117e+00 3.8083888226955569e-06
2.9406976178289918e-04 -6.8000000000000059e-04 0.0000000000000000e+00 0.0000000000000000e+00 1.6310423798560847e+00 4.0426981575325214e-06
3.0271887242357267e-04 -7.0000000000000043e-04 0.0000000000000000e+00 0.0000000000000000e+00 1.6310421764524199e+00 4.2840018678333026e-06
3.1136798306424617e-04 -7.1999999999999972e-04 0.0000000000000000e+00 0.0000000000000000e+00 1.6310419730478207e+00 4.5322999574799885e-06
3.2001709370491966e-04 -7.3999999999999858e-04 0.0000000000000000e+00 0.0000000000000000e+00 1.6310417696440809e+00 4.7875924303546683e-06
3.2866620434559315e-04 -7.5999999999999690e-04 0.0000000000000000e+00 0.0000000000000000e+00 1.6310415662419255e+00 5.0498792903394347e-06
3.3731531498626665e-04 -7.7999999999999543e-04 0.0000000000000000e+00 0.0000000000000000e+00 1.6310413628389779e+00 5.3191605413163835e-06
3.4596442562694014e-04 -7.9999999999999473e-04 0.0000000000000000e+00 0.0000000000000000e+00 1.6310411594360135e+00 5.5954361871676125e-06
3.5461353626761364e-04 -8.1999999999999326e-04 0.0000000000000000e+00 0.0000000000000000e+00 1.6310409560349035e+00 5.8787062317751923e-06
3.6326264690828713e-04 -8.3999999999999266e-04 0.0000000000000000e+00 0.0000000000000000e+00 1.6310407526331259e+00 6.1689706790212366e-06
3.7191175754896062e-04 -8.5999999999999152e-04 0.0000000000000000e+00 0.0000000000000000e+00 1.6310405492316487e+00 6.4662295327878135e-06
3.8056086818963412e-04 -8.7999999999998984e-04 0.0000000000000000e+00 0.0000000000000000e+00 1.6310403458316414e+00 6.7704827969570147e-06
3.8920997883030761e-04 -8.9999999999998762e-04 0.0000000000000000e+00 0.0000000000000000e+00 1.6310401424306187e+00 7.0817304754109287e-06
3.9785908947098111e-04 -9.1999999999998528e-04 0.0000000000000000e+00 0.0000000000000000e+00 1.6310399390312671e+00 7.3999725720316531e-06
4.0650820011165460e-04 -9.3999999999998197e-04 0.0000000000000000e+00 0.0000000000000000e+00 1.6310397356315682e+00 7.7252090907012636e-06
4.1515731075232810e-04 -9.5999999999997856e-04 0.0000000000000000e+00 0.0000000000000000e+00 1.6310395322320694e+00 8.0574400353018611e-06
4.2380642139300159e-04 -9.7999999999997438e-04 0.0000000000000000e+00 0.0000000000000000e+00 1.6310393288339102e+00 8.3966654097155283e-06
4.3245553203367508e-04 -9.9999999999997096e-04 0.0000000000000000e+00 0.0000000000000000e+00 1.6310391254348644e+00 8.7428852178243780e-06
4.4110464267434858e-04 -1.0199999999999673e-03 0.0000000000000000e+00 0.0000000000000000e+00 1.6310389220376320e+00 9.0960994635104859e-06
4.4975375331502207e-04 -1.0399999999999628e-03 0.0000000000000000e+00 0.0000000000000000e+00 1.6310387186394664e+00 9.4563081506559276e-06
4.5840286395569557e-04 -1.0599999999999583e-03 0.0000000000000000e+00 0.0000000000000000e+00 1.6310385152429039e+00 9.8235112831428110e-06
4.6705197459636906e-04 -1.0799999999999530e-03 0.0000000000000000e+00 0.0000000000000000e+00 1.6310383118455378e+00 1.0197708864853208e-05
4.7570108523704255e-04 -1.0999999999999465e-03 0.0000000000000000e+00 0.0000000000000000e+00 1.6310381084496790e+00 1.0578900899669209e-05
4.8435019587771605e-04 -1.1199999999999407e-03 0.0000000000000000e+00 0.0000000000000000e+00 1.6310379050532966e+00 1.0967087391472929e-05
4.9299930651838949e-04 -1.1399999999999349e-03 0.0000000000000000e+00 0.0000000000000000e+00 1.6310377016581976e+00 1.1362268344146444e-05
5.0164841715906287e-04 -1.1599999999999289e-03 0.0000000000000000e+00 0.0000000000000000e+00 1.6310374982624420e+00 1.1764443761571849e-05
5.1029752779973626e-04 -1.1799999999999226e-03 0.0000000000000000e+00 0.0000000000000000e+00 1.6310372948682057e+00 1.2173613647631227e-05
5.1894663844040964e-04 -1.1999999999999158e-03 0.0000000000000000e+00 0.0000000000000000e+00 1.6310370914732955e+00 1.2589778006206665e-05
5.2759574908108303e-04 -1.2199999999999091e-03 0.0000000000000000e+00 0.0000000000000000e+00 1.6310368880798436e+00 1.3012936841180264e-05
5.3624485972175642e-04 -1.2399999999999011e-03 0.0000000000000000e+00 0.0000000000000000e+00 1.6310366846856814e+00 1.3443090156434090e-05
5.4489397036242980e-04 -1.2599999999998918e-03 0.0000000000000000e+00 0.0000000000000000e+00 1.6310364812930276e+00 1.3880237955850226e-05
5.5354308100310319e-04 -1.2799999999998828e-03 0.0000000000000000e+00 0.0000000000000000e+00 1.6310362778996768e+00 1.4324380243310795e-05
5.6219219164377657e-04 -1.2999999999998727e-03 0.0000000000000000e+00 0.0000000000000000e+00 1.6310360745076884e+00 1.4775517022697861e-05
5.7084130228444996e-04 -1.3199999999998612e-03 0.0000000000000000e+00 0.0000000000000000e+00 1.6310358711153585e+00 1.5233648297893507e-05
5.7949041292512334e-04 -1.3399999999998493e-03 0.0000000000000000e+00 0.0000000000000000e+00 1.6310356677239224e+00 1.5698774072779841e-05
5.8813952356579673e-04 -1.3599999999998377e-03 0.0000000000000000e+00 0.0000000000000000e+00 1.6310354643328449e+00 1.6170894351238964e-05
5.9678863420647012e-04 -1.3799999999998267e-03 0.0000000000000000e+00 0.0000000000000000e+00 1.6310352609417216e+00 1.6650009137152984e-05
6.0543774484714350e-04 -1.3999999999998152e-03 0.0000000000000000e+00 0.0000000000000000e+00 1.6310350575516825e+00 1.7136118434403957e-05
6.1408685548781689e-04 -1.4199999999998038e-03 0.0000000000000000e+00 0.0000000000000000e+00 1.6310348541611277e+00 1.7629222246873991e-05
6.2273596612849027e-04 -1.4399999999997928e-03 0.0000000000000000e+00 0.0000000000000000e+00 1.6310346507718754e+00 1.8129320578445170e-05
6.3138507676916366e-04 -1.4599999999997807e-03 0.0000000000000000e+00 0.0000000000000000e+00 1.6310344473824099e+00 1.8636413432999576e-05
6.4003418740983704e-04 -1.4799999999997693e-03 0.0000000000000000e+00 0.0000000000000000e+00 1.6310342439935863e+00 1.9150500814419318e-05
6.4868329805051043e-04 -1.4999999999997526e-03 0.0000000000000000e+00 0.0000000000000000e+00 1.6310340406054447e+00 1.9671582726586354e-05
6.5733240869118382e-04 -1.5199999999997358e-03 0.0000000000000000e+00 0.0000000000000000e+00 1.6310338372169007e+00 2.0199659173382891e-05
6.6598151933185720e-04 -1.5399999999997189e-03 0.0000000000000000e+00 0.0000000000000000e+00 1.6310336338296558e+00 2.0734730158691025e-05
6.7463062997253059e-04 -1.5599999999997009e-03 0.0000000000000000e+00 0.0000000000000000e+00 1.6310334304421990e+00 2.1276795686392816e-05
6.8327974061320397e-04 -1.5799999999996841e-03 0.0000000000000000e+00 0.0000000000000000e+00 1.6310332270552055e+00 2.1825855760370405e-05
6.9192885125387736e-04 -1.5999999999996674e-03 0.0000000000000000e+00 0.0000000000000000e+00 1.6310330236690933e+00 2.2381910384505864e-05
7.0057796189455074e-04 -1.6199999999996525e-03 0.0000000000000000e+00 0.0000000000000000e+00 1.6310328202825959e+00 2.2944959562681320e-05
7.0922707253522413e-04 -1.6399999999996387e-03 0.0000000000000000e+00 0.0000000000000000e+00 1.6310326168971487e+00 2.3515003298778854e-05
7.1787618317589751e-04 -1.6599999999996253e-03 0.0000000000000000e+00 0.0000000000000000e+00 1.6310324135120213e+00 2.4092041596680533e-05
7.2652529381657090e-04 -1.6799999999996117e-03 0.0000000000000000e+00 0.0000000000000000e+00 1.6310322101267130e+00 2.4676074460268435e-05
7.3517440445724429e-04 -1.6999999999995970e-03 0.0000000000000000e+00 0.0000000000000000e+00 1.6310320067425230e+00 2.5267101893424620e-05
7.4382351509791767e-04 -1.7199999999995838e-03 0.0000000000000000e+00 0.0000000000000000e+00 1.6310318033583822e+00 2.5865123900031257e-05
7.5247262573859106e-04 -1.7399999999995711e-03 0.0000000000000000e+00 0.0000000000000000e+00 1.6310315999744622e+00 2.6470140483970400e-05
7.6112173637926444e-04 -1.7599999999995599e-03 0.0000000000000000e+00 0.0000000000000000e+00 1.6310313965914829e+00 2.7082151649124176e-05
7.6977084701993783e-04 -1.7799999999995469e-03 0.0000000000000000e+00 0.0000000000000000e+00 1.6310311932084545e+00 2.7701157399374575e-05
7.7841995766061121e-04 -1.7999999999995322e-03 0.0000000000000000e+00 0.0000000000000000e+00 1.6310309898257789e+00 2.8327157738603695e-05
7.8706906830128460e-04 -1.8199999999995193e-03 0.0000000000000000e+00 0.0000000000000000e+00 1.6310307864439617e+00 2.8960152670693728e-05
7.9571817894195799e-04 -1.8399999999995063e-03 0.0000000000000000e+00 0.0000000000000000e+00 1.6310305830620102e+00 2.9600142199526705e-05
8.0436728958263137e-04 -1.8599999999994931e-03 0.0000000000000000e+00 0.0000000000000000e+00 1.6310303796805663e+00 3.0247126328984712e-05
8.1301640022330476e-04 -1.8799999999994804e-03 0.0000000000000000e+00 0.0000000000000000e+00 1.6310301762999426e+00 3.0901105062949857e-05
8.2166551086397814e-04 -1.8999999999994664e-03 0.0000000000000000e+00 0.0000000000000000e+00 1.6310299729191913e+00 3.1562078405304181e-05
8.3031462150465153e-04 -1.9199999999994504e-03 0.0000000000000000e+00 0.0000000000000000e+00 1.6310297695389810e+00 3.2230046359929765e-05
8.3896373214532491e-04 -1.9399999999994361e-03 0.0000000000000000e+00 0.0000000000000000e+00 1.6310295661595209e+00 3.2905008930708790e-05
8.4761284278599830e-04 -1.9599999999994231e-03 0.0000000000000000e+00 0.0000000000000000e+00 1.6310293627800438e+00 3.3586966121523345e-05
8.5626195342667169e-04 -1.9799999999994084e-03 0.0000000000000000e+00 0.0000000000000000e+00 1.6310291594008703e+00 3.4275917936255422e-05
8.6491106406734507e-04 -1.9999999999993959e-03 0.0000000000000000e+00 0.0000000000000000e+00 1.6310289560226430e+00 3.4971864378787230e-05
