6.2118807088509078e-06 -1.9999999999999995e-05 0.0000000000000000e+00 0.0000000000000000e+00 1.7713091381772956e+00 2.7534194134058953e-09
1.2423761417701816e-05 -3.9999999999999990e-05 0.0000000000000000e+00 0.0000000000000000e+00 1.7713089909459989e+00 1.1013678861004938e-08
1.8635642126552723e-05 -5.9999999999999968e-05 0.0000000000000000e+00 0.0000000000000000e+00 1.7713088437113371e+00 2.4780780153869145e-08
2.4847522835403628e-05 -7.9999999999999952e-05 0.0000000000000000e+00 0.0000000000000000e+00 1.7713086964787819e+00 4.4054725103070570e-08
3.1059403544254533e-05 -9.9999999999999951e-05 0.0000000000000000e+00 0.0000000000000000e+00 1.7713085492371159e+00 6.8835515519681258e-08
3.7271284253105438e-05 -1.1999999999999992e-04 0.0000000000000000e+00 0.0000000000000000e+00 1.7713084019952248e+00 9.9123153214773190e-08
4.3483164961956344e-05 -1.3999999999999985e-04 0.0000000000000000e+00 0.0000000000000000e+00 1.7713082547516201e+00 1.3491763999941834e-07
4.9695045670807249e-05 -1.5999999999999977e-04 0.0000000000000000e+00 0.0000000000000000e+00 1.7713081075062078e+00 1.7621897768468878e-07
5.5906926379658154e-05 -1.7999999999999977e-04 0.0000000000000000e+00 0.0000000000000000e+00 1.7713079602641224e+00 2.2302716808165679e-07
6.2118807088509066e-05 -1.9999999999999971e-04 0.0000000000000000e+00 0.0000000000000000e+00 1.7713078130231690e+00 2.7534221300139401e-07
6.8330687797359978e-05 -2.1999999999999974e-04 0.0000000000000000e+00 0.0000000000000000e+00 1.7713076657813300e+00 3.3316411425497301e-07
7.4542568506210890e-05 -2.3999999999999976e-04 0.0000000000000000e+00 0.0000000000000000e+00 1.7713075185414286e+00 3.9649287365346550e-07
8.0754449215061802e-05 -2.5999999999999987e-04 0.0000000000000000e+00 0.0000000000000000e+00 1.7713073713027454e+00 4.6532849300794367e-07
8.6966329923912714e-05 -2.7999999999999998e-04 0.0000000000000000e+00 0.0000000000000000e+00 1.7713072240595147e+00 5.3967097412947952e-07
9.3178210632763626e-05 -2.9999999999999997e-04 0.0000000000000000e+00 0.0000000000000000e+00 1.7713070768220531e+00 6.1952031882914474e-07
9.9390091341614538e-05 -3.1999999999999992e-04 0.0000000000000000e+00 0.0000000000000000e+00 1.7713069295802171e+00 7.0487652891801124e-07
1.0560197205046545e-04 -3.3999999999999992e-04 0.0000000000000000e+00 0.0000000000000000e+00 1.7713067823411537e+00 7.9573960620715160e-07
1.1181385275931636e-04 -3.5999999999999997e-04 0.0000000000000000e+00 0.0000000000000000e+00 1.7713066351034503e+00 8.9210955250763789e-07
1.1802573346816727e-04 -3.8000000000000013e-04 0.0000000000000000e+00 0.0000000000000000e+00 1.7713064878647788e+00 9.9398636963054248e-07
1.2423761417701819e-04 -4.0000000000000040e-04 0.0000000000000000e+00 0.0000000000000000e+00 1.7713063406251519e+00 1.1013700593869376e-06
1.3044949488586908e-04 -4.2000000000000056e-04 0.0000000000000000e+00 0.0000000000000000e+00 1.7713061933863146e+00 1.2142606235878940e-06
1.3666137559471998e-04 -4.4000000000000061e-04 0.0000000000000000e+00 0.0000000000000000e+00 1.7713060461484609e+00 1.3326580640444835e-06
1.4287325630357088e-04 -4.6000000000000077e-04 0.0000000000000000e+00 0.0000000000000000e+00 1.7713058989109518e+00 1.4565623825677798e-06
1.4908513701242178e-04 -4.8000000000000093e-04 0.0000000000000000e+00 0.0000000000000000e+00 1.7713057516739013e+00 1.5859735809688541e-06
1.5529701772127268e-04 -5.0000000000000131e-04 0.0000000000000000e+00 0.0000000000000000e+00 1.7713056044372624e+00 1.7208916610587797e-06
1.6150889843012358e-04 -5.2000000000000147e-04 0.0000000000000000e+00 0.0000000000000000e+00 1.7713054572009541e+00 1.8613166246486261e-06
1.6772077913897448e-04 -5.4000000000000152e-04 0.0000000000000000e+00 0.0000000000000000e+00 1.7713053099654370e+00 2.0072484735494660e-06
1.7393265984782537e-04 -5.6000000000000169e-04 0.0000000000000000e+00 0.0000000000000000e+00 1.7713051627301988e+00 2.1586872095723726e-06
1.8014454055667627e-04 -5.8000000000000185e-04 0.0000000000000000e+00 0.0000000000000000e+00 1.7713050154947785e+00 2.3156328345284171e-06
1.8635642126552717e-04 -6.0000000000000179e-04 0.0000000000000000e+00 0.0000000000000000e+00 1.7713048682592303e+00 2.4780853502286706e-06
1.9256830197437807e-04 -6.2000000000000195e-04 0.0000000000000000e+00 0.0000000000000000e+00 1.7713047210237438e+00 2.6460447584842078e-06
1.9878018268322897e-04 -6.4000000000000190e-04 0.0000000000000000e+00 0.0000000000000000e+00 1.7713045737891522e+00 2.8195110611060969e-06
2.0499206339207987e-04 -6.6000000000000184e-04 0.0000000000000000e+00 0.0000000000000000e+00 1.7713044265560303e+00 2.9984842599054129e-06
2.1120394410093076e-04 -6.8000000000000200e-04 0.0000000000000000e+00 0.0000000000000000e+00 1.7713042793223104e+00 3.1829643566932284e-06
2.1741582480978166e-04 -7.0000000000000216e-04 0.0000000000000000e+00 0.0000000000000000e+00 1.7713041320880305e+00 3.3729513532806146e-06
2.2362770551863256e-04 -7.2000000000000221e-04 0.0000000000000000e+00 0.0000000000000000e+00 1.7713039848549097e+00 3.5684452514786422e-06
2.2983958622748346e-04 -7.4000000000000227e-04 0.0000000000000000e+00 0.0000000000000000e+00 1.7713038376230810e+00 3.7694460530983841e-06
2.3605146693633436e-04 -7.6000000000000232e-04 0.0000000000000000e+00 0.0000000000000000e+00 1.7713036903900647e+00 3.9759537599509133e-06
2.4226334764518526e-04 -7.8000000000000205e-04 0.0000000000000000e+00 0.0000000000000000e+00 1.7713035431575428e+00 4.1879683738472954e-06
2.4847522835403616e-04 -8.0000000000000166e-04 0.0000000000000000e+00 0.0000000000000000e+00 1.7713033959267463e+00 4.4054898965986085e-06
2.5468710906288705e-04 -8.2000000000000096e-04 0.0000000000000000e+00 0.0000000000000000e+00 1.7713032486946561e+00 4.6285183300159209e-06
2.6089898977173795e-04 -8.4000000000000003e-04 0.0000000000000000e+00 0.0000000000000000e+00 1.7713031014634717e+00 4.8570536759103040e-06
2.6711087048058885e-04 -8.5999999999999889e-04 0.0000000000000000e+00 0.0000000000000000e+00 1.7713029542333780e+00 5.0910959360928313e-06
2.7332275118943975e-04 -8.7999999999999808e-04 0.0000000000000000e+00 0.0000000000000000e+00 1.7713028070021197e+00 5.3306451123745804e-06
2.7953463189829065e-04 -8.9999999999999748e-04 0.0000000000000000e+00 0.0000000000000000e+00 1.7713026597729047e+00 5.5757012065666212e-06
2.8574651260714155e-04 -9.1999999999999710e-04 0.0000000000000000e+00 0.0000000000000000e+00 1.7713025125426700e+00 5.8262642204800286e-06
2.9195839331599244e-04 -9.3999999999999683e-04 0.0000000000000000e+00 0.0000000000000000e+00 1.7713023653132467e+00 6.0823341559258694e-06
2.9817027402484334e-04 -9.5999999999999688e-04 0.0000000000000000e+00 0.0000000000000000e+00 1.7713022180844973e+00 6.3439110147152226e-06
3.0438215473369424e-04 -9.7999999999999715e-04 0.0000000000000000e+00 0.0000000000000000e+00 1.7713020708551550e+00 6.6109947986591575e-06
3.1059403544254514e-04 -9.9999999999999742e-04 0.0000000000000000e+00 0.0000000000000000e+00 1.7713019236275296e+00 6.8835855095687431e-06
3.1680591615139604e-04 -1.0199999999999977e-03 0.0000000000000000e+00 0.0000000000000000e+00 1.7713017763986989e+00 7.1616831492550528e-06
3.2301779686024694e-04 -1.0399999999999984e-03 0.0000000000000000e+00 0.0000000000000000e+00 1.7713016291717825e+00 7.4452877195291598e-06
3.2922967756909784e-04 -1.0599999999999991e-03 0.0000000000000000e+00 0.0000000000000000e+00 1.7713014819436423e+00 7.7343992222021350e-06
3.3544155827794873e-04 -1.0800000000000002e-03 0.0000000000000000e+00 0.0000000000000000e+00 1.7713013347173538e+00 8.0290176590850594e-06
3.4165343898679963e-04 -1.1000000000000018e-03 0.0000000000000000e+00 0.0000000000000000e+00 1.7713011874899129e+00 8.3291430319889977e-06
3.4786531969565053e-04 -1.1200000000000032e-03 0.0000000000000000e+00 0.0000000000000000e+00 1.7713010402642693e+00 8.6347753427250183e-06
3.5407720040450143e-04 -1.1400000000000043e-03 0.0000000000000000e+00 0.0000000000000000e+00 1.7713008930375387e+00 8.9459145931041928e-06
3.6028908111335233e-04 -1.1600000000000050e-03 0.0000000000000000e+00 0.0000000000000000e+00 1.7713007458125349e+00 9.2625607849375843e-06
3.6650096182220323e-04 -1.1800000000000059e-03 0.0000000000000000e+00 0.0000000000000000e+00 1.7713005985864867e+00 9.5847139200362831e-06
3.7271284253105413e-04 -1.2000000000000066e-03 0.0000000000000000e+00 0.0000000000000000e+00 1.7713004513621267e+00 9.9123740002113473e-06
3.7892472323990502e-04 -1.2200000000000075e-03 0.0000000000000000e+00 0.0000000000000000e+00 1.7713003041367961e+00 1.0245541027273859e-05
3.8513660394875592e-04 -1.2400000000000080e-03 0.0000000000000000e+00 0.0000000000000000e+00 1.7713001569130296e+00 1.0584215003034879e-05
3.9134848465760682e-04 -1.2600000000000087e-03 0.0000000000000000e+00 0.0000000000000000e+00 1.7713000096885960e+00 1.0928395929305493e-05
3.9756036536645772e-04 -1.2800000000000094e-03 0.0000000000000000e+00 0.0000000000000000e+00 1.7712998624651923e+00 1.1278083807896762e-05
4.0377224607530862e-04 -1.3000000000000099e-03 0.0000000000000000e+00 0.0000000000000000e+00 1.7712997152418877e+00 1.1633278640619762e-05
4.0998412678415952e-04 -1.3200000000000102e-03 0.0000000000000000e+00 0.0000000000000000e+00 1.7712995680186385e+00 1.1993980429285562e-05
4.1619600749301041e-04 -1.3400000000000100e-03 0.0000000000000000e+00 0.0000000000000000e+00 1.7712994207964528e+00 1.2360189175705227e-05
4.2240788820186131e-04 -1.3600000000000099e-03 0.0000000000000000e+00 0.0000000000000000e+00 1.7712992735735320e+00 1.2731904881689843e-05
4.2861976891071221e-04 -1.3800000000000101e-03 0.0000000000000000e+00 0.0000000000000000e+00 1.7712991263521052e+00 1.3109127549050483e-05
4.3483164961956311e-04 -1.4000000000000100e-03 0.0000000000000000e+00 0.0000000000000000e+00 1.7712989791300482e+00 1.3491857179598210e-05
4.4104353032841401e-04 -1.4200000000000096e-03 0.0000000000000000e+00 0.0000000000000000e+00 1.7712988319089122e+00 1.3880093775144096e-05
4.4725541103726491e-04 -1.4400000000000094e-03 0.0000000000000000e+00 0.0000000000000000e+00 1.7712986846881300e+00 1.4273837337499219e-05
4.5346729174611581e-04 -1.4600000000000099e-03 0.0000000000000000e+00 0.0000000000000000e+00 1.7712985374670585e+00 1.4673087868474663e-05
4.5967917245496670e-04 -1.4800000000000097e-03 0.0000000000000000e+00 0.0000000000000000e+00 1.7712983902472792e+00 1.5077845369881473e-05
4.6589105316381760e-04 -1.5000000000000094e-03 0.0000000000000000e+00 0.0000000000000000e+00 1.7712982430269038e+00 1.5488109843530733e-05
4.7210293387266850e-04 -1.5200000000000092e-03 0.0000000000000000e+00 0.0000000000000000e+00 1.7712980958074629e+00 1.5903881291233522e-05
4.7831481458151940e-04 -1.5400000000000090e-03 0.0000000000000000e+00 0.0000000000000000e+00 1.7712979485884166e+00 1.6325159714800901e-05
4.8452669529037030e-04 -1.5600000000000089e-03 0.0000000000000000e+00 0.0000000000000000e+00 1.7712978013689782e+00 1.6751945116043952e-05
4.9073857599922120e-04 -1.5800000000000093e-03 0.0000000000000000e+00 0.0000000000000000e+00 1.7712976541508112e+00 1.7184237496773756e-05
4.9695045670807209e-04 -1.6000000000000101e-03 0.0000000000000000e+00 0.0000000000000000e+00 1.7712975069323860e+00 1.7622036858801376e-05
5.0316233741692299e-04 -1.6200000000000108e-03 0.0000000000000000e+00 0.0000000000000000e+00 1.7712973597142549e+00 1.8065343203937882e-05
5.0937421812577389e-04 -1.6400000000000119e-03 0.0000000000000000e+00 0.0000000000000000e+00 1.7712972124970829e+00 1.8514156533994347e-05
5.1558609883462479e-04 -1.6600000000000126e-03 0.0000000000000000e+00 0.0000000000000000e+00 1.7712970652794375e+00 1.8968476850781835e-05
5.2179797954347569e-04 -1.6800000000000135e-03 0.0000000000000000e+00 0.0000000000000000e+00 1.7712969180626246e+00 1.9428304156111431e-05
5.2800986025232659e-04 -1.7000000000000142e-03 0.0000000000000000e+00 0.0000000000000000e+00 1.7712967708463492e+00 1.9893638451794190e-05
5.3422174096117749e-04 -1.7200000000000149e-03 0.0000000000000000e+00 0.0000000000000000e+00 1.7712966236296555e+00 2.0364479739641195e-05
5.4043362167002838e-04 -1.7400000000000150e-03 0.0000000000000000e+00 0.0000000000000000e+00 1.7712964764139614e+00 2.0840828021463505e-05
5.4664550237887928e-04 -1.7600000000000144e-03 0.0000000000000000e+00 0.0000000000000000e+00 1.7712963291986337e+00 2.1322683299072187e-05
5.5285738308773018e-04 -1.7800000000000138e-03 0.0000000000000000e+00 0.0000000000000000e+00 1.7712961819829403e+00 2.1810045574278329e-05
5.5906926379658108e-04 -1.8000000000000130e-03 0.0000000000000000e+00 0.0000000000000000e+00 1.7712960347683178e+00 2.2302914848892992e-05
5.6528114450543198e-04 -1.8200000000000119e-03 0.0000000000000000e+00 0.0000000000000000e+00 1.7712958875539440e+00 2.2801291124727258e-05
5.7149302521428288e-04 -1.8400000000000102e-03 0.0000000000000000e+00 0.0000000000000000e+00 1.7712957403393002e+00 2.3305174403592186e-05
5.7770490592313377e-04 -1.8600000000000086e-03 0.0000000000000000e+00 0.0000000000000000e+00 1.7712955931256587e+00 2.3814564687298860e-05
5.8391678663198467e-04 -1.8800000000000067e-03 0.0000000000000000e+00 0.0000000000000000e+00 1.7712954459123091e+00 2.4329461977658348e-05
5.9012866734083557e-04 -1.9000000000000050e-03 0.0000000000000000e+00 0.0000000000000000e+00 1.7712952986986856e+00 2.4849866276481733e-05
5.9634054804968647e-04 -1.9200000000000029e-03 0.0000000000000000e+00 0.0000000000000000e+00 1.7712951514860340e+00 2.5375777585580072e-05
6.0255242875853737e-04 -1.9400000000000001e-03 0.0000000000000000e+00 0.0000000000000000e+00 1.7712950042737179e+00 2.5907195906764424e-05
6.0876430946738827e-04 -1.9599999999999978e-03 0.0000000000000000e+00 0.0000000000000000e+00 1.7712948570611562e+00 2.6444121241845901e-05
6.1497619017623917e-04 -1.9799999999999961e-03 0.0000000000000000e+00 0.0000000000000000e+00 1.7712947098493836e+00 2.6986553592635568e-05
6.2118807088509006e-04 -1.9999999999999935e-03 0.0000000000000000e+00 0.0000000000000000e+00 1.7712945626381498e+00 2.7534492960944469e-05
