6.2118807088509078e-06 -1.9999999999999998e-05 0.0000000000000000e+00 0.0000000000000000e+00 1.7713090169169976e+00 2.7534196619844108e-09
1.2423761417701816e-05 -3.9999999999999990e-05 0.0000000000000000e+00 0.0000000000000000e+00 1.7713087484261880e+00 1.1013680849633053e-08
1.8635642126552723e-05 -6.0000000000000002e-05 0.0000000000000000e+00 0.0000000000000000e+00 1.7713084799327994e+00 2.4780786865489061e-08
2.4847522835403628e-05 -8.0000000000000020e-05 0.0000000000000000e+00 0.0000000000000000e+00 1.7713082114423035e+00 4.4054741012095571e-08
3.1059403544254533e-05 -1.0000000000000005e-04 0.0000000000000000e+00 0.0000000000000000e+00 1.7713079429434817e+00 6.8835546591995697e-08
3.7271284253105438e-05 -1.2000000000000004e-04 0.0000000000000000e+00 0.0000000000000000e+00 1.7713076744452212e+00 9.9123206907732506e-08
4.3483164961956344e-05 -1.3999999999999999e-04 0.0000000000000000e+00 0.0000000000000000e+00 1.7713074059460321e+00 1.3491772526184906e-07
4.9695045670807249e-05 -1.5999999999999990e-04 0.0000000000000000e+00 0.0000000000000000e+00 1.7713071374458225e+00 1.7621910495688849e-07
5.5906926379658154e-05 -1.7999999999999974e-04 0.0000000000000000e+00 0.0000000000000000e+00 1.7713068689497240e+00 2.2302734929539382e-07
6.2118807088509066e-05 -1.9999999999999949e-04 0.0000000000000000e+00 0.0000000000000000e+00 1.7713066004555431e+00 2.7534246157990799e-07
6.8330687797359978e-05 -2.1999999999999919e-04 0.0000000000000000e+00 0.0000000000000000e+00 1.7713063319612630e+00 3.3316444511297432e-07
7.4542568506210890e-05 -2.3999999999999884e-04 0.0000000000000000e+00 0.0000000000000000e+00 1.7713060634697062e+00 3.9649330319713568e-07
8.0754449215061802e-05 -2.5999999999999846e-04 0.0000000000000000e+00 0.0000000000000000e+00 1.7713057949801525e+00 4.6532903913493537e-07
8.6966329923912714e-05 -2.7999999999999819e-04 0.0000000000000000e+00 0.0000000000000000e+00 1.7713055264868367e+00 5.3967165622891699e-07
9.3178210632763626e-05 -2.9999999999999791e-04 0.0000000000000000e+00 0.0000000000000000e+00 1.7713052580000761e+00 6.1952115778162331e-07
9.9390091341614538e-05 -3.1999999999999764e-04 0.0000000000000000e+00 0.0000000000000000e+00 1.7713049895097270e+00 7.0487754709559719e-07
1.0560197205046545e-04 -3.3999999999999726e-04 0.0000000000000000e+00 0.0000000000000000e+00 1.7713047210229345e+00 7.9574082747338177e-07
1.1181385275931636e-04 -3.5999999999999688e-04 0.0000000000000000e+00 0.0000000000000000e+00 1.7713044525382891e+00 8.9211100221752017e-07
1.1802573346816727e-04 -3.7999999999999650e-04 0.0000000000000000e+00 0.0000000000000000e+00 1.7713041840534607e+00 9.9398807463055575e-07
1.2423761417701819e-04 -3.9999999999999606e-04 0.0000000000000000e+00 0.0000000000000000e+00 1.7713039155684625e+00 1.1013720480150314e-06
1.3044949488586908e-04 -4.1999999999999573e-04 0.0000000000000000e+00 0.0000000000000000e+00 1.7713036470850385e+00 1.2142629256734908e-06
1.3666137559471998e-04 -4.3999999999999557e-04 0.0000000000000000e+00 0.0000000000000000e+00 1.7713033786033836e+00 1.3326607109084775e-06
1.4287325630357088e-04 -4.5999999999999535e-04 0.0000000000000000e+00 0.0000000000000000e+00 1.7713031101228593e+00 1.4565654070225340e-06
1.4908513701242178e-04 -4.7999999999999508e-04 0.0000000000000000e+00 0.0000000000000000e+00 1.7713028416435785e+00 1.5859770173182026e-06
1.5529701772127268e-04 -4.9999999999999470e-04 0.0000000000000000e+00 0.0000000000000000e+00 1.7713025731654952e+00 1.7208955450980264e-06
1.6150889843012358e-04 -5.1999999999999432e-04 0.0000000000000000e+00 0.0000000000000000e+00 1.7713023046885281e+00 1.8613209936645493e-06
1.6772077913897448e-04 -5.3999999999999404e-04 0.0000000000000000e+00 0.0000000000000000e+00 1.7713020362131371e+00 2.0072533663203151e-06
1.7393265984782537e-04 -5.5999999999999377e-04 0.0000000000000000e+00 0.0000000000000000e+00 1.7713017677388103e+00 2.1586926663678660e-06
1.8014454055667627e-04 -5.7999999999999339e-04 0.0000000000000000e+00 0.0000000000000000e+00 1.7713014992650860e+00 2.3156388971097444e-06
1.8635642126552717e-04 -5.9999999999999290e-04 0.0000000000000000e+00 0.0000000000000000e+00 1.7713012307920195e+00 2.4780920618484936e-06
1.9256830197437807e-04 -6.1999999999999219e-04 0.0000000000000000e+00 0.0000000000000000e+00 1.7713009623198008e+00 2.6460521638866556e-06
1.9878018268322897e-04 -6.3999999999999149e-04 0.0000000000000000e+00 0.0000000000000000e+00 1.7713006938492621e+00 2.8195192065267747e-06
2.0499206339207987e-04 -6.5999999999999078e-04 0.0000000000000000e+00 0.0000000000000000e+00 1.7713004253809783e+00 2.9984931930713947e-06
2.1120394410093076e-04 -6.7999999999999018e-04 0.0000000000000000e+00 0.0000000000000000e+00 1.7713001569128803e+00 3.1829741268230596e-06
2.1741582480978166e-04 -6.9999999999998948e-04 0.0000000000000000e+00 0.0000000000000000e+00 1.7712998884450091e+00 3.3729620110843104e-06
2.2362770551863256e-04 -7.1999999999998866e-04 0.0000000000000000e+00 0.0000000000000000e+00 1.7712996199790827e+00 3.5684568491576899e-06
2.2983958622748346e-04 -7.3999999999998752e-04 0.0000000000000000e+00 0.0000000000000000e+00 1.7712993515152320e+00 3.7694586443457398e-06
2.3605146693633436e-04 -7.5999999999998649e-04 0.0000000000000000e+00 0.0000000000000000e+00 1.7712990830509789e+00 3.9759673999510060e-06
2.4226334764518526e-04 -7.7999999999998578e-04 0.0000000000000000e+00 0.0000000000000000e+00 1.7712988145880069e+00 4.1879831192760352e-06
2.4847522835403616e-04 -7.9999999999998508e-04 0.0000000000000000e+00 0.0000000000000000e+00 1.7712985461275448e+00 4.4055058056233665e-06
2.5468710906288705e-04 -8.1999999999998426e-04 0.0000000000000000e+00 0.0000000000000000e+00 1.7712982776665727e+00 4.6285354622955433e-06
2.6089898977173795e-04 -8.3999999999998345e-04 0.0000000000000000e+00 0.0000000000000000e+00 1.7712980092072939e+00 4.8570720925951089e-06
2.6711087048058885e-04 -8.5999999999998274e-04 0.0000000000000000e+00 0.0000000000000000e+00 1.7712977407498893e+00 5.0911156998246049e-06
2.7332275118943975e-04 -8.7999999999998193e-04 0.0000000000000000e+00 0.0000000000000000e+00 1.7712974722921053e+00 5.3306662872865773e-06
2.7953463189829065e-04 -8.9999999999998111e-04 0.0000000000000000e+00 0.0000000000000000e+00 1.7712972038371506e+00 5.5757238582835669e-06
2.8574651260714155e-04 -9.1999999999998030e-04 0.0000000000000000e+00 0.0000000000000000e+00 1.7712969353819596e+00 5.8262884161181178e-06
2.9195839331599244e-04 -9.3999999999997926e-04 0.0000000000000000e+00 0.0000000000000000e+00 1.7712966669283670e+00 6.0823599640927709e-06
2.9817027402484334e-04 -9.5999999999997845e-04 0.0000000000000000e+00 0.0000000000000000e+00 1.7712963984762311e+00 6.3439385055100720e-06
3.0438215473369424e-04 -9.7999999999997785e-04 0.0000000000000000e+00 0.0000000000000000e+00 1.7712961300242893e+00 6.6110240436725687e-06
3.1059403544254514e-04 -9.9999999999997704e-04 0.0000000000000000e+00 0.0000000000000000e+00 1.7712958615748482e+00 6.8836165818827934e-06
3.1680591615139604e-04 -1.0199999999999760e-03 0.0000000000000000e+00 0.0000000000000000e+00 1.7712955931249874e+00 7.1617161234432961e-06
3.2301779686024694e-04 -1.0399999999999754e-03 0.0000000000000000e+00 0.0000000000000000e+00 1.7712953246778256e+00 7.4453226716566219e-06
3.2922967756909784e-04 -1.0599999999999752e-03 0.0000000000000000e+00 0.0000000000000000e+00 1.7712950562302248e+00 7.7344362298253159e-06
3.3544155827794873e-04 -1.0799999999999753e-03 0.0000000000000000e+00 0.0000000000000000e+00 1.7712947877852603e+00 8.0290568012519214e-06
3.4165343898679963e-04 -1.0999999999999756e-03 0.0000000000000000e+00 0.0000000000000000e+00 1.7712945193399290e+00 8.3291843892389792e-06
3.4786531969565053e-04 -1.1199999999999756e-03 0.0000000000000000e+00 0.0000000000000000e+00 1.7712942508971796e+00 8.6348189970890249e-06
3.5407720040450143e-04 -1.1399999999999759e-03 0.0000000000000000e+00 0.0000000000000000e+00 1.7712939824541274e+00 8.9459606281046131e-06
3.6028908111335233e-04 -1.1599999999999757e-03 0.0000000000000000e+00 0.0000000000000000e+00 1.7712937140135883e+00 9.2626092855882709e-06
3.6650096182220323e-04 -1.1799999999999751e-03 0.0000000000000000e+00 0.0000000000000000e+00 1.7712934455727887e+00 9.5847649728425459e-06
3.7271284253105413e-04 -1.1999999999999745e-03 0.0000000000000000e+00 0.0000000000000000e+00 1.7712931771344620e+00 9.9124276931699857e-06
3.7892472323990502e-04 -1.2199999999999744e-03 0.0000000000000000e+00 0.0000000000000000e+00 1.7712929086959501e+00 1.0245597449873140e-05
3.8513660394875592e-04 -1.2399999999999742e-03 0.0000000000000000e+00 0.0000000000000000e+00 1.7712926402597859e+00 1.0584274246254547e-05
3.9134848465760682e-04 -1.2599999999999745e-03 0.0000000000000000e+00 0.0000000000000000e+00 1.7712923718237417e+00 1.0928458085616754e-05
3.9756036536645772e-04 -1.2799999999999747e-03 0.0000000000000000e+00 0.0000000000000000e+00 1.7712921033895093e+00 1.1278148971262300e-05
4.0377224607530862e-04 -1.2999999999999746e-03 0.0000000000000000e+00 0.0000000000000000e+00 1.7712918349561633e+00 1.1633346906493720e-05
4.0998412678415952e-04 -1.3199999999999742e-03 0.0000000000000000e+00 0.0000000000000000e+00 1.7712915665236548e+00 1.1994051894613556e-05
4.1619600749301041e-04 -1.3399999999999742e-03 0.0000000000000000e+00 0.0000000000000000e+00 1.7712912980929965e+00 1.2360263938924373e-05
4.2240788820186131e-04 -1.3599999999999743e-03 0.0000000000000000e+00 0.0000000000000000e+00 1.7712910296623874e+00 1.2731983042728695e-05
4.2861976891071221e-04 -1.3799999999999741e-03 0.0000000000000000e+00 0.0000000000000000e+00 1.7712907612340565e+00 1.3109209209329069e-05
4.3483164961956311e-04 -1.3999999999999737e-03 0.0000000000000000e+00 0.0000000000000000e+00 1.7712904928058808e+00 1.3491942442028037e-05
4.4104353032841401e-04 -1.4199999999999736e-03 0.0000000000000000e+00 0.0000000000000000e+00 1.7712902243794089e+00 1.3880182744128147e-05
4.4725541103726491e-04 -1.4399999999999730e-03 0.0000000000000000e+00 0.0000000000000000e+00 1.7712899559540789e+00 1.4273930118931929e-05
4.5346729174611581e-04 -1.4599999999999722e-03 0.0000000000000000e+00 0.0000000000000000e+00 1.7712896875292405e+00 1.4673184569741935e-05
4.5967917245496670e-04 -1.4799999999999707e-03 0.0000000000000000e+00 0.0000000000000000e+00 1.7712894191064807e+00 1.5077946099860698e-05
4.6589105316381760e-04 -1.4999999999999688e-03 0.0000000000000000e+00 0.0000000000000000e+00 1.7712891506839104e+00 1.5488214712590763e-05
4.7210293387266850e-04 -1.5199999999999669e-03 0.0000000000000000e+00 0.0000000000000000e+00 1.7712888822630564e+00 1.5903990411234680e-05
4.7831481458151940e-04 -1.5399999999999650e-03 0.0000000000000000e+00 0.0000000000000000e+00 1.7712886138433845e+00 1.6325273199094997e-05
4.8452669529037030e-04 -1.5599999999999633e-03 0.0000000000000000e+00 0.0000000000000000e+00 1.7712883454241026e+00 1.6752063079474259e-05
4.9073857599922120e-04 -1.5799999999999612e-03 0.0000000000000000e+00 0.0000000000000000e+00 1.7712880770068775e+00 1.7184360055674993e-05
4.9695045670807209e-04 -1.5999999999999593e-03 0.0000000000000000e+00 0.0000000000000000e+00 1.7712878085901800e+00 1.7622164130999761e-05
5.0316233741692299e-04 -1.6199999999999576e-03 0.0000000000000000e+00 0.0000000000000000e+00 1.7712875401745585e+00 1.8065475308751102e-05
5.0937421812577389e-04 -1.6399999999999564e-03 0.0000000000000000e+00 0.0000000000000000e+00 1.7712872717606825e+00 1.8514293592231566e-05
5.1558609883462479e-04 -1.6599999999999547e-03 0.0000000000000000e+00 0.0000000000000000e+00 1.7712870033471180e+00 1.8968618984743678e-05
5.2179797954347569e-04 -1.6799999999999528e-03 0.0000000000000000e+00 0.0000000000000000e+00 1.7712867349351678e+00 1.9428451489589981e-05
5.2800986025232659e-04 -1.6999999999999511e-03 0.0000000000000000e+00 0.0000000000000000e+00 1.7712864665245416e+00 1.9893791110073041e-05
5.3422174096117749e-04 -1.7199999999999488e-03 0.0000000000000000e+00 0.0000000000000000e+00 1.7712861981142820e+00 2.0364637849495359e-05
5.4043362167002838e-04 -1.7399999999999467e-03 0.0000000000000000e+00 0.0000000000000000e+00 1.7712859297058037e+00 2.0840991711159519e-05
5.4664550237887928e-04 -1.7599999999999452e-03 0.0000000000000000e+00 0.0000000000000000e+00 1.7712856612984791e+00 2.1322852698368061e-05
5.5285738308773018e-04 -1.7799999999999437e-03 0.0000000000000000e+00 0.0000000000000000e+00 1.7712853928915719e+00 2.1810220814423518e-05
5.5906926379658108e-04 -1.7999999999999425e-03 0.0000000000000000e+00 0.0000000000000000e+00 1.7712851244865189e+00 2.2303096062628443e-05
5.6528114450543198e-04 -1.8199999999999415e-03 0.0000000000000000e+00 0.0000000000000000e+00 1.7712848560825010e+00 2.2801478446285368e-05
5.7149302521428288e-04 -1.8399999999999398e-03 0.0000000000000000e+00 0.0000000000000000e+00 1.7712845876789964e+00 2.3305367968696828e-05
5.7770490592313377e-04 -1.8599999999999374e-03 0.0000000000000000e+00 0.0000000000000000e+00 1.7712843192772774e+00 2.3814764633165357e-05
5.8391678663198467e-04 -1.8799999999999353e-03 0.0000000000000000e+00 0.0000000000000000e+00 1.7712840508766363e+00 2.4329668442993523e-05
5.9012866734083557e-04 -1.8999999999999328e-03 0.0000000000000000e+00 0.0000000000000000e+00 1.7712837824765051e+00 2.4850079401483849e-05
5.9634054804968647e-04 -1.9199999999999304e-03 0.0000000000000000e+00 0.0000000000000000e+00 1.7712835140781285e+00 2.5375997511938894e-05
6.0255242875853737e-04 -1.9399999999999279e-03 0.0000000000000000e+00 0.0000000000000000e+00 1.7712832456808734e+00 2.5907422777661202e-05
6.0876430946738827e-04 -1.9599999999999253e-03 0.0000000000000000e+00 0.0000000000000000e+00 1.7712829772841567e+00 2.6444355201953306e-05
6.1497619017623917e-04 -1.9799999999999228e-03 0.0000000000000000e+00 0.0000000000000000e+00 1.7712827088890120e+00 2.6986794788117754e-05
6.2118807088509006e-04 -1.9999999999999207e-03 0.0000000000000000e+00 0.0000000000000000e+00 1.7712824404951919e+00 2.7534741539457111e-05
