6.2118807088509078e-06 -2.0000000000000002e-05 0.0000000000000000e+00 0.0000000000000000e+00 1.7713091078621994e+00 2.7534194755505260e-09
1.2423761417701816e-05 -4.0000000000000003e-05 0.0000000000000000e+00 0.0000000000000000e+00 1.7713089303159604e+00 1.1013679358161974e-08
1.8635642126552723e-05 -6.0000000000000035e-05 0.0000000000000000e+00 0.0000000000000000e+00 1.7713087527665092e+00 2.4780781831774173e-08
2.4847522835403628e-05 -8.0000000000000061e-05 0.0000000000000000e+00 0.0000000000000000e+00 1.7713085752193185e+00 4.4054729080326916e-08
3.1059403544254533e-05 -1.0000000000000010e-04 0.0000000000000000e+00 0.0000000000000000e+00 1.7713083976631703e+00 6.8835523287760027e-08
3.7271284253105438e-05 -1.2000000000000014e-04 0.0000000000000000e+00 0.0000000000000000e+00 1.7713082201069503e+00 9.9123166638013301e-08
4.3483164961956344e-05 -1.4000000000000023e-04 0.0000000000000000e+00 0.0000000000000000e+00 1.7713080425491703e+00 1.3491766131502665e-07
4.9695045670807249e-05 -1.6000000000000026e-04 0.0000000000000000e+00 0.0000000000000000e+00 1.7713078649897362e+00 1.7621900950273965e-07
5.5906926379658154e-05 -1.8000000000000031e-04 0.0000000000000000e+00 0.0000000000000000e+00 1.7713076874337830e+00 2.2302721338509231e-07
6.2118807088509066e-05 -2.0000000000000031e-04 0.0000000000000000e+00 0.0000000000000000e+00 1.7713075098791140e+00 2.7534227514602421e-07
6.8330687797359978e-05 -2.2000000000000039e-04 0.0000000000000000e+00 0.0000000000000000e+00 1.7713073323237138e+00 3.3316419696947550e-07
7.4542568506210890e-05 -2.4000000000000044e-04 0.0000000000000000e+00 0.0000000000000000e+00 1.7713071547704045e+00 3.9649298103938575e-07
8.0754449215061802e-05 -2.6000000000000047e-04 0.0000000000000000e+00 0.0000000000000000e+00 1.7713069772184666e+00 4.6532862953969477e-07
8.6966329923912714e-05 -2.8000000000000052e-04 0.0000000000000000e+00 0.0000000000000000e+00 1.7713067996621346e+00 5.3967114465434252e-07
9.3178210632763626e-05 -3.0000000000000052e-04 0.0000000000000000e+00 0.0000000000000000e+00 1.7713066221117257e+00 6.1952052856726843e-07
9.9390091341614538e-05 -3.2000000000000046e-04 0.0000000000000000e+00 0.0000000000000000e+00 1.7713064445570956e+00 7.0487678346241231e-07
1.0560197205046545e-04 -3.4000000000000040e-04 0.0000000000000000e+00 0.0000000000000000e+00 1.7713062670053905e+00 7.9573991152371422e-07
1.1181385275931636e-04 -3.6000000000000019e-04 0.0000000000000000e+00 0.0000000000000000e+00 1.7713060894552004e+00 8.9210991493511312e-07
1.1802573346816727e-04 -3.8000000000000013e-04 0.0000000000000000e+00 0.0000000000000000e+00 1.7713059119041945e+00 9.9398679588055024e-07
1.2423761417701819e-04 -4.0000000000000007e-04 0.0000000000000000e+00 0.0000000000000000e+00 1.7713057343523870e+00 1.1013705565439651e-06
1.3044949488586908e-04 -4.2000000000000013e-04 0.0000000000000000e+00 0.0000000000000000e+00 1.7713055568015228e+00 1.2142611991092972e-06
1.3666137559471998e-04 -4.4000000000000023e-04 0.0000000000000000e+00 0.0000000000000000e+00 1.7713053792517950e+00 1.3326587257604872e-06
1.4287325630357088e-04 -4.6000000000000045e-04 0.0000000000000000e+00 0.0000000000000000e+00 1.7713052017025657e+00 1.4565631386814745e-06
1.4908513701242178e-04 -4.8000000000000077e-04 0.0000000000000000e+00 0.0000000000000000e+00 1.7713050241539483e+00 1.5859744400561995e-06
1.5529701772127268e-04 -5.0000000000000099e-04 0.0000000000000000e+00 0.0000000000000000e+00 1.7713048466058960e+00 1.7208926320686000e-06
1.6150889843012358e-04 -5.2000000000000104e-04 0.0000000000000000e+00 0.0000000000000000e+00 1.7713046690583278e+00 1.8613177169026163e-06
1.6772077913897448e-04 -5.4000000000000120e-04 0.0000000000000000e+00 0.0000000000000000e+00 1.7713044915117038e+00 2.0072496967421888e-06
1.7393265984782537e-04 -5.6000000000000136e-04 0.0000000000000000e+00 0.0000000000000000e+00 1.7713043139655127e+00 2.1586885737712575e-06
1.8014454055667627e-04 -5.8000000000000152e-04 0.0000000000000000e+00 0.0000000000000000e+00 1.7713041364192923e+00 2.3156343501737622e-06
1.8635642126552717e-04 -6.0000000000000168e-04 0.0000000000000000e+00 0.0000000000000000e+00 1.7713039588730972e+00 2.4780870281336423e-06
1.9256830197437807e-04 -6.2000000000000163e-04 0.0000000000000000e+00 0.0000000000000000e+00 1.7713037813271186e+00 2.6460466098348367e-06
1.9878018268322897e-04 -6.4000000000000168e-04 0.0000000000000000e+00 0.0000000000000000e+00 1.7713036037821870e+00 2.8195130974612859e-06
2.0499206339207987e-04 -6.6000000000000162e-04 0.0000000000000000e+00 0.0000000000000000e+00 1.7713034262388789e+00 2.9984864931969299e-06
2.1120394410093076e-04 -6.8000000000000189e-04 0.0000000000000000e+00 0.0000000000000000e+00 1.7713032486951257e+00 3.1829667992257112e-06
2.1741582480978166e-04 -7.0000000000000216e-04 0.0000000000000000e+00 0.0000000000000000e+00 1.7713030711509663e+00 3.3729540177315672e-06
2.2362770551863256e-04 -7.2000000000000221e-04 0.0000000000000000e+00 0.0000000000000000e+00 1.7713028936081201e+00 3.5684481508984355e-06
2.2983958622748346e-04 -7.4000000000000248e-04 0.0000000000000000e+00 0.0000000000000000e+00 1.7713027160667181e+00 3.7694492009102602e-06
2.3605146693633436e-04 -7.6000000000000286e-04 0.0000000000000000e+00 0.0000000000000000e+00 1.7713025385242822e+00 3.9759571699509805e-06
2.4226334764518526e-04 -7.8000000000000324e-04 0.0000000000000000e+00 0.0000000000000000e+00 1.7713023609824949e+00 4.1879720602045342e-06
2.4847522835403616e-04 -8.0000000000000351e-04 0.0000000000000000e+00 0.0000000000000000e+00 1.7713021834425862e+00 4.4054938738548609e-06
2.5468710906288705e-04 -8.2000000000000356e-04 0.0000000000000000e+00 0.0000000000000000e+00 1.7713020059015359e+00 4.6285226130858980e-06
2.6089898977173795e-04 -8.4000000000000394e-04 0.0000000000000000e+00 0.0000000000000000e+00 1.7713018283615458e+00 4.8570582800815929e-06
2.6711087048058885e-04 -8.6000000000000464e-04 0.0000000000000000e+00 0.0000000000000000e+00 1.7713016508227997e+00 5.0911008770258844e-06
2.7332275118943975e-04 -8.8000000000000513e-04 0.0000000000000000e+00 0.0000000000000000e+00 1.7713014732830428e+00 5.3306504061027056e-06
2.7953463189829065e-04 -9.0000000000000583e-04 0.0000000000000000e+00 0.0000000000000000e+00 1.7713012957454819e+00 5.5757068694960031e-06
2.8574651260714155e-04 -9.2000000000000653e-04 0.0000000000000000e+00 0.0000000000000000e+00 1.7713011182070546e+00 5.8262702693897131e-06
2.9195839331599244e-04 -9.4000000000000702e-04 0.0000000000000000e+00 0.0000000000000000e+00 1.7713009406695928e+00 6.0823406079677731e-06
2.9817027402484334e-04 -9.6000000000000794e-04 0.0000000000000000e+00 0.0000000000000000e+00 1.7713007631329571e+00 6.3439178874141302e-06
3.0438215473369424e-04 -9.8000000000000908e-04 0.0000000000000000e+00 0.0000000000000000e+00 1.7713005855958828e+00 6.6110021099127219e-06
3.1059403544254514e-04 -1.0000000000000106e-03 0.0000000000000000e+00 0.0000000000000000e+00 1.7713004080606785e+00 6.8835932776474920e-06
3.1680591615139604e-04 -1.0200000000000118e-03 0.0000000000000000e+00 0.0000000000000000e+00 1.7713002305244221e+00 7.1616913928023694e-06
3.2301779686024694e-04 -1.0400000000000127e-03 0.0000000000000000e+00 0.0000000000000000e+00 1.7713000529902336e+00 7.4452964575612956e-06
3.2922967756909784e-04 -1.0600000000000138e-03 0.0000000000000000e+00 0.0000000000000000e+00 1.7712998754549745e+00 7.7344084741082153e-06
3.3544155827794873e-04 -1.0800000000000150e-03 0.0000000000000000e+00 0.0000000000000000e+00 1.7712996979217204e+00 8.0290274446270667e-06
3.4165343898679963e-04 -1.1000000000000159e-03 0.0000000000000000e+00 0.0000000000000000e+00 1.7712995203874673e+00 8.3291533713017878e-06
3.4786531969565053e-04 -1.1200000000000164e-03 0.0000000000000000e+00 0.0000000000000000e+00 1.7712993428551647e+00 8.6347862563163109e-06
3.5407720040450143e-04 -1.1400000000000173e-03 0.0000000000000000e+00 0.0000000000000000e+00 1.7712991653219277e+00 8.9459261018545935e-06
3.6028908111335233e-04 -1.1600000000000187e-03 0.0000000000000000e+00 0.0000000000000000e+00 1.7712989877905725e+00 9.2625729101005727e-06
3.6650096182220323e-04 -1.1800000000000202e-03 0.0000000000000000e+00 0.0000000000000000e+00 1.7712988102583251e+00 9.5847266832381842e-06
3.7271284253105413e-04 -1.2000000000000218e-03 0.0000000000000000e+00 0.0000000000000000e+00 1.7712986327279199e+00 9.9123874234513652e-06
3.7892472323990502e-04 -1.2200000000000238e-03 0.0000000000000000e+00 0.0000000000000000e+00 1.7712984551966970e+00 1.0245555132924066e-05
3.8513660394875592e-04 -1.2400000000000254e-03 0.0000000000000000e+00 0.0000000000000000e+00 1.7712982776671915e+00 1.0584229813840212e-05
3.9134848465760682e-04 -1.2600000000000269e-03 0.0000000000000000e+00 0.0000000000000000e+00 1.7712981001371728e+00 1.0928411468383743e-05
3.9756036536645772e-04 -1.2800000000000287e-03 0.0000000000000000e+00 0.0000000000000000e+00 1.7712979226083363e+00 1.1278100098738610e-05
4.0377224607530862e-04 -1.3000000000000309e-03 0.0000000000000000e+00 0.0000000000000000e+00 1.7712977450797525e+00 1.1633295707088751e-05
4.0998412678415952e-04 -1.3200000000000332e-03 0.0000000000000000e+00 0.0000000000000000e+00 1.7712975675513780e+00 1.1993998295618105e-05
4.1619600749301041e-04 -1.3400000000000356e-03 0.0000000000000000e+00 0.0000000000000000e+00 1.7712973900242199e+00 1.2360207866510612e-05
4.2240788820186131e-04 -1.3600000000000383e-03 0.0000000000000000e+00 0.0000000000000000e+00 1.7712972124964803e+00 1.2731924421950211e-05
4.2861976891071221e-04 -1.3800000000000409e-03 0.0000000000000000e+00 0.0000000000000000e+00 1.7712970349703874e+00 1.3109147964120842e-05
4.3483164961956311e-04 -1.4000000000000436e-03 0.0000000000000000e+00 0.0000000000000000e+00 1.7712968574438186e+00 1.3491878495206439e-05
4.4104353032841401e-04 -1.4200000000000458e-03 0.0000000000000000e+00 0.0000000000000000e+00 1.7712966799183232e+00 1.3880116017390936e-05
4.4725541103726491e-04 -1.4400000000000482e-03 0.0000000000000000e+00 0.0000000000000000e+00 1.7712965023933354e+00 1.4273860532858289e-05
4.5346729174611581e-04 -1.4600000000000507e-03 0.0000000000000000e+00 0.0000000000000000e+00 1.7712963248682108e+00 1.4673112043792428e-05
4.5967917245496670e-04 -1.4800000000000531e-03 0.0000000000000000e+00 0.0000000000000000e+00 1.7712961473445326e+00 1.5077870552377298e-05
4.6589105316381760e-04 -1.5000000000000560e-03 0.0000000000000000e+00 0.0000000000000000e+00 1.7712959698204114e+00 1.5488136060796840e-05
4.7210293387266850e-04 -1.5200000000000593e-03 0.0000000000000000e+00 0.0000000000000000e+00 1.7712957922973773e+00 1.5903908571235005e-05
4.7831481458151940e-04 -1.5400000000000628e-03 0.0000000000000000e+00 0.0000000000000000e+00 1.7712956147748924e+00 1.6325188085875715e-05
4.8452669529037030e-04 -1.5600000000000663e-03 0.0000000000000000e+00 0.0000000000000000e+00 1.7712954372521674e+00 1.6751974606902922e-05
4.9073857599922120e-04 -1.5800000000000692e-03 0.0000000000000000e+00 0.0000000000000000e+00 1.7712952597308678e+00 1.7184268136500532e-05
4.9695045670807209e-04 -1.6000000000000721e-03 0.0000000000000000e+00 0.0000000000000000e+00 1.7712950822094633e+00 1.7622068676852516e-05
5.0316233741692299e-04 -1.6200000000000752e-03 0.0000000000000000e+00 0.0000000000000000e+00 1.7712949046885058e+00 1.8065376230142812e-05
5.0937421812577389e-04 -1.6400000000000787e-03 0.0000000000000000e+00 0.0000000000000000e+00 1.7712947271686612e+00 1.8514190798555363e-05
5.1558609883462479e-04 -1.6600000000000820e-03 0.0000000000000000e+00 0.0000000000000000e+00 1.7712945496484960e+00 1.8968512384274097e-05
5.2179797954347569e-04 -1.6800000000000853e-03 0.0000000000000000e+00 0.0000000000000000e+00 1.7712943721293166e+00 1.9428340989482958e-05
5.2800986025232659e-04 -1.7000000000000890e-03 0.0000000000000000e+00 0.0000000000000000e+00 1.7712941946108283e+00 1.9893676616365896e-05
5.3422174096117749e-04 -1.7200000000000930e-03 0.0000000000000000e+00 0.0000000000000000e+00 1.7712940170920748e+00 2.0364519267106842e-05
5.4043362167002838e-04 -1.7400000000000963e-03 0.0000000000000000e+00 0.0000000000000000e+00 1.7712938395744739e+00 2.0840868943889723e-05
5.4664550237887928e-04 -1.7600000000001002e-03 0.0000000000000000e+00 0.0000000000000000e+00 1.7712936620573927e+00 2.1322725648898504e-05
5.5285738308773018e-04 -1.7800000000001046e-03 0.0000000000000000e+00 0.0000000000000000e+00 1.7712934845400992e+00 2.1810089384317117e-05
5.5906926379658108e-04 -1.8000000000001086e-03 0.0000000000000000e+00 0.0000000000000000e+00 1.7712933070240298e+00 2.2302960152329487e-05
5.6528114450543198e-04 -1.8200000000001123e-03 0.0000000000000000e+00 0.0000000000000000e+00 1.7712931295083625e+00 2.2801337955119565e-05
5.7149302521428288e-04 -1.8400000000001167e-03 0.0000000000000000e+00 0.0000000000000000e+00 1.7712929519925782e+00 2.3305222794871302e-05
5.7770490592313377e-04 -1.8600000000001215e-03 0.0000000000000000e+00 0.0000000000000000e+00 1.7712927744779496e+00 2.3814614673768630e-05
5.8391678663198467e-04 -1.8800000000001259e-03 0.0000000000000000e+00 0.0000000000000000e+00 1.7712925969637663e+00 2.4329513593995475e-05
5.9012866734083557e-04 -1.9000000000001310e-03 0.0000000000000000e+00 0.0000000000000000e+00 1.7712924194494621e+00 2.4849919557735803e-05
5.9634054804968647e-04 -1.9200000000001360e-03 0.0000000000000000e+00 0.0000000000000000e+00 1.7712922419362831e+00 2.5375832567173529e-05
6.0255242875853737e-04 -1.9400000000001417e-03 0.0000000000000000e+00 0.0000000000000000e+00 1.7712920644235932e+00 2.5907252624492629e-05
6.0876430946738827e-04 -1.9600000000001470e-03 0.0000000000000000e+00 0.0000000000000000e+00 1.7712918869108107e+00 2.6444179731876991e-05
6.1497619017623917e-04 -1.9800000000001526e-03 0.0000000000000000e+00 0.0000000000000000e+00 1.7712917093989702e+00 2.6986613891510592e-05
6.2118807088509006e-04 -2.0000000000001588e-03 0.0000000000000000e+00 0.0000000000000000e+00 1.7712915318878222e+00 2.7534555105577374e-05
