6.2118807088509078e-06 -1.9999999999999998e-05 0.0000000000000000e+00 0.0000000000000000e+00 1.7713090472320505e+00 2.7534195998397822e-09
1.2423761417701816e-05 -4.0000000000000010e-05 0.0000000000000000e+00 0.0000000000000000e+00 1.7713088090560549e+00 1.1013680352476035e-08
1.8635642126552723e-05 -6.0000000000000015e-05 0.0000000000000000e+00 0.0000000000000000e+00 1.7713085708772403e+00 2.4780785187584105e-08
2.4847522835403628e-05 -8.0000000000000047e-05 0.0000000000000000e+00 0.0000000000000000e+00 1.7713083327010792e+00 4.4054737034839357e-08
3.1059403544254533e-05 -1.0000000000000006e-04 0.0000000000000000e+00 0.0000000000000000e+00 1.7713080945163531e+00 6.8835538823917127e-08
3.7271284253105438e-05 -1.2000000000000011e-04 0.0000000000000000e+00 0.0000000000000000e+00 1.7713078563319486e+00 9.9123193484492833e-08
4.3483164961956344e-05 -1.4000000000000015e-04 0.0000000000000000e+00 0.0000000000000000e+00 1.7713076181463763e+00 1.3491770394624176e-07
4.9695045670807249e-05 -1.6000000000000026e-04 0.0000000000000000e+00 0.0000000000000000e+00 1.7713073799595436e+00 1.7621907313883939e-07
5.5906926379658154e-05 -1.8000000000000028e-04 0.0000000000000000e+00 0.0000000000000000e+00 1.7713071417765838e+00 2.2302730399196083e-07
6.2118807088509066e-05 -2.0000000000000036e-04 0.0000000000000000e+00 0.0000000000000000e+00 1.7713069035953011e+00 2.7534239943528165e-07
6.8330687797359978e-05 -2.2000000000000047e-04 0.0000000000000000e+00 0.0000000000000000e+00 1.7713066654136802e+00 3.3316436239847722e-07
7.4542568506210890e-05 -2.4000000000000066e-04 0.0000000000000000e+00 0.0000000000000000e+00 1.7713064272345431e+00 3.9649319581122301e-07
8.0754449215061802e-05 -2.6000000000000095e-04 0.0000000000000000e+00 0.0000000000000000e+00 1.7713061890571700e+00 4.6532890260319465e-07
8.6966329923912714e-05 -2.8000000000000122e-04 0.0000000000000000e+00 0.0000000000000000e+00 1.7713059508757958e+00 5.3967148570406702e-07
9.3178210632763626e-05 -3.0000000000000144e-04 0.0000000000000000e+00 0.0000000000000000e+00 1.7713057127007370e+00 6.1952094804351518e-07
9.9390091341614538e-05 -3.2000000000000154e-04 0.0000000000000000e+00 0.0000000000000000e+00 1.7713054745218502e+00 7.0487729255121455e-07
1.0560197205046545e-04 -3.4000000000000154e-04 0.0000000000000000e+00 0.0000000000000000e+00 1.7713052363462813e+00 7.9574052215684000e-07
1.1181385275931636e-04 -3.6000000000000170e-04 0.0000000000000000e+00 0.0000000000000000e+00 1.7713049981726192e+00 8.9211063979006855e-07
1.1802573346816727e-04 -3.8000000000000203e-04 0.0000000000000000e+00 0.0000000000000000e+00 1.7713047599985356e+00 9.9398764838057509e-07
1.2423761417701819e-04 -4.0000000000000246e-04 0.0000000000000000e+00 0.0000000000000000e+00 1.7713045218240426e+00 1.1013715508580354e-06
1.3044949488586908e-04 -4.2000000000000305e-04 0.0000000000000000e+00 0.0000000000000000e+00 1.7713042836508848e+00 1.2142623501521250e-06
1.3666137559471998e-04 -4.4000000000000359e-04 0.0000000000000000e+00 0.0000000000000000e+00 1.7713040454792568e+00 1.3326600491925174e-06
1.4287325630357088e-04 -4.6000000000000424e-04 0.0000000000000000e+00 0.0000000000000000e+00 1.7713038073085194e+00 1.4565646509088901e-06
1.4908513701242178e-04 -4.8000000000000505e-04 0.0000000000000000e+00 0.0000000000000000e+00 1.7713035691387873e+00 1.5859761582309182e-06
1.5529701772127268e-04 -5.0000000000000608e-04 0.0000000000000000e+00 0.0000000000000000e+00 1.7713033309700126e+00 1.7208945740882777e-06
1.6150889843012358e-04 -5.2000000000000733e-04 0.0000000000000000e+00 0.0000000000000000e+00 1.7713030928021150e+00 1.8613199014106441e-06
1.6772077913897448e-04 -5.4000000000000868e-04 0.0000000000000000e+00 0.0000000000000000e+00 1.7713028546355543e+00 2.0072521431276919e-06
1.7393265984782537e-04 -5.6000000000000982e-04 0.0000000000000000e+00 0.0000000000000000e+00 1.7713026164698189e+00 2.1586913021690942e-06
1.8014454055667627e-04 -5.8000000000001117e-04 0.0000000000000000e+00 0.0000000000000000e+00 1.7713023783044459e+00 2.3156373814645301e-06
1.8635642126552717e-04 -6.0000000000001252e-04 0.0000000000000000e+00 0.0000000000000000e+00 1.7713021401394924e+00 2.4780903839436726e-06
1.9256830197437807e-04 -6.2000000000001388e-04 0.0000000000000000e+00 0.0000000000000000e+00 1.7713019019751470e+00 2.6460503125361974e-06
1.9878018268322897e-04 -6.4000000000001545e-04 0.0000000000000000e+00 0.0000000000000000e+00 1.7713016638122423e+00 2.8195171701717818e-06
2.0499206339207987e-04 -6.6000000000001724e-04 0.0000000000000000e+00 0.0000000000000000e+00 1.7713014256513533e+00 2.9984909597801013e-06
2.1120394410093076e-04 -6.8000000000001924e-04 0.0000000000000000e+00 0.0000000000000000e+00 1.7713011874904114e+00 3.1829716842908314e-06
2.1741582480978166e-04 -7.0000000000002135e-04 0.0000000000000000e+00 0.0000000000000000e+00 1.7713009493294558e+00 3.3729593466336461e-06
2.2362770551863256e-04 -7.2000000000002357e-04 0.0000000000000000e+00 0.0000000000000000e+00 1.7713007111702070e+00 3.5684539497382218e-06
2.2983958622748346e-04 -7.4000000000002579e-04 0.0000000000000000e+00 0.0000000000000000e+00 1.7713004730127941e+00 3.7694554965342317e-06
2.3605146693633436e-04 -7.6000000000002780e-04 0.0000000000000000e+00 0.0000000000000000e+00 1.7713002348547404e+00 3.9759639899513504e-06
2.4226334764518526e-04 -7.8000000000002980e-04 0.0000000000000000e+00 0.0000000000000000e+00 1.7712999966977276e+00 4.1879794329192530e-06
2.4847522835403616e-04 -8.0000000000003191e-04 0.0000000000000000e+00 0.0000000000000000e+00 1.7712997585429859e+00 4.4055018283676189e-06
2.5468710906288705e-04 -8.2000000000003381e-04 0.0000000000000000e+00 0.0000000000000000e+00 1.7712995203874951e+00 4.6285311792261192e-06
2.6089898977173795e-04 -8.4000000000003571e-04 0.0000000000000000e+00 0.0000000000000000e+00 1.7712992822334586e+00 4.8570674884244290e-06
2.6711087048058885e-04 -8.6000000000003749e-04 0.0000000000000000e+00 0.0000000000000000e+00 1.7712990440810565e+00 5.0911107588922261e-06
2.7332275118943975e-04 -8.8000000000003939e-04 0.0000000000000000e+00 0.0000000000000000e+00 1.7712988059280368e+00 5.3306609935591865e-06
2.7953463189829065e-04 -9.0000000000004118e-04 0.0000000000000000e+00 0.0000000000000000e+00 1.7712985677776070e+00 5.5757181953549821e-06
2.8574651260714155e-04 -9.2000000000004307e-04 0.0000000000000000e+00 0.0000000000000000e+00 1.7712983296267011e+00 5.8262823672092922e-06
2.9195839331599244e-04 -9.4000000000004507e-04 0.0000000000000000e+00 0.0000000000000000e+00 1.7712980914771550e+00 6.0823535120517922e-06
2.9817027402484334e-04 -9.6000000000004719e-04 0.0000000000000000e+00 0.0000000000000000e+00 1.7712978533288262e+00 6.3439316328121563e-06
3.0438215473369424e-04 -9.8000000000004984e-04 0.0000000000000000e+00 0.0000000000000000e+00 1.7712976151804523e+00 6.6110167324200682e-06
3.1059403544254514e-04 -1.0000000000000523e-03 0.0000000000000000e+00 0.0000000000000000e+00 1.7712973770343401e+00 6.8836088138051880e-06
3.1680591615139604e-04 -1.0200000000000545e-03 0.0000000000000000e+00 0.0000000000000000e+00 1.7712971388875693e+00 7.1617078798971992e-06
3.2301779686024694e-04 -1.0400000000000565e-03 0.0000000000000000e+00 0.0000000000000000e+00 1.7712969007432582e+00 7.4453139336257694e-06
3.2922967756909784e-04 -1.0600000000000585e-03 0.0000000000000000e+00 0.0000000000000000e+00 1.7712966625982687e+00 7.7344269779205808e-06
3.3544155827794873e-04 -1.0800000000000603e-03 0.0000000000000000e+00 0.0000000000000000e+00 1.7712964244556770e+00 8.0290470157113049e-06
3.4165343898679963e-04 -1.1000000000000621e-03 0.0000000000000000e+00 0.0000000000000000e+00 1.7712961863124790e+00 8.3291740499276222e-06
3.4786531969565053e-04 -1.1200000000000639e-03 0.0000000000000000e+00 0.0000000000000000e+00 1.7712959481716237e+00 8.6348080834992028e-06
3.5407720040450143e-04 -1.1400000000000654e-03 0.0000000000000000e+00 0.0000000000000000e+00 1.7712957100302269e+00 8.9459491193557235e-06
3.6028908111335233e-04 -1.1600000000000666e-03 0.0000000000000000e+00 0.0000000000000000e+00 1.7712954718911038e+00 9.2625971604268545e-06
3.6650096182220323e-04 -1.1800000000000673e-03 0.0000000000000000e+00 0.0000000000000000e+00 1.7712952337514813e+00 9.5847522096422694e-06
3.7271284253105413e-04 -1.2000000000000682e-03 0.0000000000000000e+00 0.0000000000000000e+00 1.7712949956140926e+00 9.9124142699316551e-06
3.7892472323990502e-04 -1.2200000000000696e-03 0.0000000000000000e+00 0.0000000000000000e+00 1.7712947574762794e+00 1.0245583344224692e-05
3.8513660394875592e-04 -1.2400000000000707e-03 0.0000000000000000e+00 0.0000000000000000e+00 1.7712945193405754e+00 1.0584259435451042e-05
3.9134848465760682e-04 -1.2600000000000720e-03 0.0000000000000000e+00 0.0000000000000000e+00 1.7712942812047514e+00 1.0928442546540389e-05
3.9756036536645772e-04 -1.2800000000000730e-03 0.0000000000000000e+00 0.0000000000000000e+00 1.7712940430705015e+00 1.1278132680422399e-05
4.0377224607530862e-04 -1.3000000000000739e-03 0.0000000000000000e+00 0.0000000000000000e+00 1.7712938049368971e+00 1.1633329840026750e-05
4.0998412678415952e-04 -1.3200000000000744e-03 0.0000000000000000e+00 0.0000000000000000e+00 1.7712935668038936e+00 1.1994034028283115e-05
4.1619600749301041e-04 -1.3400000000000744e-03 0.0000000000000000e+00 0.0000000000000000e+00 1.7712933286724994e+00 1.2360245248121167e-05
4.2240788820186131e-04 -1.3600000000000740e-03 0.0000000000000000e+00 0.0000000000000000e+00 1.7712930905409163e+00 1.2731963502470581e-05
4.2861976891071221e-04 -1.3800000000000737e-03 0.0000000000000000e+00 0.0000000000000000e+00 1.7712928524113716e+00 1.3109188794261040e-05
4.3483164961956311e-04 -1.4000000000000737e-03 0.0000000000000000e+00 0.0000000000000000e+00 1.7712926142817436e+00 1.3491921126422225e-05
4.4104353032841401e-04 -1.4200000000000740e-03 0.0000000000000000e+00 0.0000000000000000e+00 1.7712923761535808e+00 1.3880160501883810e-05
4.4725541103726491e-04 -1.4400000000000745e-03 0.0000000000000000e+00 0.0000000000000000e+00 1.7712921380263194e+00 1.4273906923575475e-05
4.5346729174611581e-04 -1.4600000000000750e-03 0.0000000000000000e+00 0.0000000000000000e+00 1.7712918998993126e+00 1.4673160394426880e-05
4.5967917245496670e-04 -1.4800000000000759e-03 0.0000000000000000e+00 0.0000000000000000e+00 1.7712916617741443e+00 1.5077920917367719e-05
4.6589105316381760e-04 -1.5000000000000764e-03 0.0000000000000000e+00 0.0000000000000000e+00 1.7712914236489261e+00 1.5488188495327648e-05
4.7210293387266850e-04 -1.5200000000000775e-03 0.0000000000000000e+00 0.0000000000000000e+00 1.7712911855251858e+00 1.5903963131236355e-05
4.7831481458151940e-04 -1.5400000000000784e-03 0.0000000000000000e+00 0.0000000000000000e+00 1.7712909474023890e+00 1.6325244828023513e-05
4.8452669529037030e-04 -1.5600000000000787e-03 0.0000000000000000e+00 0.0000000000000000e+00 1.7712907092797427e+00 1.6752033588618782e-05
4.9073857599922120e-04 -1.5800000000000790e-03 0.0000000000000000e+00 0.0000000000000000e+00 1.7712904711589141e+00 1.7184329415951843e-05
4.9695045670807209e-04 -1.6000000000000799e-03 0.0000000000000000e+00 0.0000000000000000e+00 1.7712902330383742e+00 1.7622132312952398e-05
5.0316233741692299e-04 -1.6200000000000812e-03 0.0000000000000000e+00 0.0000000000000000e+00 1.7712899949186720e+00 1.8065442282550106e-05
5.0937421812577389e-04 -1.6400000000000830e-03 0.0000000000000000e+00 0.0000000000000000e+00 1.7712897568004760e+00 1.8514259327674653e-05
5.1558609883462479e-04 -1.6600000000000852e-03 0.0000000000000000e+00 0.0000000000000000e+00 1.7712895186823516e+00 1.8968583451255708e-05
5.2179797954347569e-04 -1.6800000000000879e-03 0.0000000000000000e+00 0.0000000000000000e+00 1.7712892805656042e+00 1.9428414656222953e-05
5.2800986025232659e-04 -1.7000000000000903e-03 0.0000000000000000e+00 0.0000000000000000e+00 1.7712890424499412e+00 1.9893752945506038e-05
5.3422174096117749e-04 -1.7200000000000930e-03 0.0000000000000000e+00 0.0000000000000000e+00 1.7712888043344053e+00 2.0364598322034658e-05
5.4043362167002838e-04 -1.7400000000000950e-03 0.0000000000000000e+00 0.0000000000000000e+00 1.7712885662204128e+00 2.0840950788738469e-05
5.4664550237887928e-04 -1.7600000000000972e-03 0.0000000000000000e+00 0.0000000000000000e+00 1.7712883281073342e+00 2.1322810348547159e-05
5.5285738308773018e-04 -1.7800000000000996e-03 0.0000000000000000e+00 0.0000000000000000e+00 1.7712880899944348e+00 2.1810177004390409e-05
5.5906926379658108e-04 -1.8000000000001019e-03 0.0000000000000000e+00 0.0000000000000000e+00 1.7712878518831505e+00 2.2303050759197877e-05
5.6528114450543198e-04 -1.8200000000001043e-03 0.0000000000000000e+00 0.0000000000000000e+00 1.7712876137726621e+00 2.2801431615899258e-05
5.7149302521428288e-04 -1.8400000000001065e-03 0.0000000000000000e+00 0.0000000000000000e+00 1.7712873756624481e+00 2.3305319577424217e-05
5.7770490592313377e-04 -1.8600000000001087e-03 0.0000000000000000e+00 0.0000000000000000e+00 1.7712871375537813e+00 2.3814714646702424e-05
5.8391678663198467e-04 -1.8800000000001107e-03 0.0000000000000000e+00 0.0000000000000000e+00 1.7712868994459530e+00 2.4329616826663559e-05
5.9012866734083557e-04 -1.9000000000001119e-03 0.0000000000000000e+00 0.0000000000000000e+00 1.7712866613383960e+00 2.4850026120237281e-05
5.9634054804968647e-04 -1.9200000000001139e-03 0.0000000000000000e+00 0.0000000000000000e+00 1.7712864232323549e+00 2.5375942530353299e-05
6.0255242875853737e-04 -1.9400000000001161e-03 0.0000000000000000e+00 0.0000000000000000e+00 1.7712861851271962e+00 2.5907366059941278e-05
6.0876430946738827e-04 -1.9600000000001188e-03 0.0000000000000000e+00 0.0000000000000000e+00 1.7712859470223370e+00 2.6444296711930903e-05
6.1497619017623917e-04 -1.9800000000001206e-03 0.0000000000000000e+00 0.0000000000000000e+00 1.7712857089188114e+00 2.6986734489251807e-05
6.2118807088509006e-04 -2.0000000000001228e-03 0.0000000000000000e+00 0.0000000000000000e+00 1.7712854708163708e+00 2.7534679394833704e-05
