6.2118807088509078e-06 -2.0000000000000005e-05 0.0000000000000000e+00 0.0000000000000000e+00 1.7713091684924058e+00 2.7534193512612697e-09
1.2423761417701816e-05 -3.9999999999999990e-05 0.0000000000000000e+00 0.0000000000000000e+00 1.7713090515760950e+00 1.1013678363847908e-08
1.8635642126552723e-05 -6.0000000000000002e-05 0.0000000000000000e+00 0.0000000000000000e+00 1.7713089346562938e+00 2.4780778475964195e-08
2.4847522835403628e-05 -8.0000000000000007e-05 0.0000000000000000e+00 0.0000000000000000e+00 1.7713088177384744e+00 4.4054721125814396e-08
3.1059403544254533e-05 -9.9999999999999991e-05 0.0000000000000000e+00 0.0000000000000000e+00 1.7713087008114197e+00 6.8835507751602728e-08
3.7271284253105438e-05 -1.1999999999999999e-04 0.0000000000000000e+00 0.0000000000000000e+00 1.7713085838840144e+00 9.9123139791533504e-08
4.3483164961956344e-05 -1.3999999999999996e-04 0.0000000000000000e+00 0.0000000000000000e+00 1.7713084669547716e+00 1.3491761868381090e-07
4.9695045670807249e-05 -1.5999999999999990e-04 0.0000000000000000e+00 0.0000000000000000e+00 1.7713083500235955e+00 1.7621894586663918e-07
5.5906926379658154e-05 -1.7999999999999979e-04 0.0000000000000000e+00 0.0000000000000000e+00 1.7713082330956227e+00 2.2302712277822258e-07
6.2118807088509066e-05 -1.9999999999999974e-04 0.0000000000000000e+00 0.0000000000000000e+00 1.7713081161686559e+00 2.7534215085676551e-07
6.8330687797359978e-05 -2.1999999999999976e-04 0.0000000000000000e+00 0.0000000000000000e+00 1.7713079992406791e+00 3.3316403154047236e-07
7.4542568506210890e-05 -2.3999999999999982e-04 0.0000000000000000e+00 0.0000000000000000e+00 1.7713078823145150e+00 3.9649276626754737e-07
8.0754449215061802e-05 -2.5999999999999987e-04 0.0000000000000000e+00 0.0000000000000000e+00 1.7713077653894447e+00 4.6532835647619453e-07
8.6966329923912714e-05 -2.7999999999999987e-04 0.0000000000000000e+00 0.0000000000000000e+00 1.7713076484597017e+00 5.3967080360461822e-07
9.3178210632763626e-05 -2.9999999999999997e-04 0.0000000000000000e+00 0.0000000000000000e+00 1.7713075315356031e+00 6.1952010909102306e-07
9.9390091341614538e-05 -3.2000000000000008e-04 0.0000000000000000e+00 0.0000000000000000e+00 1.7713074146070054e+00 7.0487627437361303e-07
1.0560197205046545e-04 -3.4000000000000019e-04 0.0000000000000000e+00 0.0000000000000000e+00 1.7713072976810555e+00 7.9573930089059226e-07
1.1181385275931636e-04 -3.6000000000000040e-04 0.0000000000000000e+00 0.0000000000000000e+00 1.7713071807563410e+00 8.9210919008016573e-07
1.1802573346816727e-04 -3.8000000000000078e-04 0.0000000000000000e+00 0.0000000000000000e+00 1.7713070638305328e+00 9.9398594338053810e-07
1.2423761417701819e-04 -4.0000000000000127e-04 0.0000000000000000e+00 0.0000000000000000e+00 1.7713069469036451e+00 1.1013695622299130e-06
1.3044949488586908e-04 -4.2000000000000186e-04 0.0000000000000000e+00 0.0000000000000000e+00 1.7713068299774219e+00 1.2142600480664954e-06
1.3666137559471998e-04 -4.4000000000000229e-04 0.0000000000000000e+00 0.0000000000000000e+00 1.7713067130520577e+00 1.3326574023284877e-06
1.4287325630357088e-04 -4.6000000000000289e-04 0.0000000000000000e+00 0.0000000000000000e+00 1.7713065961269132e+00 1.4565616264540959e-06
1.4908513701242178e-04 -4.8000000000000354e-04 0.0000000000000000e+00 0.0000000000000000e+00 1.7713064792021029e+00 1.5859727218815239e-06
1.5529701772127268e-04 -5.0000000000000402e-04 0.0000000000000000e+00 0.0000000000000000e+00 1.7713063622775786e+00 1.7208906900489748e-06
1.6150889843012358e-04 -5.2000000000000451e-04 0.0000000000000000e+00 0.0000000000000000e+00 1.7713062453532609e+00 1.8613155323946537e-06
1.6772077913897448e-04 -5.4000000000000489e-04 0.0000000000000000e+00 0.0000000000000000e+00 1.7713061284296088e+00 2.0072472503567640e-06
1.7393265984782537e-04 -5.6000000000000505e-04 0.0000000000000000e+00 0.0000000000000000e+00 1.7713060115061119e+00 2.1586858453735089e-06
1.8014454055667627e-04 -5.8000000000000510e-04 0.0000000000000000e+00 0.0000000000000000e+00 1.7713058945823077e+00 2.3156313188830939e-06
1.8635642126552717e-04 -6.0000000000000515e-04 0.0000000000000000e+00 0.0000000000000000e+00 1.7713057776582506e+00 2.4780836723237234e-06
1.9256830197437807e-04 -6.2000000000000531e-04 0.0000000000000000e+00 0.0000000000000000e+00 1.7713056607341309e+00 2.6460429071336030e-06
1.9878018268322897e-04 -6.4000000000000547e-04 0.0000000000000000e+00 0.0000000000000000e+00 1.7713055438107803e+00 2.8195090247509353e-06
2.0499206339207987e-04 -6.6000000000000574e-04 0.0000000000000000e+00 0.0000000000000000e+00 1.7713054268887753e+00 2.9984820266139269e-06
2.1120394410093076e-04 -6.8000000000000601e-04 0.0000000000000000e+00 0.0000000000000000e+00 1.7713053099660481e+00 3.1829619141607804e-06
2.1741582480978166e-04 -7.0000000000000617e-04 0.0000000000000000e+00 0.0000000000000000e+00 1.7713051930426351e+00 3.3729486888296988e-06
2.2362770551863256e-04 -7.2000000000000623e-04 0.0000000000000000e+00 0.0000000000000000e+00 1.7713050761202571e+00 3.5684423520588865e-06
2.2983958622748346e-04 -7.4000000000000628e-04 0.0000000000000000e+00 0.0000000000000000e+00 1.7713049591990460e+00 3.7694429052865487e-06
2.3605146693633436e-04 -7.6000000000000666e-04 0.0000000000000000e+00 0.0000000000000000e+00 1.7713048422765225e+00 3.9759503499508935e-06
2.4226334764518526e-04 -7.8000000000000692e-04 0.0000000000000000e+00 0.0000000000000000e+00 1.7713047253543694e+00 4.1879646874901194e-06
2.4847522835403616e-04 -8.0000000000000687e-04 0.0000000000000000e+00 0.0000000000000000e+00 1.7713046084338167e+00 4.4054859193424307e-06
2.5468710906288705e-04 -8.2000000000000660e-04 0.0000000000000000e+00 0.0000000000000000e+00 1.7713044915118448e+00 4.6285140469460301e-06
2.6089898977173795e-04 -8.4000000000000621e-04 0.0000000000000000e+00 0.0000000000000000e+00 1.7713043745906543e+00 4.8570490717391252e-06
2.6711087048058885e-04 -8.6000000000000583e-04 0.0000000000000000e+00 0.0000000000000000e+00 1.7713042576704305e+00 5.0910909951599197e-06
2.7332275118943975e-04 -8.8000000000000534e-04 0.0000000000000000e+00 0.0000000000000000e+00 1.7713041407489163e+00 5.3306398186466161e-06
2.7953463189829065e-04 -9.0000000000000496e-04 0.0000000000000000e+00 0.0000000000000000e+00 1.7713040238293212e+00 5.5756955436374248e-06
2.8574651260714155e-04 -9.2000000000000469e-04 0.0000000000000000e+00 0.0000000000000000e+00 1.7713039069085814e+00 5.8262581715705457e-06
2.9195839331599244e-04 -9.4000000000000474e-04 0.0000000000000000e+00 0.0000000000000000e+00 1.7713037899885282e+00 6.0823277038841876e-06
2.9817027402484334e-04 -9.6000000000000479e-04 0.0000000000000000e+00 0.0000000000000000e+00 1.7713036730690244e+00 6.3439041420165522e-06
3.0438215473369424e-04 -9.8000000000000452e-04 0.0000000000000000e+00 0.0000000000000000e+00 1.7713035561488029e+00 6.6109874874058354e-06
3.1059403544254514e-04 -1.0000000000000039e-03 0.0000000000000000e+00 0.0000000000000000e+00 1.7713034392301736e+00 6.8835777414902484e-06
3.1680591615139604e-04 -1.0200000000000029e-03 0.0000000000000000e+00 0.0000000000000000e+00 1.7713033223102146e+00 7.1616749057079877e-06
3.2301779686024694e-04 -1.0400000000000014e-03 0.0000000000000000e+00 0.0000000000000000e+00 1.7713032053920446e+00 7.4452789814972587e-06
3.2922967756909784e-04 -1.0600000000000002e-03 0.0000000000000000e+00 0.0000000000000000e+00 1.7713030884725258e+00 7.7343899702962750e-06
3.3544155827794873e-04 -1.0799999999999989e-03 0.0000000000000000e+00 0.0000000000000000e+00 1.7713029715547344e+00 8.0290078735432384e-06
3.4165343898679963e-04 -1.0999999999999981e-03 0.0000000000000000e+00 0.0000000000000000e+00 1.7713028546356657e+00 8.3291326926763567e-06
3.4786531969565053e-04 -1.1199999999999971e-03 0.0000000000000000e+00 0.0000000000000000e+00 1.7713027377182697e+00 8.6347644291338290e-06
3.5407720040450143e-04 -1.1399999999999965e-03 0.0000000000000000e+00 0.0000000000000000e+00 1.7713026207996616e+00 8.9459030843538666e-06
3.6028908111335233e-04 -1.1599999999999963e-03 0.0000000000000000e+00 0.0000000000000000e+00 1.7713025038826566e+00 9.2625486597746737e-06
3.6650096182220323e-04 -1.1799999999999957e-03 0.0000000000000000e+00 0.0000000000000000e+00 1.7713023869644815e+00 9.5847011568344412e-06
3.7271284253105413e-04 -1.1999999999999947e-03 0.0000000000000000e+00 0.0000000000000000e+00 1.7713022700478702e+00 9.9123605769713768e-06
3.7892472323990502e-04 -1.2199999999999941e-03 0.0000000000000000e+00 0.0000000000000000e+00 1.7713021531301636e+00 1.0245526921623695e-05
3.8513660394875592e-04 -1.2399999999999937e-03 0.0000000000000000e+00 0.0000000000000000e+00 1.7713020362138960e+00 1.0584200192229599e-05
3.9134848465760682e-04 -1.2599999999999935e-03 0.0000000000000000e+00 0.0000000000000000e+00 1.7713019192968369e+00 1.0928380390227290e-05
3.9756036536645772e-04 -1.2799999999999938e-03 0.0000000000000000e+00 0.0000000000000000e+00 1.7713018023806832e+00 1.1278067517054975e-05
4.0377224607530862e-04 -1.2999999999999945e-03 0.0000000000000000e+00 0.0000000000000000e+00 1.7713016854645030e+00 1.1633261574150864e-05
4.0998412678415952e-04 -1.3199999999999954e-03 0.0000000000000000e+00 0.0000000000000000e+00 1.7713015685482549e+00 1.1993962562953155e-05
4.1619600749301041e-04 -1.3399999999999968e-03 0.0000000000000000e+00 0.0000000000000000e+00 1.7713014516329437e+00 1.2360170484900057e-05
4.2240788820186131e-04 -1.3599999999999988e-03 0.0000000000000000e+00 0.0000000000000000e+00 1.7713013347167745e+00 1.2731885341429777e-05
4.2861976891071221e-04 -1.3800000000000004e-03 0.0000000000000000e+00 0.0000000000000000e+00 1.7713012178019745e+00 1.3109107133980502e-05
4.3483164961956311e-04 -1.4000000000000015e-03 0.0000000000000000e+00 0.0000000000000000e+00 1.7713011008864183e+00 1.3491835863990436e-05
4.4104353032841401e-04 -1.4200000000000029e-03 0.0000000000000000e+00 0.0000000000000000e+00 1.7713009839716589e+00 1.3880071532897792e-05
4.4725541103726491e-04 -1.4400000000000044e-03 0.0000000000000000e+00 0.0000000000000000e+00 1.7713008670571291e+00 1.4273814142140779e-05
4.5346729174611581e-04 -1.4600000000000066e-03 0.0000000000000000e+00 0.0000000000000000e+00 1.7713007501421854e+00 1.4673063693157604e-05
4.5967917245496670e-04 -1.4800000000000082e-03 0.0000000000000000e+00 0.0000000000000000e+00 1.7713006332284083e+00 1.5077820187386454e-05
4.6589105316381760e-04 -1.5000000000000098e-03 0.0000000000000000e+00 0.0000000000000000e+00 1.7713005163139104e+00 1.5488083626265538e-05
4.7210293387266850e-04 -1.5200000000000109e-03 0.0000000000000000e+00 0.0000000000000000e+00 1.7713003994002228e+00 1.5903854011233059e-05
4.7831481458151940e-04 -1.5400000000000116e-03 0.0000000000000000e+00 0.0000000000000000e+00 1.7713002824868052e+00 1.6325131343727212e-05
4.8452669529037030e-04 -1.5600000000000121e-03 0.0000000000000000e+00 0.0000000000000000e+00 1.7713001655728706e+00 1.6751915625186212e-05
4.9073857599922120e-04 -1.5800000000000126e-03 0.0000000000000000e+00 0.0000000000000000e+00 1.7713000486600827e+00 1.7184206857048265e-05
4.9695045670807209e-04 -1.6000000000000129e-03 0.0000000000000000e+00 0.0000000000000000e+00 1.7712999317469116e+00 1.7622005040751570e-05
5.0316233741692299e-04 -1.6200000000000136e-03 0.0000000000000000e+00 0.0000000000000000e+00 1.7712998148339103e+00 1.8065310177734352e-05
5.0937421812577389e-04 -1.6400000000000145e-03 0.0000000000000000e+00 0.0000000000000000e+00 1.7712996979217439e+00 1.8514122269434800e-05
5.1558609883462479e-04 -1.6600000000000150e-03 0.0000000000000000e+00 0.0000000000000000e+00 1.7712995810089780e+00 1.8968441317291117e-05
5.2179797954347569e-04 -1.6800000000000150e-03 0.0000000000000000e+00 0.0000000000000000e+00 1.7712994640969215e+00 1.9428267322741496e-05
5.2800986025232659e-04 -1.7000000000000157e-03 0.0000000000000000e+00 0.0000000000000000e+00 1.7712993471852767e+00 1.9893600287224168e-05
5.3422174096117749e-04 -1.7200000000000164e-03 0.0000000000000000e+00 0.0000000000000000e+00 1.7712992302730894e+00 2.0364440212177322e-05
5.4043362167002838e-04 -1.7400000000000176e-03 0.0000000000000000e+00 0.0000000000000000e+00 1.7712991133617766e+00 2.0840787099039175e-05
5.4664550237887928e-04 -1.7600000000000185e-03 0.0000000000000000e+00 0.0000000000000000e+00 1.7712989964507060e+00 2.1322640949247910e-05
5.5285738308773018e-04 -1.7800000000000196e-03 0.0000000000000000e+00 0.0000000000000000e+00 1.7712988795391447e+00 2.1810001764241757e-05
5.5906926379658108e-04 -1.8000000000000201e-03 0.0000000000000000e+00 0.0000000000000000e+00 1.7712987626285297e+00 2.2302869545458886e-05
5.6528114450543198e-04 -1.8200000000000202e-03 0.0000000000000000e+00 0.0000000000000000e+00 1.7712986457180386e+00 2.2801244294337513e-05
5.7149302521428288e-04 -1.8400000000000198e-03 0.0000000000000000e+00 0.0000000000000000e+00 1.7712985288071528e+00 2.3305126012315831e-05
5.7770490592313377e-04 -1.8600000000000192e-03 0.0000000000000000e+00 0.0000000000000000e+00 1.7712984118971453e+00 2.3814514700832064e-05
5.8391678663198467e-04 -1.8800000000000182e-03 0.0000000000000000e+00 0.0000000000000000e+00 1.7712982949873042e+00 2.4329410361324399e-05
5.9012866734083557e-04 -1.9000000000000173e-03 0.0000000000000000e+00 0.0000000000000000e+00 1.7712981780770649e+00 2.4849812995231062e-05
5.9634054804968647e-04 -1.9200000000000163e-03 0.0000000000000000e+00 0.0000000000000000e+00 1.7712980611676732e+00 2.5375722603990242e-05
6.0255242875853737e-04 -1.9400000000000153e-03 0.0000000000000000e+00 0.0000000000000000e+00 1.7712979442584915e+00 2.5907139189040157e-05
6.0876430946738827e-04 -1.9600000000000147e-03 0.0000000000000000e+00 0.0000000000000000e+00 1.7712978273489397e+00 2.6444062751819016e-05
6.1497619017623917e-04 -1.9800000000000147e-03 0.0000000000000000e+00 0.0000000000000000e+00 1.7712977104400531e+00 2.6986493293765030e-05
6.2118807088509006e-04 -2.0000000000000144e-03 0.0000000000000000e+00 0.0000000000000000e+00 1.7712975935315800e+00 2.7534430816316372e-05
