3.2712408094613084e-06 -2.0000000000000002e-05 0.0000000000000000e+00 0.0000000000000000e+00 1.9273817614555055e+00 2.1847610250496905e-09
6.5424816189226167e-06 -4.0000000000000003e-05 0.0000000000000000e+00 0.0000000000000000e+00 1.9273817025576732e+00 8.7390443854295897e-09
9.8137224283839255e-06 -6.0000000000000002e-05 0.0000000000000000e+00 0.0000000000000000e+00 1.9273816436509226e+00 1.9662850508985937e-08
1.3084963237845235e-05 -7.9999999999999979e-05 0.0000000000000000e+00 0.0000000000000000e+00 1.9273815847315634e+00 3.4956179823564959e-08
1.6356204047306545e-05 -9.9999999999999951e-05 0.0000000000000000e+00 0.0000000000000000e+00 1.9273815258340210e+00 5.4619032757012904e-08
1.9627444856767854e-05 -1.1999999999999992e-04 0.0000000000000000e+00 0.0000000000000000e+00 1.9273814669194274e+00 7.8651409737176025e-08
2.2898685666229164e-05 -1.3999999999999985e-04 0.0000000000000000e+00 0.0000000000000000e+00 1.9273814080159370e+00 1.0705331119190046e-07
2.6169926475690474e-05 -1.5999999999999977e-04 0.0000000000000000e+00 0.0000000000000000e+00 1.9273813491023950e+00 1.3982473754903254e-07
2.9441167285151783e-05 -1.7999999999999971e-04 0.0000000000000000e+00 0.0000000000000000e+00 1.9273812901939607e+00 1.7696568923641852e-07
3.2712408094613096e-05 -1.9999999999999968e-04 0.0000000000000000e+00 0.0000000000000000e+00 1.9273812312858876e+00 2.1847616668190472e-07
3.5983648904074406e-05 -2.1999999999999968e-04 0.0000000000000000e+00 0.0000000000000000e+00 1.9273811723765770e+00 2.6435617031333728e-07
3.9254889713535716e-05 -2.3999999999999965e-04 0.0000000000000000e+00 0.0000000000000000e+00 1.9273811134713099e+00 3.1460570055856249e-07
4.2526130522997025e-05 -2.5999999999999954e-04 0.0000000000000000e+00 0.0000000000000000e+00 1.9273810545616914e+00 3.6922475784542625e-07
4.5797371332458335e-05 -2.7999999999999938e-04 0.0000000000000000e+00 0.0000000000000000e+00 1.9273809956535066e+00 4.2821334260177498e-07
4.9068612141919644e-05 -2.9999999999999916e-04 0.0000000000000000e+00 0.0000000000000000e+00 1.9273809367454131e+00 4.9157145525545485e-07
5.2339852951380954e-05 -3.1999999999999894e-04 0.0000000000000000e+00 0.0000000000000000e+00 1.9273808778391404e+00 5.5929909623431217e-07
5.5611093760842264e-05 -3.3999999999999872e-04 0.0000000000000000e+00 0.0000000000000000e+00 1.9273808189285417e+00 6.3139626596619323e-07
5.8882334570303573e-05 -3.5999999999999856e-04 0.0000000000000000e+00 0.0000000000000000e+00 1.9273807600216304e+00 7.0786296487894464e-07
6.2153575379764883e-05 -3.7999999999999839e-04 0.0000000000000000e+00 0.0000000000000000e+00 1.9273807011150630e+00 7.8869919340041206e-07
6.5424816189226193e-05 -3.9999999999999818e-04 0.0000000000000000e+00 0.0000000000000000e+00 1.9273806422081117e+00 8.7390495195844200e-07
6.8696056998687502e-05 -4.1999999999999801e-04 0.0000000000000000e+00 0.0000000000000000e+00 1.9273805833013848e+00 9.6348024098088095e-07
7.1967297808148812e-05 -4.3999999999999785e-04 0.0000000000000000e+00 0.0000000000000000e+00 1.9273805243942759e+00 1.0574250608955746e-06
7.5238538617610122e-05 -4.5999999999999774e-04 0.0000000000000000e+00 0.0000000000000000e+00 1.9273804654873055e+00 1.1557394121303698e-06
7.8509779427071431e-05 -4.7999999999999763e-04 0.0000000000000000e+00 0.0000000000000000e+00 1.9273804065805094e+00 1.2584232951131128e-06
8.1781020236532741e-05 -4.9999999999999741e-04 0.0000000000000000e+00 0.0000000000000000e+00 1.9273803476737779e+00 1.3654767102716487e-06
8.5052261045994050e-05 -5.1999999999999714e-04 0.0000000000000000e+00 0.0000000000000000e+00 1.9273802887672362e+00 1.4768996580338242e-06
8.8323501855455360e-05 -5.3999999999999686e-04 0.0000000000000000e+00 0.0000000000000000e+00 1.9273802298603173e+00 1.5926921388274858e-06
9.1594742664916670e-05 -5.5999999999999670e-04 0.0000000000000000e+00 0.0000000000000000e+00 1.9273801709532936e+00 1.7128541530804806e-06
9.4865983474377979e-05 -5.7999999999999653e-04 0.0000000000000000e+00 0.0000000000000000e+00 1.9273801120471215e+00 1.8373857012206543e-06
9.8137224283839289e-05 -5.9999999999999626e-04 0.0000000000000000e+00 0.0000000000000000e+00 1.9273800531421132e+00 1.9662867836758520e-06
1.0140846509330060e-04 -6.1999999999999599e-04 0.0000000000000000e+00 0.0000000000000000e+00 1.9273799942370413e+00 2.0995574008739206e-06
1.0467970590276191e-04 -6.3999999999999572e-04 0.0000000000000000e+00 0.0000000000000000e+00 1.9273799353308048e+00 2.2371975532427066e-06
1.0795094671222322e-04 -6.5999999999999533e-04 0.0000000000000000e+00 0.0000000000000000e+00 1.9273798764247512e+00 2.3792072412100560e-06
1.1122218752168453e-04 -6.7999999999999506e-04 0.0000000000000000e+00 0.0000000000000000e+00 1.9273798175200672e+00 2.5255864652038155e-06
1.1449342833114584e-04 -6.9999999999999468e-04 0.0000000000000000e+00 0.0000000000000000e+00 1.9273797586155945e+00 2.6763352256518307e-06
1.1776466914060715e-04 -7.1999999999999419e-04 0.0000000000000000e+00 0.0000000000000000e+00 1.9273796997101711e+00 2.8314535229819463e-06
1.2103590995006846e-04 -7.3999999999999359e-04 0.0000000000000000e+00 0.0000000000000000e+00 1.9273796408046593e+00 2.9909413576220106e-06
1.2430715075952977e-04 -7.5999999999999299e-04 0.0000000000000000e+00 0.0000000000000000e+00 1.9273795819010335e+00 3.1547987299998697e-06
1.2757839156899109e-04 -7.7999999999999240e-04 0.0000000000000000e+00 0.0000000000000000e+00 1.9273795229958552e+00 3.3230256405433683e-06
1.3084963237845241e-04 -7.9999999999999180e-04 0.0000000000000000e+00 0.0000000000000000e+00 1.9273794640910211e+00 3.4956220896803555e-06
1.3412087318791374e-04 -8.1999999999999109e-04 0.0000000000000000e+00 0.0000000000000000e+00 1.9273794051878432e+00 3.6725880778386745e-06
1.3739211399737506e-04 -8.3999999999999049e-04 0.0000000000000000e+00 0.0000000000000000e+00 1.9273793462829381e+00 3.8539236054461742e-06
1.4066335480683638e-04 -8.5999999999998990e-04 0.0000000000000000e+00 0.0000000000000000e+00 1.9273792873792197e+00 4.0396286729306995e-06
1.4393459561629771e-04 -8.7999999999998930e-04 0.0000000000000000e+00 0.0000000000000000e+00 1.9273792284757016e+00 4.2297032807200978e-06
1.4720583642575903e-04 -8.9999999999998881e-04 0.0000000000000000e+00 0.0000000000000000e+00 1.9273791695715268e+00 4.4241474292422155e-06
1.5047707723522035e-04 -9.1999999999998821e-04 0.0000000000000000e+00 0.0000000000000000e+00 1.9273791106690421e+00 4.6229611189248958e-06
1.5374831804468167e-04 -9.3999999999998772e-04 0.0000000000000000e+00 0.0000000000000000e+00 1.9273790517647624e+00 4.8261443501959886e-06
1.5701955885414300e-04 -9.5999999999998734e-04 0.0000000000000000e+00 0.0000000000000000e+00 1.9273789928625151e+00 5.0336971234833403e-06
1.6029079966360432e-04 -9.7999999999998717e-04 0.0000000000000000e+00 0.0000000000000000e+00 1.9273789339586631e+00 5.2456194392147975e-06
1.6356204047306564e-04 -9.9999999999998701e-04 0.0000000000000000e+00 0.0000000000000000e+00 1.9273788750565686e+00 5.4619112978182033e-06
1.6683328128252697e-04 -1.0199999999999871e-03 0.0000000000000000e+00 0.0000000000000000e+00 1.9273788161533898e+00 5.6825726997214084e-06
1.7010452209198829e-04 -1.0399999999999871e-03 0.0000000000000000e+00 0.0000000000000000e+00 1.9273787572513412e+00 5.9076036453522560e-06
1.7337576290144961e-04 -1.0599999999999872e-03 0.0000000000000000e+00 0.0000000000000000e+00 1.9273786983485524e+00 6.1370041351385925e-06
1.7664700371091094e-04 -1.0799999999999874e-03 0.0000000000000000e+00 0.0000000000000000e+00 1.9273786394464105e+00 6.3707741695082654e-06
1.7991824452037226e-04 -1.0999999999999875e-03 0.0000000000000000e+00 0.0000000000000000e+00 1.9273785805440931e+00 6.6089137488891176e-06
1.8318948532983358e-04 -1.1199999999999878e-03 0.0000000000000000e+00 0.0000000000000000e+00 1.9273785216425974e+00 6.8514228737089984e-06
1.8646072613929491e-04 -1.1399999999999880e-03 0.0000000000000000e+00 0.0000000000000000e+00 1.9273784627404551e+00 7.0983015443957549e-06
1.8973196694875623e-04 -1.1599999999999883e-03 0.0000000000000000e+00 0.0000000000000000e+00 1.9273784038390873e+00 7.3495497613772288e-06
1.9300320775821755e-04 -1.1799999999999883e-03 0.0000000000000000e+00 0.0000000000000000e+00 1.9273783449371265e+00 7.6051675250812689e-06
1.9627444856767888e-04 -1.1999999999999899e-03 0.0000000000000000e+00 0.0000000000000000e+00 1.9273782860364665e+00 7.8651548359357396e-06
1.9954568937714020e-04 -1.2199999999999915e-03 0.0000000000000000e+00 0.0000000000000000e+00 1.9273782271345874e+00 8.1295116943684696e-06
2.0281693018660152e-04 -1.2399999999999931e-03 0.0000000000000000e+00 0.0000000000000000e+00 1.9273781682341755e+00 8.3982381008073046e-06
2.0608817099606285e-04 -1.2599999999999946e-03 0.0000000000000000e+00 0.0000000000000000e+00 1.9273781093326439e+00 8.6713340556800928e-06
2.0935941180552417e-04 -1.2799999999999960e-03 0.0000000000000000e+00 0.0000000000000000e+00 1.9273780504325104e+00 8.9487995594146738e-06
2.1263065261498549e-04 -1.2999999999999971e-03 0.0000000000000000e+00 0.0000000000000000e+00 1.9273779915314337e+00 9.2306346124388960e-06
2.1590189342444682e-04 -1.3199999999999985e-03 0.0000000000000000e+00 0.0000000000000000e+00 1.9273779326311562e+00 9.5168392151806126e-06
2.1917313423390814e-04 -1.3399999999999998e-03 0.0000000000000000e+00 0.0000000000000000e+00 1.9273778737312393e+00 9.8074133680676649e-06
2.2244437504336946e-04 -1.3600000000000010e-03 0.0000000000000000e+00 0.0000000000000000e+00 1.9273778148306271e+00 1.0102357071527898e-05
2.2571561585283078e-04 -1.3800000000000021e-03 0.0000000000000000e+00 0.0000000000000000e+00 1.9273777559311616e+00 1.0401670325989158e-05
2.2898685666229211e-04 -1.4000000000000032e-03 0.0000000000000000e+00 0.0000000000000000e+00 1.9273776970309162e+00 1.0705353131879295e-05
2.3225809747175343e-04 -1.4200000000000046e-03 0.0000000000000000e+00 0.0000000000000000e+00 1.9273776381315031e+00 1.1013405489626157e-05
2.3552933828121475e-04 -1.4400000000000059e-03 0.0000000000000000e+00 0.0000000000000000e+00 1.9273775792320449e+00 1.1325827399657586e-05
2.3880057909067608e-04 -1.4600000000000071e-03 0.0000000000000000e+00 0.0000000000000000e+00 1.9273775203323058e+00 1.1642618862401427e-05
2.4207181990013740e-04 -1.4800000000000084e-03 0.0000000000000000e+00 0.0000000000000000e+00 1.9273774614336980e+00 1.1963779878285529e-05
2.4534306070959872e-04 -1.5000000000000100e-03 0.0000000000000000e+00 0.0000000000000000e+00 1.9273774025341828e+00 1.2289310447737743e-05
2.4861430151906002e-04 -1.5200000000000118e-03 0.0000000000000000e+00 0.0000000000000000e+00 1.9273773436355361e+00 1.2619210571185912e-05
2.5188554232852132e-04 -1.5400000000000138e-03 0.0000000000000000e+00 0.0000000000000000e+00 1.9273772847370281e+00 1.2953480249057886e-05
2.5515678313798261e-04 -1.5600000000000156e-03 0.0000000000000000e+00 0.0000000000000000e+00 1.9273772258378643e+00 1.3292119481781498e-05
2.5842802394744391e-04 -1.5800000000000172e-03 0.0000000000000000e+00 0.0000000000000000e+00 1.9273771669398654e+00 1.3635128269784599e-05
2.6169926475690520e-04 -1.6000000000000185e-03 0.0000000000000000e+00 0.0000000000000000e+00 1.9273771080414783e+00 1.3982506613495037e-05
2.6497050556636650e-04 -1.6200000000000196e-03 0.0000000000000000e+00 0.0000000000000000e+00 1.9273770491430000e+00 1.4334254513340654e-05
2.6824174637582780e-04 -1.6400000000000206e-03 0.0000000000000000e+00 0.0000000000000000e+00 1.9273769902454929e+00 1.4690371969749297e-05
2.7151298718528909e-04 -1.6600000000000217e-03 0.0000000000000000e+00 0.0000000000000000e+00 1.9273769313474749e+00 1.5050858983148818e-05
2.7478422799475039e-04 -1.6800000000000228e-03 0.0000000000000000e+00 0.0000000000000000e+00 1.9273768724496518e+00 1.5415715553967066e-05
2.7805546880421168e-04 -1.7000000000000238e-03 0.0000000000000000e+00 0.0000000000000000e+00 1.9273768135525240e+00 1.5784941682631876e-05
2.8132670961367298e-04 -1.7200000000000249e-03 0.0000000000000000e+00 0.0000000000000000e+00 1.9273767546547900e+00 1.6158537369571106e-05
2.8459795042313428e-04 -1.7400000000000260e-03 0.0000000000000000e+00 0.0000000000000000e+00 1.9273766957575160e+00 1.6536502615212595e-05
2.8786919123259557e-04 -1.7600000000000272e-03 0.0000000000000000e+00 0.0000000000000000e+00 1.9273766368608436e+00 1.6918837419984193e-05
2.9114043204205687e-04 -1.7800000000000283e-03 0.0000000000000000e+00 0.0000000000000000e+00 1.9273765779634555e+00 1.7305541784313747e-05
2.9441167285151817e-04 -1.8000000000000294e-03 0.0000000000000000e+00 0.0000000000000000e+00 1.9273765190667156e+00 1.7696615708629096e-05
2.9768291366097946e-04 -1.8200000000000304e-03 0.0000000000000000e+00 0.0000000000000000e+00 1.9273764601705103e+00 1.8092059193358090e-05
3.0095415447044076e-04 -1.8400000000000311e-03 0.0000000000000000e+00 0.0000000000000000e+00 1.9273764012737149e+00 1.8491872238928572e-05
3.0422539527990205e-04 -1.8600000000000313e-03 0.0000000000000000e+00 0.0000000000000000e+00 1.9273763423773946e+00 1.8896054845768386e-05
3.0749663608936335e-04 -1.8800000000000316e-03 0.0000000000000000e+00 0.0000000000000000e+00 1.9273762834816046e+00 1.9304607014305381e-05
3.1076787689882465e-04 -1.9000000000000319e-03 0.0000000000000000e+00 0.0000000000000000e+00 1.9273762245854185e+00 1.9717528744967414e-05
3.1403911770828594e-04 -1.9200000000000319e-03 0.0000000000000000e+00 0.0000000000000000e+00 1.9273761656892994e+00 2.0134820038182311e-05
3.1731035851774724e-04 -1.9400000000000322e-03 0.0000000000000000e+00 0.0000000000000000e+00 1.9273761067940212e+00 2.0556480894377936e-05
3.2058159932720853e-04 -1.9600000000000325e-03 0.0000000000000000e+00 0.0000000000000000e+00 1.9273760478983055e+00 2.0982511313982138e-05
3.2385284013666983e-04 -1.9800000000000329e-03 0.0000000000000000e+00 0.0000000000000000e+00 1.9273759890026589e+00 2.1412911297422754e-05
3.2712408094613113e-04 -2.0000000000000334e-03 0.0000000000000000e+00 0.0000000000000000e+00 1.9273759301076199e+00 2.1847680845127631e-05
