8.6491106406735161e-06 -2.0000000000000008e-05 0.0000000000000000e+00 0.0000000000000000e+00 1.6310487759473777e+00 3.4971233898620838e-09
1.7298221281347032e-05 -3.9999999999999996e-05 0.0000000000000000e+00 0.0000000000000000e+00 1.6310482561451325e+00 1.3988500173379568e-08
2.5947331922020550e-05 -5.9999999999999995e-05 0.0000000000000000e+00 0.0000000000000000e+00 1.6310477363091802e+00 3.1474140271449336e-08
3.4596442562694071e-05 -8.0000000000000020e-05 0.0000000000000000e+00 0.0000000000000000e+00 1.6310472164680769e+00 5.5954053604968288e-08
4.3245553203367592e-05 -1.0000000000000010e-04 0.0000000000000000e+00 0.0000000000000000e+00 1.6310466966329935e+00 8.7428250094833346e-08
5.1894663844041114e-05 -1.2000000000000010e-04 0.0000000000000000e+00 0.0000000000000000e+00 1.6310461768062645e+00 1.2589673966194123e-07
6.0543774484714635e-05 -1.4000000000000012e-04 0.0000000000000000e+00 0.0000000000000000e+00 1.6310456569748759e+00 1.7135953222718889e-07
6.9192885125388156e-05 -1.6000000000000009e-04 0.0000000000000000e+00 0.0000000000000000e+00 1.6310451371526684e+00 2.2381663771147308e-07
7.7841995766061677e-05 -1.8000000000000015e-04 0.0000000000000000e+00 0.0000000000000000e+00 1.6310446173256175e+00 2.8326806603569094e-07
8.6491106406735198e-05 -2.0000000000000033e-04 0.0000000000000000e+00 0.0000000000000000e+00 1.6310440975047744e+00 3.4971382712073966e-07
9.5140217047408719e-05 -2.2000000000000058e-04 0.0000000000000000e+00 0.0000000000000000e+00 1.6310435776863528e+00 4.2315393088751592e-07
1.0378932768808224e-04 -2.4000000000000098e-04 0.0000000000000000e+00 0.0000000000000000e+00 1.6310430578721054e+00 5.0358838725691700e-07
1.1243843832875576e-04 -2.6000000000000144e-04 0.0000000000000000e+00 0.0000000000000000e+00 1.6310425380596969e+00 5.9101720614983958e-07
1.2108754896942928e-04 -2.8000000000000209e-04 0.0000000000000000e+00 0.0000000000000000e+00 1.6310420182464580e+00 6.8544039748718110e-07
1.2973665961010279e-04 -3.0000000000000301e-04 0.0000000000000000e+00 0.0000000000000000e+00 1.6310414984406232e+00 7.8685797118983908e-07
1.3838577025077628e-04 -3.2000000000000388e-04 0.0000000000000000e+00 0.0000000000000000e+00 1.6310409786328388e+00 8.9526993717870874e-07
1.4703488089144978e-04 -3.4000000000000496e-04 0.0000000000000000e+00 0.0000000000000000e+00 1.6310404588303180e+00 1.0106763053746887e-06
1.5568399153212327e-04 -3.6000000000000582e-04 0.0000000000000000e+00 0.0000000000000000e+00 1.6310399390310855e+00 1.1330770856986732e-06
1.6433310217279677e-04 -3.8000000000000674e-04 0.0000000000000000e+00 0.0000000000000000e+00 1.6310394192323299e+00 1.2624722880715612e-06
1.7298221281347026e-04 -4.0000000000000734e-04 0.0000000000000000e+00 0.0000000000000000e+00 1.6310388994359721e+00 1.3988619224142465e-06
1.8163132345414376e-04 -4.2000000000000809e-04 0.0000000000000000e+00 0.0000000000000000e+00 1.6310383796430701e+00 1.5422459986476289e-06
1.9028043409481725e-04 -4.4000000000000869e-04 0.0000000000000000e+00 0.0000000000000000e+00 1.6310378598531203e+00 1.6926245266926037e-06
1.9892954473549074e-04 -4.6000000000000885e-04 0.0000000000000000e+00 0.0000000000000000e+00 1.6310373400657903e+00 1.8499975164700656e-06
2.0757865537616424e-04 -4.8000000000000950e-04 0.0000000000000000e+00 0.0000000000000000e+00 1.6310368202805539e+00 2.0143649779009178e-06
2.1622776601683773e-04 -5.0000000000001074e-04 0.0000000000000000e+00 0.0000000000000000e+00 1.6310363004981503e+00 2.1857269209060584e-06
2.2487687665751123e-04 -5.2000000000001242e-04 0.0000000000000000e+00 0.0000000000000000e+00 1.6310357807179237e+00 2.3640833554063834e-06
2.3352598729818472e-04 -5.4000000000001410e-04 0.0000000000000000e+00 0.0000000000000000e+00 1.6310352609406185e+00 2.5494342913227870e-06
2.4217509793885821e-04 -5.6000000000001556e-04 0.0000000000000000e+00 0.0000000000000000e+00 1.6310347411659754e+00 2.7417797385761630e-06
2.5082420857953171e-04 -5.8000000000001681e-04 0.0000000000000000e+00 0.0000000000000000e+00 1.6310342213944036e+00 2.9411197070874097e-06
2.5947331922020520e-04 -6.0000000000001860e-04 0.0000000000000000e+00 0.0000000000000000e+00 1.6310337016253535e+00 3.1474542067774289e-06
2.6812242986087870e-04 -6.2000000000002103e-04 0.0000000000000000e+00 0.0000000000000000e+00 1.6310331818582817e+00 3.3607832475671207e-06
2.7677154050155219e-04 -6.4000000000002358e-04 0.0000000000000000e+00 0.0000000000000000e+00 1.6310326620934277e+00 3.5811068393773771e-06
2.8542065114222568e-04 -6.6000000000002656e-04 0.0000000000000000e+00 0.0000000000000000e+00 1.6310321423310545e+00 3.8084249921290970e-06
2.9406976178289918e-04 -6.8000000000002911e-04 0.0000000000000000e+00 0.0000000000000000e+00 1.6310316225722583e+00 4.0427377157431697e-06
3.0271887242357267e-04 -7.0000000000003198e-04 0.0000000000000000e+00 0.0000000000000000e+00 1.6310311028162097e+00 4.2840450201404984e-06
3.1136798306424617e-04 -7.2000000000003452e-04 0.0000000000000000e+00 0.0000000000000000e+00 1.6310305830614165e+00 4.5323469152419777e-06
3.2001709370491966e-04 -7.4000000000003772e-04 0.0000000000000000e+00 0.0000000000000000e+00 1.6310300633096741e+00 4.7876434109685079e-06
3.2866620434559315e-04 -7.6000000000004059e-04 0.0000000000000000e+00 0.0000000000000000e+00 1.6310295435617039e+00 5.0499345172409829e-06
3.3731531498626665e-04 -7.8000000000004357e-04 0.0000000000000000e+00 0.0000000000000000e+00 1.6310290238151279e+00 5.3192202439802972e-06
3.4596442562694014e-04 -8.0000000000004677e-04 0.0000000000000000e+00 0.0000000000000000e+00 1.6310285040707275e+00 5.5955006011073538e-06
3.5461353626761364e-04 -8.2000000000004986e-04 0.0000000000000000e+00 0.0000000000000000e+00 1.6310279843303692e+00 5.8787755985430440e-06
3.6326264690828713e-04 -8.4000000000005208e-04 0.0000000000000000e+00 0.0000000000000000e+00 1.6310274645915293e+00 6.1690452462082555e-06
3.7191175754896062e-04 -8.6000000000005441e-04 0.0000000000000000e+00 0.0000000000000000e+00 1.6310269448551826e+00 6.4663095540238973e-06
3.8056086818963412e-04 -8.8000000000005728e-04 0.0000000000000000e+00 0.0000000000000000e+00 1.6310264251224909e+00 6.7705685319108699e-06
3.8920997883030761e-04 -9.0000000000005971e-04 0.0000000000000000e+00 0.0000000000000000e+00 1.6310259053909724e+00 7.0818221897900620e-06
3.9785908947098111e-04 -9.2000000000006172e-04 0.0000000000000000e+00 0.0000000000000000e+00 1.6310253856633175e+00 7.4000705375823638e-06
4.0650820011165460e-04 -9.4000000000006340e-04 0.0000000000000000e+00 0.0000000000000000e+00 1.6310248659374973e+00 7.7253135852086793e-06
4.1515731075232810e-04 -9.6000000000006410e-04 0.0000000000000000e+00 0.0000000000000000e+00 1.6310243462140726e+00 8.0575513425898920e-06
4.2380642139300159e-04 -9.8000000000006437e-04 0.0000000000000000e+00 0.0000000000000000e+00 1.6310238264941699e+00 8.3967838196469058e-06
4.3245553203367508e-04 -1.0000000000000636e-03 0.0000000000000000e+00 0.0000000000000000e+00 1.6310233067755713e+00 8.7430110263006111e-06
4.4110464267434858e-04 -1.0200000000000625e-03 0.0000000000000000e+00 0.0000000000000000e+00 1.6310227870609739e+00 9.0962329724719100e-06
4.4975375331502207e-04 -1.0400000000000608e-03 0.0000000000000000e+00 0.0000000000000000e+00 1.6310222673476307e+00 9.4564496680817014e-06
4.5840286395569557e-04 -1.0600000000000587e-03 0.0000000000000000e+00 0.0000000000000000e+00 1.6310217476380808e+00 9.8236611230508772e-06
4.6705197459636906e-04 -1.0800000000000557e-03 0.0000000000000000e+00 0.0000000000000000e+00 1.6310212279299126e+00 1.0197867347300331e-05
4.7570108523704255e-04 -1.1000000000000532e-03 0.0000000000000000e+00 0.0000000000000000e+00 1.6310207082254433e+00 1.0579068350750979e-05
4.8435019587771605e-04 -1.1200000000000502e-03 0.0000000000000000e+00 0.0000000000000000e+00 1.6310201885226336e+00 1.0967264143323706e-05
4.9299930651838949e-04 -1.1400000000000477e-03 0.0000000000000000e+00 0.0000000000000000e+00 1.6310196688232994e+00 1.1362454734939422e-05
5.0164841715906287e-04 -1.1600000000000442e-03 0.0000000000000000e+00 0.0000000000000000e+00 1.6310191491254924e+00 1.1764640135518999e-05
5.1029752779973626e-04 -1.1800000000000421e-03 0.0000000000000000e+00 0.0000000000000000e+00 1.6310186294313966e+00 1.2173820354983373e-05
5.1894663844040964e-04 -1.2000000000000398e-03 0.0000000000000000e+00 0.0000000000000000e+00 1.6310181097388103e+00 1.2589995403253419e-05
5.2759574908108303e-04 -1.2200000000000364e-03 0.0000000000000000e+00 0.0000000000000000e+00 1.6310175900498727e+00 1.3013165290250012e-05
5.3624485972175642e-04 -1.2400000000000338e-03 0.0000000000000000e+00 0.0000000000000000e+00 1.6310170703624105e+00 1.3443330025894088e-05
5.4489397036242980e-04 -1.2600000000000302e-03 0.0000000000000000e+00 0.0000000000000000e+00 1.6310165506786460e+00 1.3880489620106505e-05
5.5354308100310319e-04 -1.2800000000000274e-03 0.0000000000000000e+00 0.0000000000000000e+00 1.6310160309963722e+00 1.4324644082808200e-05
5.6219219164377657e-04 -1.3000000000000234e-03 0.0000000000000000e+00 0.0000000000000000e+00 1.6310155113176450e+00 1.4775793423920023e-05
5.7084130228444996e-04 -1.3200000000000197e-03 0.0000000000000000e+00 0.0000000000000000e+00 1.6310149916407686e+00 1.5233937653362910e-05
5.7949041292512334e-04 -1.3400000000000161e-03 0.0000000000000000e+00 0.0000000000000000e+00 1.6310144719669675e+00 1.5699076781057745e-05
5.8813952356579673e-04 -1.3600000000000118e-03 0.0000000000000000e+00 0.0000000000000000e+00 1.6310139522957185e+00 1.6171210816925411e-05
5.9678863420647012e-04 -1.3800000000000073e-03 0.0000000000000000e+00 0.0000000000000000e+00 1.6310134326266044e+00 1.6650339770886819e-05
6.0543774484714350e-04 -1.4000000000000024e-03 0.0000000000000000e+00 0.0000000000000000e+00 1.6310129129607656e+00 1.7136463652862858e-05
6.1408685548781689e-04 -1.4199999999999990e-03 0.0000000000000000e+00 0.0000000000000000e+00 1.6310123932965976e+00 1.7629582472774464e-05
6.2273596612849027e-04 -1.4399999999999940e-03 0.0000000000000000e+00 0.0000000000000000e+00 1.6310118736359174e+00 1.8129696240542469e-05
6.3138507676916366e-04 -1.4599999999999884e-03 0.0000000000000000e+00 0.0000000000000000e+00 1.6310113539772153e+00 1.8636804966087787e-05
6.4003418740983704e-04 -1.4799999999999841e-03 0.0000000000000000e+00 0.0000000000000000e+00 1.6310108343213354e+00 1.9150908659331370e-05
6.4868329805051043e-04 -1.4999999999999779e-03 0.0000000000000000e+00 0.0000000000000000e+00 1.6310103146683292e+00 1.9672007330194022e-05
6.5733240869118382e-04 -1.5199999999999706e-03 0.0000000000000000e+00 0.0000000000000000e+00 1.6310097950171067e+00 2.0200100988596679e-05
6.6598151933185720e-04 -1.5399999999999648e-03 0.0000000000000000e+00 0.0000000000000000e+00 1.6310092753693679e+00 2.0735189644460282e-05
6.7463062997253059e-04 -1.5599999999999601e-03 0.0000000000000000e+00 0.0000000000000000e+00 1.6310087557236077e+00 2.1277273307705724e-05
6.8327974061320397e-04 -1.5799999999999545e-03 0.0000000000000000e+00 0.0000000000000000e+00 1.6310082360804918e+00 2.1826351988253862e-05
6.9192885125387736e-04 -1.5999999999999474e-03 0.0000000000000000e+00 0.0000000000000000e+00 1.6310077164404477e+00 2.2382425696025566e-05
7.0057796189455074e-04 -1.6199999999999398e-03 0.0000000000000000e+00 0.0000000000000000e+00 1.6310071968022055e+00 2.2945494440941760e-05
7.0922707253522413e-04 -1.6399999999999336e-03 0.0000000000000000e+00 0.0000000000000000e+00 1.6310066771671963e+00 2.3515558232923395e-05
7.1787618317589751e-04 -1.6599999999999282e-03 0.0000000000000000e+00 0.0000000000000000e+00 1.6310061575346977e+00 2.4092617081891349e-05
7.2652529381657090e-04 -1.6799999999999233e-03 0.0000000000000000e+00 0.0000000000000000e+00 1.6310056379042015e+00 2.4676670997766504e-05
7.3517440445724429e-04 -1.6999999999999175e-03 0.0000000000000000e+00 0.0000000000000000e+00 1.6310051182770089e+00 2.5267719990469731e-05
7.4382351509791767e-04 -1.7199999999999104e-03 0.0000000000000000e+00 0.0000000000000000e+00 1.6310045986520574e+00 2.5865764069921913e-05
7.5247262573859106e-04 -1.7399999999999018e-03 0.0000000000000000e+00 0.0000000000000000e+00 1.6310040790295057e+00 2.6470803246043944e-05
7.6112173637926444e-04 -1.7599999999998951e-03 0.0000000000000000e+00 0.0000000000000000e+00 1.6310035594100838e+00 2.7082837528756799e-05
7.6977084701993783e-04 -1.7799999999998887e-03 0.0000000000000000e+00 0.0000000000000000e+00 1.6310030397928024e+00 2.7701866927981345e-05
7.7841995766061121e-04 -1.7999999999998829e-03 0.0000000000000000e+00 0.0000000000000000e+00 1.6310025201780527e+00 2.8327891453638485e-05
7.8706906830128460e-04 -1.8199999999998784e-03 0.0000000000000000e+00 0.0000000000000000e+00 1.6310020005663517e+00 2.8960911115649134e-05
7.9571817894195799e-04 -1.8399999999998721e-03 0.0000000000000000e+00 0.0000000000000000e+00 1.6310014809567044e+00 2.9600925923934104e-05
8.0436728958263137e-04 -1.8599999999998665e-03 0.0000000000000000e+00 0.0000000000000000e+00 1.6310009613497445e+00 3.0247935888414357e-05
8.1301640022330476e-04 -1.8799999999998590e-03 0.0000000000000000e+00 0.0000000000000000e+00 1.6310004417457942e+00 3.0901941019010728e-05
8.2166551086397814e-04 -1.8999999999998508e-03 0.0000000000000000e+00 0.0000000000000000e+00 1.6309999221439044e+00 3.1562941325644128e-05
8.3031462150465153e-04 -1.9199999999998413e-03 0.0000000000000000e+00 0.0000000000000000e+00 1.6309994025447359e+00 3.2230936818235448e-05
8.3896373214532491e-04 -1.9399999999998327e-03 0.0000000000000000e+00 0.0000000000000000e+00 1.6309988829485058e+00 3.2905927506705646e-05
8.4761284278599830e-04 -1.9599999999998256e-03 0.0000000000000000e+00 0.0000000000000000e+00 1.6309983633544474e+00 3.3587913400975639e-05
8.5626195342667169e-04 -1.9799999999998187e-03 0.0000000000000000e+00 0.0000000000000000e+00 1.6309978437628720e+00 3.4276894510966290e-05
8.6491106406734507e-04 -1.9999999999998110e-03 0.0000000000000000e+00 0.0000000000000000e+00 1.6309973241744309e+00 3.4972870846598456e-05
