8.6491106406735161e-06 -2.0000000000000022e-05 0.0000000000000000e+00 0.0000000000000000e+00 1.6310489341606782e+00 3.4971228866281888e-09
1.7298221281347032e-05 -4.0000000000000044e-05 0.0000000000000000e+00 0.0000000000000000e+00 1.6310485725703987e+00 1.3988496147508406e-08
2.5947331922020550e-05 -6.0000000000000035e-05 0.0000000000000000e+00 0.0000000000000000e+00 1.6310482109450763e+00 3.1474126684134094e-08
3.4596442562694071e-05 -7.9999999999999966e-05 0.0000000000000000e+00 0.0000000000000000e+00 1.6310478493132687e+00 5.5954021397998662e-08
4.3245553203367592e-05 -9.9999999999999937e-05 0.0000000000000000e+00 0.0000000000000000e+00 1.6310474876861456e+00 8.7428187190595698e-08
5.1894663844041114e-05 -1.1999999999999981e-04 0.0000000000000000e+00 0.0000000000000000e+00 1.6310471260660422e+00 1.2589663096341846e-07
6.0543774484714635e-05 -1.3999999999999953e-04 0.0000000000000000e+00 0.0000000000000000e+00 1.6310467644399442e+00 1.7135935961796016e-07
6.9192885125388156e-05 -1.5999999999999936e-04 0.0000000000000000e+00 0.0000000000000000e+00 1.6310464028216916e+00 2.2381638005571486e-07
7.7841995766061677e-05 -1.7999999999999925e-04 0.0000000000000000e+00 0.0000000000000000e+00 1.6310460411972620e+00 2.8326769917817596e-07
8.6491106406735198e-05 -1.9999999999999912e-04 0.0000000000000000e+00 0.0000000000000000e+00 1.6310456795777057e+00 3.4971332388683668e-07
9.5140217047408719e-05 -2.1999999999999917e-04 0.0000000000000000e+00 0.0000000000000000e+00 1.6310453179592355e+00 4.2315326108319123e-07
1.0378932768808224e-04 -2.3999999999999900e-04 0.0000000000000000e+00 0.0000000000000000e+00 1.6310449563436042e+00 5.0358751766873195e-07
1.1243843832875576e-04 -2.5999999999999889e-04 0.0000000000000000e+00 0.0000000000000000e+00 1.6310445947284793e+00 5.9101610054495272e-07
1.2108754896942928e-04 -2.7999999999999884e-04 0.0000000000000000e+00 0.0000000000000000e+00 1.6310442331111878e+00 6.8543901661334768e-07
1.2973665961010279e-04 -2.9999999999999884e-04 0.0000000000000000e+00 0.0000000000000000e+00 1.6310438714999662e+00 7.8685627277540977e-07
1.3838577025077628e-04 -3.1999999999999910e-04 0.0000000000000000e+00 0.0000000000000000e+00 1.6310435098854599e+00 8.9526787593263406e-07
1.4703488089144978e-04 -3.3999999999999910e-04 0.0000000000000000e+00 0.0000000000000000e+00 1.6310431482748846e+00 1.0106738329865112e-06
1.5568399153212327e-04 -3.5999999999999899e-04 0.0000000000000000e+00 0.0000000000000000e+00 1.6310427866662611e+00 1.1330741508385353e-06
1.6433310217279677e-04 -3.7999999999999899e-04 0.0000000000000000e+00 0.0000000000000000e+00 1.6310424250567801e+00 1.2624688363902008e-06
1.7298221281347026e-04 -3.9999999999999883e-04 0.0000000000000000e+00 0.0000000000000000e+00 1.6310420634483636e+00 1.3988578965430000e-06
1.8163132345414376e-04 -4.1999999999999910e-04 0.0000000000000000e+00 0.0000000000000000e+00 1.6310417018420686e+00 1.5422413381984302e-06
1.9028043409481725e-04 -4.3999999999999974e-04 0.0000000000000000e+00 0.0000000000000000e+00 1.6310413402373918e+00 1.6926191682579842e-06
1.9892954473549074e-04 -4.6000000000000012e-04 0.0000000000000000e+00 0.0000000000000000e+00 1.6310409786339999e+00 1.8499913936231521e-06
2.0757865537616424e-04 -4.8000000000000055e-04 0.0000000000000000e+00 0.0000000000000000e+00 1.6310406170313674e+00 2.0143580211954289e-06
2.1622776601683773e-04 -5.0000000000000088e-04 0.0000000000000000e+00 0.0000000000000000e+00 1.6310402554302343e+00 2.1857190578763069e-06
2.2487687665751123e-04 -5.2000000000000115e-04 0.0000000000000000e+00 0.0000000000000000e+00 1.6310398938299429e+00 2.3640745105672809e-06
2.3352598729818472e-04 -5.4000000000000098e-04 0.0000000000000000e+00 0.0000000000000000e+00 1.6310395322312392e+00 2.5494243861698393e-06
2.4217509793885821e-04 -5.6000000000000049e-04 0.0000000000000000e+00 0.0000000000000000e+00 1.6310391706338634e+00 2.7417686915854770e-06
2.5082420857953171e-04 -5.8000000000000044e-04 0.0000000000000000e+00 0.0000000000000000e+00 1.6310388090382246e+00 2.9411074337156944e-06
2.5947331922020520e-04 -6.0000000000000038e-04 0.0000000000000000e+00 0.0000000000000000e+00 1.6310384474437747e+00 3.1474406194619817e-06
2.6812242986087870e-04 -6.2000000000000033e-04 0.0000000000000000e+00 0.0000000000000000e+00 1.6310380858499696e+00 3.3607682557258312e-06
2.7677154050155219e-04 -6.4000000000000016e-04 0.0000000000000000e+00 0.0000000000000000e+00 1.6310377242570475e+00 3.5810903494087365e-06
2.8542065114222568e-04 -6.5999999999999978e-04 0.0000000000000000e+00 0.0000000000000000e+00 1.6310373626652721e+00 3.8084069074121878e-06
2.9406976178289918e-04 -6.7999999999999918e-04 0.0000000000000000e+00 0.0000000000000000e+00 1.6310370010757389e+00 4.0427179366376812e-06
3.0271887242357267e-04 -6.9999999999999923e-04 0.0000000000000000e+00 0.0000000000000000e+00 1.6310366394876215e+00 4.2840234439867167e-06
3.1136798306424617e-04 -7.1999999999999896e-04 0.0000000000000000e+00 0.0000000000000000e+00 1.6310362778994261e+00 4.5323234363607798e-06
3.2001709370491966e-04 -7.3999999999999815e-04 0.0000000000000000e+00 0.0000000000000000e+00 1.6310359163129458e+00 4.7876179206613603e-06
3.2866620434559315e-04 -7.5999999999999755e-04 0.0000000000000000e+00 0.0000000000000000e+00 1.6310355547289046e+00 5.0499069037899589e-06
3.3731531498626665e-04 -7.7999999999999706e-04 0.0000000000000000e+00 0.0000000000000000e+00 1.6310351931449256e+00 5.3191903926480697e-06
3.4596442562694014e-04 -7.9999999999999646e-04 0.0000000000000000e+00 0.0000000000000000e+00 1.6310348315617869e+00 5.5954683941371833e-06
3.5461353626761364e-04 -8.1999999999999565e-04 0.0000000000000000e+00 0.0000000000000000e+00 1.6310344699813566e+00 5.8787409151587903e-06
3.6326264690828713e-04 -8.3999999999999461e-04 0.0000000000000000e+00 0.0000000000000000e+00 1.6310341084011131e+00 6.1690079626143865e-06
3.7191175754896062e-04 -8.5999999999999282e-04 0.0000000000000000e+00 0.0000000000000000e+00 1.6310337468220273e+00 6.4662695434054556e-06
3.8056086818963412e-04 -8.7999999999999125e-04 0.0000000000000000e+00 0.0000000000000000e+00 1.6310333852452645e+00 6.7705256644335036e-06
3.8920997883030761e-04 -8.9999999999999054e-04 0.0000000000000000e+00 0.0000000000000000e+00 1.6310330236683412e+00 7.0817763326000346e-06
3.9785908947098111e-04 -9.1999999999998973e-04 0.0000000000000000e+00 0.0000000000000000e+00 1.6310326620939466e+00 7.4000215548065290e-06
4.0650820011165460e-04 -9.3999999999998815e-04 0.0000000000000000e+00 0.0000000000000000e+00 1.6310323005200567e+00 7.7252613379544691e-06
4.1515731075232810e-04 -9.5999999999998593e-04 0.0000000000000000e+00 0.0000000000000000e+00 1.6310319389472252e+00 8.0574956889453523e-06
4.2380642139300159e-04 -9.7999999999998284e-04 0.0000000000000000e+00 0.0000000000000000e+00 1.6310315773765856e+00 8.3967246146806640e-06
4.3245553203367508e-04 -9.9999999999998051e-04 0.0000000000000000e+00 0.0000000000000000e+00 1.6310312158059153e+00 8.7429481220619287e-06
4.4110464267434858e-04 -1.0199999999999786e-03 0.0000000000000000e+00 0.0000000000000000e+00 1.6310308542379135e+00 9.0961662179906271e-06
4.4975375331502207e-04 -1.0399999999999767e-03 0.0000000000000000e+00 0.0000000000000000e+00 1.6310304926698331e+00 9.4563789093682495e-06
4.5840286395569557e-04 -1.0599999999999744e-03 0.0000000000000000e+00 0.0000000000000000e+00 1.6310301311042121e+00 9.8235862030962851e-06
4.6705197459636906e-04 -1.0799999999999723e-03 0.0000000000000000e+00 0.0000000000000000e+00 1.6310297695386409e+00 1.0197788106076236e-05
4.7570108523704255e-04 -1.0999999999999704e-03 0.0000000000000000e+00 0.0000000000000000e+00 1.6310294079754342e+00 1.0578984625209592e-05
4.8435019587771605e-04 -1.1199999999999695e-03 0.0000000000000000e+00 0.0000000000000000e+00 1.6310290464125556e+00 1.0967175767397868e-05
4.9299930651838949e-04 -1.1399999999999681e-03 0.0000000000000000e+00 0.0000000000000000e+00 1.6310286848518183e+00 1.1362361539542523e-05
5.0164841715906287e-04 -1.1599999999999662e-03 0.0000000000000000e+00 0.0000000000000000e+00 1.6310283232912770e+00 1.1764541948545060e-05
5.1029752779973626e-04 -1.1799999999999636e-03 0.0000000000000000e+00 0.0000000000000000e+00 1.6310279617331118e+00 1.2173717001306960e-05
5.1894663844040964e-04 -1.1999999999999600e-03 0.0000000000000000e+00 0.0000000000000000e+00 1.6310276001751254e+00 1.2589886704729713e-05
5.2759574908108303e-04 -1.2199999999999570e-03 0.0000000000000000e+00 0.0000000000000000e+00 1.6310272386194540e+00 1.3013051065714844e-05
5.3624485972175642e-04 -1.2399999999999529e-03 0.0000000000000000e+00 0.0000000000000000e+00 1.6310268770639260e+00 1.3443210091163809e-05
5.4489397036242980e-04 -1.2599999999999489e-03 0.0000000000000000e+00 0.0000000000000000e+00 1.6310265155107622e+00 1.3880363787978128e-05
5.5354308100310319e-04 -1.2799999999999450e-03 0.0000000000000000e+00 0.0000000000000000e+00 1.6310261539577562e+00 1.4324512163059298e-05
5.6219219164377657e-04 -1.2999999999999407e-03 0.0000000000000000e+00 0.0000000000000000e+00 1.6310257924069655e+00 1.4775655223308797e-05
5.7084130228444996e-04 -1.3199999999999354e-03 0.0000000000000000e+00 0.0000000000000000e+00 1.6310254308566912e+00 1.5233792975628103e-05
5.7949041292512334e-04 -1.3399999999999302e-03 0.0000000000000000e+00 0.0000000000000000e+00 1.6310250693081620e+00 1.5698925426918742e-05
5.8813952356579673e-04 -1.3599999999999257e-03 0.0000000000000000e+00 0.0000000000000000e+00 1.6310247077608497e+00 1.6171052584082208e-05
5.9678863420647012e-04 -1.3799999999999221e-03 0.0000000000000000e+00 0.0000000000000000e+00 1.6310243462143428e+00 1.6650174454020008e-05
6.0543774484714350e-04 -1.3999999999999172e-03 0.0000000000000000e+00 0.0000000000000000e+00 1.6310239846697769e+00 1.7136291043633584e-05
6.1408685548781689e-04 -1.4199999999999114e-03 0.0000000000000000e+00 0.0000000000000000e+00 1.6310236231255499e+00 1.7629402359824444e-05
6.2273596612849027e-04 -1.4399999999999060e-03 0.0000000000000000e+00 0.0000000000000000e+00 1.6310232615834792e+00 1.8129508409494106e-05
6.3138507676916366e-04 -1.4599999999998991e-03 0.0000000000000000e+00 0.0000000000000000e+00 1.6310229000420517e+00 1.8636609199544010e-05
6.4003418740983704e-04 -1.4799999999998911e-03 0.0000000000000000e+00 0.0000000000000000e+00 1.6310225385021180e+00 1.9150704736875673e-05
6.4868329805051043e-04 -1.4999999999998797e-03 0.0000000000000000e+00 0.0000000000000000e+00 1.6310221769637232e+00 1.9671795028390525e-05
6.5733240869118382e-04 -1.5199999999998695e-03 0.0000000000000000e+00 0.0000000000000000e+00 1.6310218154257801e+00 2.0199880080990168e-05
6.6598151933185720e-04 -1.5399999999998585e-03 0.0000000000000000e+00 0.0000000000000000e+00 1.6310214538899901e+00 2.0734959901576053e-05
6.7463062997253059e-04 -1.5599999999998488e-03 0.0000000000000000e+00 0.0000000000000000e+00 1.6310210923548438e+00 2.1277034497049714e-05
6.8327974061320397e-04 -1.5799999999998393e-03 0.0000000000000000e+00 0.0000000000000000e+00 1.6310207308210134e+00 2.1826103874312618e-05
6.9192885125387736e-04 -1.5999999999998314e-03 0.0000000000000000e+00 0.0000000000000000e+00 1.6310203692889207e+00 2.2382168040266303e-05
7.0057796189455074e-04 -1.6199999999998219e-03 0.0000000000000000e+00 0.0000000000000000e+00 1.6310200077572972e+00 2.2945227001812189e-05
7.0922707253522413e-04 -1.6399999999998120e-03 0.0000000000000000e+00 0.0000000000000000e+00 1.6310196462275772e+00 2.3515280765851778e-05
7.1787618317589751e-04 -1.6599999999998029e-03 0.0000000000000000e+00 0.0000000000000000e+00 1.6310192846990330e+00 2.4092329339286608e-05
7.2652529381657090e-04 -1.6799999999997949e-03 0.0000000000000000e+00 0.0000000000000000e+00 1.6310189231711612e+00 2.4676372729018181e-05
7.3517440445724429e-04 -1.6999999999997883e-03 0.0000000000000000e+00 0.0000000000000000e+00 1.6310185616452615e+00 2.5267410941947992e-05
7.4382351509791767e-04 -1.7199999999997799e-03 0.0000000000000000e+00 0.0000000000000000e+00 1.6310182001202689e+00 2.5865443984977456e-05
7.5247262573859106e-04 -1.7399999999997704e-03 0.0000000000000000e+00 0.0000000000000000e+00 1.6310178385963472e+00 2.6470471865008082e-05
7.6112173637926444e-04 -1.7599999999997594e-03 0.0000000000000000e+00 0.0000000000000000e+00 1.6310174770742227e+00 2.7082494588941355e-05
7.6977084701993783e-04 -1.7799999999997488e-03 0.0000000000000000e+00 0.0000000000000000e+00 1.6310171155529047e+00 2.7701512163678816e-05
7.7841995766061121e-04 -1.7999999999997387e-03 0.0000000000000000e+00 0.0000000000000000e+00 1.6310167540327907e+00 2.8327524596121956e-05
7.8706906830128460e-04 -1.8199999999997296e-03 0.0000000000000000e+00 0.0000000000000000e+00 1.6310163925143919e+00 2.8960531893172295e-05
7.9571817894195799e-04 -1.8399999999997192e-03 0.0000000000000000e+00 0.0000000000000000e+00 1.6310160309967141e+00 2.9600534061731255e-05
8.0436728958263137e-04 -1.8599999999997085e-03 0.0000000000000000e+00 0.0000000000000000e+00 1.6310156694803948e+00 3.0247531108700358e-05
8.1301640022330476e-04 -1.8799999999996975e-03 0.0000000000000000e+00 0.0000000000000000e+00 1.6310153079657519e+00 3.0901523040981099e-05
8.2166551086397814e-04 -1.8999999999996854e-03 0.0000000000000000e+00 0.0000000000000000e+00 1.6310149464518375e+00 3.1562509865474948e-05
8.3031462150465153e-04 -1.9199999999996748e-03 0.0000000000000000e+00 0.0000000000000000e+00 1.6310145849393149e+00 3.2230491589083467e-05
8.3896373214532491e-04 -1.9399999999996657e-03 0.0000000000000000e+00 0.0000000000000000e+00 1.6310142234283986e+00 3.2905468218708160e-05
8.4761284278599830e-04 -1.9599999999996565e-03 0.0000000000000000e+00 0.0000000000000000e+00 1.6310138619183210e+00 3.3587439761250461e-05
8.5626195342667169e-04 -1.9799999999996478e-03 0.0000000000000000e+00 0.0000000000000000e+00 1.6310135004093977e+00 3.4276406223611900e-05
8.6491106406734507e-04 -1.9999999999996375e-03 0.0000000000000000e+00 0.0000000000000000e+00 1.6310131389022771e+00 3.4972367612693897e-05
