3.2712408094613084e-06 -1.9999999999999998e-05 0.0000000000000000e+00 0.0000000000000000e+00 1.9273817389625083e+00 2.1847610522762688e-09
6.5424816189226167e-06 -4.0000000000000003e-05 0.0000000000000000e+00 0.0000000000000000e+00 1.9273816575718175e+00 8.7390446032422228e-09
9.8137224283839255e-06 -6.0000000000000002e-05 0.0000000000000000e+00 0.0000000000000000e+00 1.9273815761723472e+00 1.9662851244103571e-08
1.3084963237845235e-05 -7.9999999999999979e-05 0.0000000000000000e+00 0.0000000000000000e+00 1.9273814947604067e+00 3.4956181566066024e-08
1.6356204047306545e-05 -9.9999999999999964e-05 0.0000000000000000e+00 0.0000000000000000e+00 1.9273814133704217e+00 5.4619036160335309e-08
1.9627444856767854e-05 -1.1999999999999995e-04 0.0000000000000000e+00 0.0000000000000000e+00 1.9273813319635247e+00 7.8651415618117122e-08
2.2898685666229164e-05 -1.3999999999999993e-04 0.0000000000000000e+00 0.0000000000000000e+00 1.9273812505678691e+00 1.0705332053061721e-07
2.6169926475690474e-05 -1.5999999999999993e-04 0.0000000000000000e+00 0.0000000000000000e+00 1.9273811691623008e+00 1.3982475148904129e-07
2.9441167285151783e-05 -1.7999999999999996e-04 0.0000000000000000e+00 0.0000000000000000e+00 1.9273810877619784e+00 1.7696570908459514e-07
3.2712408094613096e-05 -1.9999999999999996e-04 0.0000000000000000e+00 0.0000000000000000e+00 1.9273810063621561e+00 2.1847619390848433e-07
3.5983648904074406e-05 -2.1999999999999995e-04 0.0000000000000000e+00 0.0000000000000000e+00 1.9273809249612357e+00 2.6435620655191467e-07
3.9254889713535716e-05 -2.3999999999999992e-04 0.0000000000000000e+00 0.0000000000000000e+00 1.9273808435644970e+00 3.1460574760609179e-07
4.2526130522997025e-05 -2.5999999999999987e-04 0.0000000000000000e+00 0.0000000000000000e+00 1.9273807621635450e+00 3.6922481766222139e-07
4.5797371332458335e-05 -2.7999999999999987e-04 0.0000000000000000e+00 0.0000000000000000e+00 1.9273806807641660e+00 4.2821341731150944e-07
4.9068612141919644e-05 -2.9999999999999987e-04 0.0000000000000000e+00 0.0000000000000000e+00 1.9273805993650168e+00 4.9157154714516144e-07
5.2339852951380954e-05 -3.1999999999999992e-04 0.0000000000000000e+00 0.0000000000000000e+00 1.9273805179678269e+00 5.5929920775438350e-07
5.5611093760842264e-05 -3.3999999999999992e-04 0.0000000000000000e+00 0.0000000000000000e+00 1.9273804365664504e+00 6.3139639973038059e-07
5.8882334570303573e-05 -3.5999999999999991e-04 0.0000000000000000e+00 0.0000000000000000e+00 1.9273803551688988e+00 7.0786312366435906e-07
6.2153575379764883e-05 -3.7999999999999997e-04 0.0000000000000000e+00 0.0000000000000000e+00 1.9273802737718306e+00 7.8869938014752438e-07
6.5424816189226193e-05 -4.0000000000000007e-04 0.0000000000000000e+00 0.0000000000000000e+00 1.9273801923745164e+00 8.7390516977108270e-07
6.8696056998687502e-05 -4.2000000000000013e-04 0.0000000000000000e+00 0.0000000000000000e+00 1.9273801109775661e+00 9.6348049312623907e-07
7.1967297808148812e-05 -4.4000000000000007e-04 0.0000000000000000e+00 0.0000000000000000e+00 1.9273800295803716e+00 1.0574253508041992e-06
7.5238538617610122e-05 -4.5999999999999991e-04 0.0000000000000000e+00 0.0000000000000000e+00 1.9273799481834550e+00 1.1557397433961682e-06
7.8509779427071431e-05 -4.7999999999999985e-04 0.0000000000000000e+00 0.0000000000000000e+00 1.9273798667868507e+00 1.2584236714933532e-06
8.1781020236532741e-05 -4.9999999999999990e-04 0.0000000000000000e+00 0.0000000000000000e+00 1.9273797853904495e+00 1.3654771356869599e-06
8.5052261045994050e-05 -5.1999999999999995e-04 0.0000000000000000e+00 0.0000000000000000e+00 1.9273797039943776e+00 1.4769001365681936e-06
8.8323501855455360e-05 -5.4000000000000012e-04 0.0000000000000000e+00 0.0000000000000000e+00 1.9273796225980671e+00 1.5926926747282606e-06
9.1594742664916670e-05 -5.6000000000000038e-04 0.0000000000000000e+00 0.0000000000000000e+00 1.9273795412017900e+00 1.7128547507583665e-06
9.4865983474377979e-05 -5.8000000000000065e-04 0.0000000000000000e+00 0.0000000000000000e+00 1.9273794598065030e+00 1.8373863652497167e-06
9.8137224283839289e-05 -6.0000000000000092e-04 0.0000000000000000e+00 0.0000000000000000e+00 1.9273793784125193e+00 1.9662875187935165e-06
1.0140846509330060e-04 -6.2000000000000130e-04 0.0000000000000000e+00 0.0000000000000000e+00 1.9273792970186101e+00 2.0995582119809733e-06
1.0467970590276191e-04 -6.4000000000000157e-04 0.0000000000000000e+00 0.0000000000000000e+00 1.9273792156236742e+00 2.2371984454032899e-06
1.0795094671222322e-04 -6.6000000000000184e-04 0.0000000000000000e+00 0.0000000000000000e+00 1.9273791342290603e+00 2.3792082196516740e-06
1.1122218752168453e-04 -6.8000000000000211e-04 0.0000000000000000e+00 0.0000000000000000e+00 1.9273790528359549e+00 2.5255875353173305e-06
1.1449342833114584e-04 -7.0000000000000238e-04 0.0000000000000000e+00 0.0000000000000000e+00 1.9273789714431990e+00 2.6763363929914660e-06
1.1776466914060715e-04 -7.2000000000000254e-04 0.0000000000000000e+00 0.0000000000000000e+00 1.9273788900496314e+00 2.8314547932652841e-06
1.2103590995006846e-04 -7.4000000000000270e-04 0.0000000000000000e+00 0.0000000000000000e+00 1.9273788086561139e+00 2.9909427367299921e-06
1.2430715075952977e-04 -7.6000000000000297e-04 0.0000000000000000e+00 0.0000000000000000e+00 1.9273787272646208e+00 3.1548002239767975e-06
1.2757839156899109e-04 -7.8000000000000313e-04 0.0000000000000000e+00 0.0000000000000000e+00 1.9273786458717139e+00 3.3230272555969029e-06
1.3084963237845241e-04 -8.0000000000000318e-04 0.0000000000000000e+00 0.0000000000000000e+00 1.9273785644792902e+00 3.4956238321815133e-06
1.3412087318791374e-04 -8.2000000000000323e-04 0.0000000000000000e+00 0.0000000000000000e+00 1.9273784830886607e+00 3.6725899543218378e-06
1.3739211399737506e-04 -8.4000000000000329e-04 0.0000000000000000e+00 0.0000000000000000e+00 1.9273784016964428e+00 3.8539256226090798e-06
1.4066335480683638e-04 -8.6000000000000334e-04 0.0000000000000000e+00 0.0000000000000000e+00 1.9273783203055508e+00 4.0396308376344457e-06
1.4393459561629771e-04 -8.8000000000000328e-04 0.0000000000000000e+00 0.0000000000000000e+00 1.9273782389149972e+00 4.2297055999891422e-06
1.4720583642575903e-04 -9.0000000000000323e-04 0.0000000000000000e+00 0.0000000000000000e+00 1.9273781575239251e+00 4.4241499102643722e-06
1.5047707723522035e-04 -9.2000000000000317e-04 0.0000000000000000e+00 0.0000000000000000e+00 1.9273780761346819e+00 4.6229637690513444e-06
1.5374831804468167e-04 -9.4000000000000322e-04 0.0000000000000000e+00 0.0000000000000000e+00 1.9273779947437826e+00 4.8261471769412640e-06
1.5701955885414300e-04 -9.6000000000000339e-04 0.0000000000000000e+00 0.0000000000000000e+00 1.9273779133550544e+00 5.0337001345253371e-06
1.6029079966360432e-04 -9.8000000000000344e-04 0.0000000000000000e+00 0.0000000000000000e+00 1.9273778319648598e+00 5.2456226423947690e-06
1.6356204047306564e-04 -1.0000000000000037e-03 0.0000000000000000e+00 0.0000000000000000e+00 1.9273777505765615e+00 5.4619147011407659e-06
1.6683328128252697e-04 -1.0200000000000042e-03 0.0000000000000000e+00 0.0000000000000000e+00 1.9273776691873168e+00 5.6825763113545356e-06
1.7010452209198829e-04 -1.0400000000000047e-03 0.0000000000000000e+00 0.0000000000000000e+00 1.9273775877993420e+00 5.9076074736272824e-06
1.7337576290144961e-04 -1.0600000000000052e-03 0.0000000000000000e+00 0.0000000000000000e+00 1.9273775064107643e+00 6.1370081885502092e-06
1.7664700371091094e-04 -1.0800000000000054e-03 0.0000000000000000e+00 0.0000000000000000e+00 1.9273774250229734e+00 6.3707784567145213e-06
1.7991824452037226e-04 -1.1000000000000057e-03 0.0000000000000000e+00 0.0000000000000000e+00 1.9273773436351442e+00 6.6089182787114246e-06
1.8318948532983358e-04 -1.1200000000000060e-03 0.0000000000000000e+00 0.0000000000000000e+00 1.9273772622482763e+00 6.8514276551321280e-06
1.8646072613929491e-04 -1.1400000000000060e-03 0.0000000000000000e+00 0.0000000000000000e+00 1.9273771808609002e+00 7.0983065865678325e-06
1.8973196694875623e-04 -1.1600000000000063e-03 0.0000000000000000e+00 0.0000000000000000e+00 1.9273770994744366e+00 7.3495550736097493e-06
1.9300320775821755e-04 -1.1800000000000068e-03 0.0000000000000000e+00 0.0000000000000000e+00 1.9273770180875187e+00 7.6051731168490852e-06
1.9627444856767888e-04 -1.2000000000000088e-03 0.0000000000000000e+00 0.0000000000000000e+00 1.9273769367020412e+00 7.8651607168770610e-06
1.9954568937714020e-04 -1.2200000000000108e-03 0.0000000000000000e+00 0.0000000000000000e+00 1.9273768553154818e+00 8.1295178742848657e-06
2.0281693018660152e-04 -1.2400000000000128e-03 0.0000000000000000e+00 0.0000000000000000e+00 1.9273767739305285e+00 8.3982445896637030e-06
2.0608817099606285e-04 -1.2600000000000150e-03 0.0000000000000000e+00 0.0000000000000000e+00 1.9273766925445945e+00 8.6713408636047832e-06
2.0935941180552417e-04 -1.2800000000000175e-03 0.0000000000000000e+00 0.0000000000000000e+00 1.9273766111601971e+00 8.9488066966993116e-06
2.1263065261498549e-04 -1.3000000000000201e-03 0.0000000000000000e+00 0.0000000000000000e+00 1.9273765297749947e+00 9.2306420895384934e-06
2.1590189342444682e-04 -1.3200000000000230e-03 0.0000000000000000e+00 0.0000000000000000e+00 1.9273764483907305e+00 9.5168470427135357e-06
2.1917313423390814e-04 -1.3400000000000256e-03 0.0000000000000000e+00 0.0000000000000000e+00 1.9273763670069652e+00 9.8074215568156387e-06
2.2244437504336946e-04 -1.3600000000000283e-03 0.0000000000000000e+00 0.0000000000000000e+00 1.9273762856226424e+00 1.0102365632436006e-05
2.2571561585283078e-04 -1.3800000000000307e-03 0.0000000000000000e+00 0.0000000000000000e+00 1.9273762042396059e+00 1.0401679270165848e-05
2.2898685666229211e-04 -1.4000000000000329e-03 0.0000000000000000e+00 0.0000000000000000e+00 1.9273761228559281e+00 1.0705362470596364e-05
2.3225809747175343e-04 -1.4200000000000354e-03 0.0000000000000000e+00 0.0000000000000000e+00 1.9273760414732204e+00 1.1013415234318769e-05
2.3552933828121475e-04 -1.4400000000000376e-03 0.0000000000000000e+00 0.0000000000000000e+00 1.9273759600906069e+00 1.1325837561924261e-05
2.3880057909067608e-04 -1.4600000000000396e-03 0.0000000000000000e+00 0.0000000000000000e+00 1.9273758787078503e+00 1.1642629454004048e-05
2.4207181990013740e-04 -1.4800000000000418e-03 0.0000000000000000e+00 0.0000000000000000e+00 1.9273757973263632e+00 1.1963790911149338e-05
2.4534306070959872e-04 -1.5000000000000438e-03 0.0000000000000000e+00 0.0000000000000000e+00 1.9273757159441087e+00 1.2289321933951332e-05
2.4861430151906002e-04 -1.5200000000000456e-03 0.0000000000000000e+00 0.0000000000000000e+00 1.9273756345628599e+00 1.2619222523001240e-05
2.5188554232852132e-04 -1.5400000000000476e-03 0.0000000000000000e+00 0.0000000000000000e+00 1.9273755531818881e+00 1.2953492678890267e-05
2.5515678313798261e-04 -1.5600000000000494e-03 0.0000000000000000e+00 0.0000000000000000e+00 1.9273754718004006e+00 1.3292132402209614e-05
2.5842802394744391e-04 -1.5800000000000512e-03 0.0000000000000000e+00 0.0000000000000000e+00 1.9273753904202151e+00 1.3635141693550496e-05
2.6169926475690520e-04 -1.6000000000000530e-03 0.0000000000000000e+00 0.0000000000000000e+00 1.9273753090397807e+00 1.3982520553504112e-05
2.6497050556636650e-04 -1.6200000000000546e-03 0.0000000000000000e+00 0.0000000000000000e+00 1.9273752276593932e+00 1.4334268982661669e-05
2.6824174637582780e-04 -1.6400000000000559e-03 0.0000000000000000e+00 0.0000000000000000e+00 1.9273751462801154e+00 1.4690386981614369e-05
2.7151298718528909e-04 -1.6600000000000570e-03 0.0000000000000000e+00 0.0000000000000000e+00 1.9273750649004660e+00 1.5050874550953415e-05
2.7478422799475039e-04 -1.6800000000000580e-03 0.0000000000000000e+00 0.0000000000000000e+00 1.9273749835211493e+00 1.5415731691270019e-05
2.7805546880421168e-04 -1.7000000000000587e-03 0.0000000000000000e+00 0.0000000000000000e+00 1.9273749021426660e+00 1.5784958403155384e-05
2.8132670961367298e-04 -1.7200000000000596e-03 0.0000000000000000e+00 0.0000000000000000e+00 1.9273748207637158e+00 1.6158554687200722e-05
2.8459795042313428e-04 -1.7400000000000607e-03 0.0000000000000000e+00 0.0000000000000000e+00 1.9273747393853633e+00 1.6536520543997242e-05
2.8786919123259557e-04 -1.7600000000000616e-03 0.0000000000000000e+00 0.0000000000000000e+00 1.9273746580077515e+00 1.6918855974136135e-05
2.9114043204205687e-04 -1.7800000000000623e-03 0.0000000000000000e+00 0.0000000000000000e+00 1.9273745766295631e+00 1.7305560978208613e-05
2.9441167285151817e-04 -1.8000000000000628e-03 0.0000000000000000e+00 0.0000000000000000e+00 1.9273744952521599e+00 1.7696635556805881e-05
2.9768291366097946e-04 -1.8200000000000633e-03 0.0000000000000000e+00 0.0000000000000000e+00 1.9273744138754307e+00 1.8092079710519153e-05
3.0095415447044076e-04 -1.8400000000000636e-03 0.0000000000000000e+00 0.0000000000000000e+00 1.9273743324982497e+00 1.8491893439939618e-05
3.0422539527990205e-04 -1.8600000000000643e-03 0.0000000000000000e+00 0.0000000000000000e+00 1.9273742511216818e+00 1.8896076745658504e-05
3.0749663608936335e-04 -1.8800000000000646e-03 0.0000000000000000e+00 0.0000000000000000e+00 1.9273741697457838e+00 1.9304629628266994e-05
3.1076787689882465e-04 -1.9000000000000648e-03 0.0000000000000000e+00 0.0000000000000000e+00 1.9273740883696273e+00 1.9717552088356312e-05
3.1403911770828594e-04 -1.9200000000000651e-03 0.0000000000000000e+00 0.0000000000000000e+00 1.9273740069936769e+00 2.0134844126517652e-05
3.1731035851774724e-04 -1.9400000000000656e-03 0.0000000000000000e+00 0.0000000000000000e+00 1.9273739256187052e+00 2.0556505743342229e-05
3.2058159932720853e-04 -1.9600000000000659e-03 0.0000000000000000e+00 0.0000000000000000e+00 1.9273738442434352e+00 2.0982536939421243e-05
3.2385284013666983e-04 -1.9800000000000659e-03 0.0000000000000000e+00 0.0000000000000000e+00 1.9273737628683725e+00 2.1412937715345894e-05
3.2712408094613113e-04 -2.0000000000000660e-03 0.0000000000000000e+00 0.0000000000000000e+00 1.9273736814940554e+00 2.1847708071707403e-05
