3.2712408094613084e-06 -2.0000000000000002e-05 0.0000000000000000e+00 0.0000000000000000e+00 1.9273817464601715e+00 2.1847610432007434e-09
6.5424816189226167e-06 -4.0000000000000003e-05 0.0000000000000000e+00 0.0000000000000000e+00 1.9273816725670929e+00 8.7390445306380128e-09
9.8137224283839255e-06 -6.0000000000000015e-05 0.0000000000000000e+00 0.0000000000000000e+00 1.9273815986651830e+00 1.9662850999064370e-08
1.3084963237845235e-05 -8.0000000000000034e-05 0.0000000000000000e+00 0.0000000000000000e+00 1.9273815247507526e+00 3.4956180985232384e-08
1.6356204047306545e-05 -1.0000000000000005e-04 0.0000000000000000e+00 0.0000000000000000e+00 1.9273814508582263e+00 5.4619035025894593e-08
1.9627444856767854e-05 -1.2000000000000004e-04 0.0000000000000000e+00 0.0000000000000000e+00 1.9273813769487369e+00 7.8651413657803560e-08
2.2898685666229164e-05 -1.4000000000000007e-04 0.0000000000000000e+00 0.0000000000000000e+00 1.9273813030504372e+00 1.0705331741771187e-07
2.6169926475690474e-05 -1.6000000000000009e-04 0.0000000000000000e+00 0.0000000000000000e+00 1.9273812291421744e+00 1.3982474684237210e-07
2.9441167285151783e-05 -1.8000000000000012e-04 0.0000000000000000e+00 0.0000000000000000e+00 1.9273811552391058e+00 1.7696570246853675e-07
3.2712408094613096e-05 -2.0000000000000012e-04 0.0000000000000000e+00 0.0000000000000000e+00 1.9273810813364867e+00 2.1847618483295834e-07
3.5983648904074406e-05 -2.2000000000000012e-04 0.0000000000000000e+00 0.0000000000000000e+00 1.9273810074327176e+00 2.6435619447238951e-07
3.9254889713535716e-05 -2.4000000000000014e-04 0.0000000000000000e+00 0.0000000000000000e+00 1.9273809335330787e+00 3.1460573192358282e-07
4.2526130522997025e-05 -2.6000000000000014e-04 0.0000000000000000e+00 0.0000000000000000e+00 1.9273808596291764e+00 3.6922479772329081e-07
4.5797371332458335e-05 -2.8000000000000014e-04 0.0000000000000000e+00 0.0000000000000000e+00 1.9273807857267955e+00 4.2821339240826593e-07
4.9068612141919644e-05 -3.0000000000000019e-04 0.0000000000000000e+00 0.0000000000000000e+00 1.9273807118245929e+00 4.9157151651526115e-07
5.2339852951380954e-05 -3.2000000000000030e-04 0.0000000000000000e+00 0.0000000000000000e+00 1.9273806379242990e+00 5.5929917058102875e-07
5.5611093760842264e-05 -3.4000000000000040e-04 0.0000000000000000e+00 0.0000000000000000e+00 1.9273805640197670e+00 6.3139635514232146e-07
5.8882334570303573e-05 -3.6000000000000056e-04 0.0000000000000000e+00 0.0000000000000000e+00 1.9273804901190090e+00 7.0786307073589185e-07
6.2153575379764883e-05 -3.8000000000000073e-04 0.0000000000000000e+00 0.0000000000000000e+00 1.9273804162186832e+00 7.8869931789849224e-07
6.5424816189226193e-05 -4.0000000000000089e-04 0.0000000000000000e+00 0.0000000000000000e+00 1.9273803423180602e+00 8.7390509716687541e-07
6.8696056998687502e-05 -4.2000000000000105e-04 0.0000000000000000e+00 0.0000000000000000e+00 1.9273802684177499e+00 9.6348040907779378e-07
7.1967297808148812e-05 -4.4000000000000121e-04 0.0000000000000000e+00 0.0000000000000000e+00 1.9273801945171440e+00 1.0574252541679998e-06
7.5238538617610122e-05 -4.6000000000000137e-04 0.0000000000000000e+00 0.0000000000000000e+00 1.9273801206167651e+00 1.1557396329742463e-06
7.8509779427071431e-05 -4.8000000000000153e-04 0.0000000000000000e+00 0.0000000000000000e+00 1.9273800467166480e+00 1.2584235460332856e-06
8.1781020236532741e-05 -5.0000000000000185e-04 0.0000000000000000e+00 0.0000000000000000e+00 1.9273799728166818e+00 1.3654769938818712e-06
8.5052261045994050e-05 -5.2000000000000223e-04 0.0000000000000000e+00 0.0000000000000000e+00 1.9273798989169943e+00 1.4768999770567552e-06
8.8323501855455360e-05 -5.4000000000000250e-04 0.0000000000000000e+00 0.0000000000000000e+00 1.9273798250170169e+00 1.5926924960946891e-06
9.1594742664916670e-05 -5.6000000000000266e-04 0.0000000000000000e+00 0.0000000000000000e+00 1.9273797511170216e+00 1.7128545515324256e-06
9.4865983474377979e-05 -5.8000000000000282e-04 0.0000000000000000e+00 0.0000000000000000e+00 1.9273796772179657e+00 1.8373861439067179e-06
9.8137224283839289e-05 -6.0000000000000287e-04 0.0000000000000000e+00 0.0000000000000000e+00 1.9273796033201613e+00 1.9662872737543176e-06
1.0140846509330060e-04 -6.2000000000000304e-04 0.0000000000000000e+00 0.0000000000000000e+00 1.9273795294223806e+00 2.0995579416119787e-06
1.0467970590276191e-04 -6.4000000000000330e-04 0.0000000000000000e+00 0.0000000000000000e+00 1.9273794555235222e+00 2.2371981480164545e-06
1.0795094671222322e-04 -6.6000000000000357e-04 0.0000000000000000e+00 0.0000000000000000e+00 1.9273793816249345e+00 2.3792078935044955e-06
1.1122218752168453e-04 -6.8000000000000384e-04 0.0000000000000000e+00 0.0000000000000000e+00 1.9273793077278045e+00 2.5255871786128553e-06
1.1449342833114584e-04 -7.0000000000000411e-04 0.0000000000000000e+00 0.0000000000000000e+00 1.9273792338309725e+00 2.6763360038782863e-06
1.1776466914060715e-04 -7.2000000000000438e-04 0.0000000000000000e+00 0.0000000000000000e+00 1.9273791599332777e+00 2.8314543698375414e-06
1.2103590995006846e-04 -7.4000000000000465e-04 0.0000000000000000e+00 0.0000000000000000e+00 1.9273790860355817e+00 2.9909422770273714e-06
1.2430715075952977e-04 -7.6000000000000503e-04 0.0000000000000000e+00 0.0000000000000000e+00 1.9273790121398591e+00 3.1547997259845322e-06
1.2757839156899109e-04 -7.8000000000000541e-04 0.0000000000000000e+00 0.0000000000000000e+00 1.9273789382426718e+00 3.3230267172457738e-06
1.3084963237845241e-04 -8.0000000000000578e-04 0.0000000000000000e+00 0.0000000000000000e+00 1.9273788643459164e+00 3.4956232513478491e-06
1.3412087318791374e-04 -8.2000000000000605e-04 0.0000000000000000e+00 0.0000000000000000e+00 1.9273787904509041e+00 3.6725893288275110e-06
1.3739211399737506e-04 -8.4000000000000632e-04 0.0000000000000000e+00 0.0000000000000000e+00 1.9273787165542520e+00 3.8539249502215107e-06
1.4066335480683638e-04 -8.6000000000000670e-04 0.0000000000000000e+00 0.0000000000000000e+00 1.9273786426588748e+00 4.0396301160666037e-06
1.4393459561629771e-04 -8.8000000000000697e-04 0.0000000000000000e+00 0.0000000000000000e+00 1.9273785687637845e+00 4.2297048268995395e-06
1.4720583642575903e-04 -9.0000000000000724e-04 0.0000000000000000e+00 0.0000000000000000e+00 1.9273784948681256e+00 4.4241490832570719e-06
1.5047707723522035e-04 -9.2000000000000762e-04 0.0000000000000000e+00 0.0000000000000000e+00 1.9273784209742439e+00 4.6229628856759556e-06
1.5374831804468167e-04 -9.4000000000000821e-04 0.0000000000000000e+00 0.0000000000000000e+00 1.9273783470786545e+00 4.8261462346929425e-06
1.5701955885414300e-04 -9.6000000000000870e-04 0.0000000000000000e+00 0.0000000000000000e+00 1.9273782731851858e+00 5.0336991308447822e-06
1.6029079966360432e-04 -9.8000000000000908e-04 0.0000000000000000e+00 0.0000000000000000e+00 1.9273781992901993e+00 5.2456215746682276e-06
1.6356204047306564e-04 -1.0000000000000096e-03 0.0000000000000000e+00 0.0000000000000000e+00 1.9273781253970579e+00 5.4619135667000351e-06
1.6683328128252697e-04 -1.0200000000000098e-03 0.0000000000000000e+00 0.0000000000000000e+00 1.9273780515029191e+00 5.6825751074769516e-06
1.7010452209198829e-04 -1.0400000000000101e-03 0.0000000000000000e+00 0.0000000000000000e+00 1.9273779776099991e+00 5.9076061975357326e-06
1.7337576290144961e-04 -1.0600000000000102e-03 0.0000000000000000e+00 0.0000000000000000e+00 1.9273779037164251e+00 6.1370068374131276e-06
1.7664700371091094e-04 -1.0800000000000102e-03 0.0000000000000000e+00 0.0000000000000000e+00 1.9273778298235866e+00 6.3707770276458930e-06
1.7991824452037226e-04 -1.1000000000000105e-03 0.0000000000000000e+00 0.0000000000000000e+00 1.9273777559306584e+00 6.6089167687707849e-06
1.8318948532983358e-04 -1.1200000000000107e-03 0.0000000000000000e+00 0.0000000000000000e+00 1.9273776820386410e+00 6.8514260613245497e-06
1.8646072613929491e-04 -1.1400000000000112e-03 0.0000000000000000e+00 0.0000000000000000e+00 1.9273776081460634e+00 7.0983049058439436e-06
1.8973196694875623e-04 -1.1600000000000117e-03 0.0000000000000000e+00 0.0000000000000000e+00 1.9273775342543489e+00 7.3495533028657178e-06
1.9300320775821755e-04 -1.1800000000000124e-03 0.0000000000000000e+00 0.0000000000000000e+00 1.9273774603621272e+00 7.6051712529266286e-06
1.9627444856767888e-04 -1.2000000000000146e-03 0.0000000000000000e+00 0.0000000000000000e+00 1.9273773864712955e+00 7.8651587565634442e-06
1.9954568937714020e-04 -1.2200000000000169e-03 0.0000000000000000e+00 0.0000000000000000e+00 1.9273773125793310e+00 8.1295158143128980e-06
2.0281693018660152e-04 -1.2400000000000191e-03 0.0000000000000000e+00 0.0000000000000000e+00 1.9273772386889205e+00 8.3982424267117430e-06
2.0608817099606285e-04 -1.2600000000000215e-03 0.0000000000000000e+00 0.0000000000000000e+00 1.9273771647974798e+00 8.6713385942967338e-06
2.0935941180552417e-04 -1.2800000000000240e-03 0.0000000000000000e+00 0.0000000000000000e+00 1.9273770909075232e+00 8.9488043176046215e-06
2.1263065261498549e-04 -1.3000000000000262e-03 0.0000000000000000e+00 0.0000000000000000e+00 1.9273770170167110e+00 9.2306395971721541e-06
2.1590189342444682e-04 -1.3200000000000282e-03 0.0000000000000000e+00 0.0000000000000000e+00 1.9273769431267860e+00 9.5168444335360844e-06
2.1917313423390814e-04 -1.3400000000000302e-03 0.0000000000000000e+00 0.0000000000000000e+00 1.9273768692373083e+00 9.8074188272331688e-06
2.2244437504336946e-04 -1.3600000000000322e-03 0.0000000000000000e+00 0.0000000000000000e+00 1.9273767953472232e+00 1.0102362778800160e-05
2.2571561585283078e-04 -1.3800000000000344e-03 0.0000000000000000e+00 0.0000000000000000e+00 1.9273767214583719e+00 1.0401676288773813e-05
2.2898685666229211e-04 -1.4000000000000368e-03 0.0000000000000000e+00 0.0000000000000000e+00 1.9273766475688285e+00 1.0705359357690882e-05
2.3225809747175343e-04 -1.4200000000000395e-03 0.0000000000000000e+00 0.0000000000000000e+00 1.9273765736802044e+00 1.1013411986088117e-05
2.3552933828121475e-04 -1.4400000000000419e-03 0.0000000000000000e+00 0.0000000000000000e+00 1.9273764997916234e+00 1.1325834174502267e-05
2.3880057909067608e-04 -1.4600000000000444e-03 0.0000000000000000e+00 0.0000000000000000e+00 1.9273764259028481e+00 1.1642625923470086e-05
2.4207181990013740e-04 -1.4800000000000468e-03 0.0000000000000000e+00 0.0000000000000000e+00 1.9273763520152913e+00 1.1963787233528325e-05
2.4534306070959872e-04 -1.5000000000000495e-03 0.0000000000000000e+00 0.0000000000000000e+00 1.9273762781269155e+00 1.2289318105213742e-05
2.4861430151906002e-04 -1.5200000000000523e-03 0.0000000000000000e+00 0.0000000000000000e+00 1.9273762042394953e+00 1.2619218539063089e-05
2.5188554232852132e-04 -1.5400000000000554e-03 0.0000000000000000e+00 0.0000000000000000e+00 1.9273761303523005e+00 1.2953488535613122e-05
2.5515678313798261e-04 -1.5600000000000587e-03 0.0000000000000000e+00 0.0000000000000000e+00 1.9273760564645379e+00 1.3292128095400590e-05
2.5842802394744391e-04 -1.5800000000000618e-03 0.0000000000000000e+00 0.0000000000000000e+00 1.9273759825780277e+00 1.3635137218962237e-05
2.6169926475690520e-04 -1.6000000000000649e-03 0.0000000000000000e+00 0.0000000000000000e+00 1.9273759086912163e+00 1.3982515906834823e-05
2.6497050556636650e-04 -1.6200000000000680e-03 0.0000000000000000e+00 0.0000000000000000e+00 1.9273758348044019e+00 1.4334264159555102e-05
2.6824174637582780e-04 -1.6400000000000709e-03 0.0000000000000000e+00 0.0000000000000000e+00 1.9273757609186453e+00 1.4690381977659816e-05
2.7151298718528909e-04 -1.6600000000000735e-03 0.0000000000000000e+00 0.0000000000000000e+00 1.9273756870324659e+00 1.5050869361685722e-05
2.7478422799475039e-04 -1.6800000000000760e-03 0.0000000000000000e+00 0.0000000000000000e+00 1.9273756131465682e+00 1.5415726312169571e-05
2.7805546880421168e-04 -1.7000000000000782e-03 0.0000000000000000e+00 0.0000000000000000e+00 1.9273755392614533e+00 1.5784952829648115e-05
2.8132670961367298e-04 -1.7200000000000802e-03 0.0000000000000000e+00 0.0000000000000000e+00 1.9273754653758199e+00 1.6158548914658112e-05
2.8459795042313428e-04 -1.7400000000000822e-03 0.0000000000000000e+00 0.0000000000000000e+00 1.9273753914907337e+00 1.6536514567736310e-05
2.8786919123259557e-04 -1.7600000000000838e-03 0.0000000000000000e+00 0.0000000000000000e+00 1.9273753176063368e+00 1.6918849789419456e-05
2.9114043204205687e-04 -1.7800000000000851e-03 0.0000000000000000e+00 0.0000000000000000e+00 1.9273752437213116e+00 1.7305554580244311e-05
2.9441167285151817e-04 -1.8000000000000863e-03 0.0000000000000000e+00 0.0000000000000000e+00 1.9273751698370214e+00 1.7696628940747621e-05
2.9768291366097946e-04 -1.8200000000000874e-03 0.0000000000000000e+00 0.0000000000000000e+00 1.9273750959533538e+00 1.8092072871466147e-05
3.0095415447044076e-04 -1.8400000000000887e-03 0.0000000000000000e+00 0.0000000000000000e+00 1.9273750220691832e+00 1.8491886372936647e-05
3.0422539527990205e-04 -1.8600000000000899e-03 0.0000000000000000e+00 0.0000000000000000e+00 1.9273749481855751e+00 1.8896069445695864e-05
3.0749663608936335e-04 -1.8800000000000912e-03 0.0000000000000000e+00 0.0000000000000000e+00 1.9273748743025849e+00 1.9304622090280551e-05
3.1076787689882465e-04 -1.9000000000000926e-03 0.0000000000000000e+00 0.0000000000000000e+00 1.9273748004192857e+00 1.9717544307227469e-05
3.1403911770828594e-04 -1.9200000000000942e-03 0.0000000000000000e+00 0.0000000000000000e+00 1.9273747265361412e+00 2.0134836097073365e-05
3.1731035851774724e-04 -1.9400000000000957e-03 0.0000000000000000e+00 0.0000000000000000e+00 1.9273746526539248e+00 2.0556497460354991e-05
3.2058159932720853e-04 -1.9600000000000966e-03 0.0000000000000000e+00 0.0000000000000000e+00 1.9273745787713588e+00 2.0982528397609091e-05
3.2385284013666983e-04 -1.9800000000000980e-03 0.0000000000000000e+00 0.0000000000000000e+00 1.9273745048889486e+00 2.1412928909372430e-05
3.2712408094613113e-04 -2.0000000000000994e-03 0.0000000000000000e+00 0.0000000000000000e+00 1.9273744310072332e+00 2.1847698996181760e-05
