8.6491106406735161e-06 -1.9999999999999988e-05 0.0000000000000000e+00 0.0000000000000000e+00 1.6310490396363451e+00 3.4971225511389119e-09
1.7298221281347032e-05 -3.9999999999999983e-05 0.0000000000000000e+00 0.0000000000000000e+00 1.6310487835211087e+00 1.3988493463594235e-08
2.5947331922020550e-05 -6.0000000000000002e-05 0.0000000000000000e+00 0.0000000000000000e+00 1.6310485273702053e+00 3.1474117625923879e-08
3.4596442562694071e-05 -8.0000000000000034e-05 0.0000000000000000e+00 0.0000000000000000e+00 1.6310482712121932e+00 5.5953999926685724e-08
4.3245553203367592e-05 -9.9999999999999978e-05 0.0000000000000000e+00 0.0000000000000000e+00 1.6310480150582416e+00 8.7428145254437491e-08
5.1894663844041114e-05 -1.1999999999999994e-04 0.0000000000000000e+00 0.0000000000000000e+00 1.6310477589106862e+00 1.2589655849773720e-07
6.0543774484714635e-05 -1.3999999999999988e-04 0.0000000000000000e+00 0.0000000000000000e+00 1.6310475027565121e+00 1.7135924454514263e-07
6.9192885125388156e-05 -1.5999999999999974e-04 0.0000000000000000e+00 0.0000000000000000e+00 1.6310472466095598e+00 2.2381620828521152e-07
7.7841995766061677e-05 -1.7999999999999950e-04 0.0000000000000000e+00 0.0000000000000000e+00 1.6310469904558067e+00 2.8326745460650163e-07
8.6491106406735198e-05 -1.9999999999999909e-04 0.0000000000000000e+00 0.0000000000000000e+00 1.6310467343063042e+00 3.4971298839757049e-07
9.5140217047408719e-05 -2.1999999999999868e-04 0.0000000000000000e+00 0.0000000000000000e+00 1.6310464781572629e+00 4.2315281454697636e-07
1.0378932768808224e-04 -2.3999999999999833e-04 0.0000000000000000e+00 0.0000000000000000e+00 1.6310462220104371e+00 5.0358693794327747e-07
1.1243843832875576e-04 -2.5999999999999813e-04 0.0000000000000000e+00 0.0000000000000000e+00 1.6310459658634946e+00 5.9101536347503203e-07
1.2108754896942928e-04 -2.7999999999999775e-04 0.0000000000000000e+00 0.0000000000000000e+00 1.6310457097137614e+00 6.8543809603079669e-07
1.2973665961010279e-04 -2.9999999999999759e-04 0.0000000000000000e+00 0.0000000000000000e+00 1.6310454535694749e+00 7.8685514049913083e-07
1.3838577025077628e-04 -3.1999999999999770e-04 0.0000000000000000e+00 0.0000000000000000e+00 1.6310451974212794e+00 8.9526650176859289e-07
1.4703488089144978e-04 -3.3999999999999791e-04 0.0000000000000000e+00 0.0000000000000000e+00 1.6310449412763921e+00 1.0106721847277402e-06
1.5568399153212327e-04 -3.5999999999999775e-04 0.0000000000000000e+00 0.0000000000000000e+00 1.6310446851328324e+00 1.1330721942651280e-06
1.6433310217279677e-04 -3.7999999999999780e-04 0.0000000000000000e+00 0.0000000000000000e+00 1.6310444289877910e+00 1.2624665352693175e-06
1.7298221281347026e-04 -3.9999999999999763e-04 0.0000000000000000e+00 0.0000000000000000e+00 1.6310441728431919e+00 1.3988552126288635e-06
1.8163132345414376e-04 -4.1999999999999714e-04 0.0000000000000000e+00 0.0000000000000000e+00 1.6310439167000903e+00 1.5422382312323237e-06
1.9028043409481725e-04 -4.3999999999999622e-04 0.0000000000000000e+00 0.0000000000000000e+00 1.6310436605579839e+00 1.6926155959682546e-06
1.9892954473549074e-04 -4.5999999999999514e-04 0.0000000000000000e+00 0.0000000000000000e+00 1.6310434044165383e+00 1.8499873117252155e-06
2.0757865537616424e-04 -4.7999999999999421e-04 0.0000000000000000e+00 0.0000000000000000e+00 1.6310431482752286e+00 2.0143533833917664e-06
2.1622776601683773e-04 -4.9999999999999285e-04 0.0000000000000000e+00 0.0000000000000000e+00 1.6310428921347944e+00 2.1857138158564612e-06
2.2487687665751123e-04 -5.1999999999999204e-04 0.0000000000000000e+00 0.0000000000000000e+00 1.6310426359945787e+00 2.3640686140078658e-06
2.3352598729818472e-04 -5.3999999999999068e-04 0.0000000000000000e+00 0.0000000000000000e+00 1.6310423798553271e+00 2.5494177827345279e-06
2.4217509793885821e-04 -5.5999999999998878e-04 0.0000000000000000e+00 0.0000000000000000e+00 1.6310421237167800e+00 2.7417613269250060e-06
2.5082420857953171e-04 -5.7999999999998688e-04 0.0000000000000000e+00 0.0000000000000000e+00 1.6310418675793461e+00 2.9410992514678616e-06
2.5947331922020520e-04 -5.9999999999998564e-04 0.0000000000000000e+00 0.0000000000000000e+00 1.6310416114424784e+00 3.1474315612516596e-06
2.6812242986087870e-04 -6.1999999999998471e-04 0.0000000000000000e+00 0.0000000000000000e+00 1.6310413553056324e+00 3.3607582611649539e-06
2.7677154050155219e-04 -6.3999999999998325e-04 0.0000000000000000e+00 0.0000000000000000e+00 1.6310410991690456e+00 3.5810793560962962e-06
2.8542065114222568e-04 -6.5999999999998178e-04 0.0000000000000000e+00 0.0000000000000000e+00 1.6310408430329815e+00 3.8083948509342477e-06
2.9406976178289918e-04 -6.7999999999998075e-04 0.0000000000000000e+00 0.0000000000000000e+00 1.6310405868985363e+00 4.0427047505673722e-06
3.0271887242357267e-04 -6.9999999999997907e-04 0.0000000000000000e+00 0.0000000000000000e+00 1.6310403307648849e+00 4.2840090598842134e-06
3.1136798306424617e-04 -7.1999999999997728e-04 0.0000000000000000e+00 0.0000000000000000e+00 1.6310400746305309e+00 4.5323077837733383e-06
3.2001709370491966e-04 -7.3999999999997549e-04 0.0000000000000000e+00 0.0000000000000000e+00 1.6310398184972681e+00 4.7876009271233036e-06
3.2866620434559315e-04 -7.5999999999997294e-04 0.0000000000000000e+00 0.0000000000000000e+00 1.6310395623658220e+00 5.0498884948226593e-06
3.3731531498626665e-04 -7.7999999999996952e-04 0.0000000000000000e+00 0.0000000000000000e+00 1.6310393062338155e+00 5.3191704917599593e-06
3.4596442562694014e-04 -7.9999999999996578e-04 0.0000000000000000e+00 0.0000000000000000e+00 1.6310390501020242e+00 5.5954469228237713e-06
3.5461353626761364e-04 -8.1999999999996128e-04 0.0000000000000000e+00 0.0000000000000000e+00 1.6310387939723188e+00 5.8787177929026444e-06
3.6326264690828713e-04 -8.3999999999995732e-04 0.0000000000000000e+00 0.0000000000000000e+00 1.6310385378421779e+00 6.1689831068851529e-06
3.7191175754896062e-04 -8.5999999999995412e-04 0.0000000000000000e+00 0.0000000000000000e+00 1.6310382817125697e+00 6.4662428696598577e-06
3.8056086818963412e-04 -8.7999999999995092e-04 0.0000000000000000e+00 0.0000000000000000e+00 1.6310380255846626e+00 6.7704970861153096e-06
3.8920997883030761e-04 -8.9999999999994837e-04 0.0000000000000000e+00 0.0000000000000000e+00 1.6310377694559719e+00 7.0817457611400711e-06
3.9785908947098111e-04 -9.1999999999994636e-04 0.0000000000000000e+00 0.0000000000000000e+00 1.6310375133291850e+00 7.3999888996227030e-06
4.0650820011165460e-04 -9.3999999999994533e-04 0.0000000000000000e+00 0.0000000000000000e+00 1.6310372572022815e+00 7.7252265064517696e-06
4.1515731075232810e-04 -9.5999999999994440e-04 0.0000000000000000e+00 0.0000000000000000e+00 1.6310370010758113e+00 8.0574585865158166e-06
4.2380642139300159e-04 -9.7999999999994272e-04 0.0000000000000000e+00 0.0000000000000000e+00 1.6310367449509116e+00 8.3966851447033862e-06
4.3245553203367508e-04 -9.9999999999994104e-04 0.0000000000000000e+00 0.0000000000000000e+00 1.6310364888253572e+00 8.7429061859030511e-06
4.4110464267434858e-04 -1.0199999999999404e-03 0.0000000000000000e+00 0.0000000000000000e+00 1.6310362327018482e+00 9.0961217150033840e-06
4.4975375331502207e-04 -1.0399999999999392e-03 0.0000000000000000e+00 0.0000000000000000e+00 1.6310359765776377e+00 9.4563317368929154e-06
4.5840286395569557e-04 -1.0599999999999384e-03 0.0000000000000000e+00 0.0000000000000000e+00 1.6310357204552624e+00 9.8235362564602212e-06
4.6705197459636906e-04 -1.0799999999999365e-03 0.0000000000000000e+00 0.0000000000000000e+00 1.6310354643323153e+00 1.0197735278593837e-05
4.7570108523704255e-04 -1.0999999999999339e-03 0.0000000000000000e+00 0.0000000000000000e+00 1.6310352082111075e+00 1.0578928808182320e-05
4.8435019587771605e-04 -1.1199999999999325e-03 0.0000000000000000e+00 0.0000000000000000e+00 1.6310349520896075e+00 1.0967116850114266e-05
4.9299930651838949e-04 -1.1399999999999301e-03 0.0000000000000000e+00 0.0000000000000000e+00 1.6310346959696236e+00 1.1362299409278194e-05
5.0164841715906287e-04 -1.1599999999999282e-03 0.0000000000000000e+00 0.0000000000000000e+00 1.6310344398492131e+00 1.1764476490562686e-05
5.1029752779973626e-04 -1.1799999999999266e-03 0.0000000000000000e+00 0.0000000000000000e+00 1.6310341837305560e+00 1.2173648098856295e-05
5.1894663844040964e-04 -1.1999999999999236e-03 0.0000000000000000e+00 0.0000000000000000e+00 1.6310339276114552e+00 1.2589814239047552e-05
5.2759574908108303e-04 -1.2199999999999210e-03 0.0000000000000000e+00 0.0000000000000000e+00 1.6310336714940450e+00 1.3012974916025049e-05
5.3624485972175642e-04 -1.2399999999999178e-03 0.0000000000000000e+00 0.0000000000000000e+00 1.6310334153761561e+00 1.3443130134677319e-05
5.4489397036242980e-04 -1.2599999999999137e-03 0.0000000000000000e+00 0.0000000000000000e+00 1.6310331592600078e+00 1.3880279899892917e-05
5.5354308100310319e-04 -1.2799999999999095e-03 0.0000000000000000e+00 0.0000000000000000e+00 1.6310329031433946e+00 1.4324424216560412e-05
5.6219219164377657e-04 -1.2999999999999054e-03 0.0000000000000000e+00 0.0000000000000000e+00 1.6310326470283742e+00 1.4775563089568374e-05
5.7084130228444996e-04 -1.3199999999999015e-03 0.0000000000000000e+00 0.0000000000000000e+00 1.6310323909132456e+00 1.5233696523805356e-05
5.7949041292512334e-04 -1.3399999999998968e-03 0.0000000000000000e+00 0.0000000000000000e+00 1.6310321347992418e+00 1.5698824524159900e-05
5.8813952356579673e-04 -1.3599999999998910e-03 0.0000000000000000e+00 0.0000000000000000e+00 1.6310318786858289e+00 1.6170947095520552e-05
5.9678863420647012e-04 -1.3799999999998863e-03 0.0000000000000000e+00 0.0000000000000000e+00 1.6310316225726014e+00 1.6650064242775916e-05
6.0543774484714350e-04 -1.3999999999998820e-03 0.0000000000000000e+00 0.0000000000000000e+00 1.6310313664606899e+00 1.7136175970814543e-05
6.1408685548781689e-04 -1.4199999999998790e-03 0.0000000000000000e+00 0.0000000000000000e+00 1.6310311103484951e+00 1.7629282284525002e-05
6.2273596612849027e-04 -1.4399999999998769e-03 0.0000000000000000e+00 0.0000000000000000e+00 1.6310308542378340e+00 1.8129383188795848e-05
6.3138507676916366e-04 -1.4599999999998737e-03 0.0000000000000000e+00 0.0000000000000000e+00 1.6310305981271922e+00 1.8636478688515597e-05
6.4003418740983704e-04 -1.4799999999998714e-03 0.0000000000000000e+00 0.0000000000000000e+00 1.6310303420174230e+00 1.9150568788572839e-05
6.4868329805051043e-04 -1.4999999999998647e-03 0.0000000000000000e+00 0.0000000000000000e+00 1.6310300859085682e+00 1.9671653493856029e-05
6.5733240869118382e-04 -1.5199999999998570e-03 0.0000000000000000e+00 0.0000000000000000e+00 1.6310298297995429e+00 2.0199732809253784e-05
6.6598151933185720e-04 -1.5399999999998496e-03 0.0000000000000000e+00 0.0000000000000000e+00 1.6310295736920479e+00 2.0734806739654702e-05
6.7463062997253059e-04 -1.5599999999998412e-03 0.0000000000000000e+00 0.0000000000000000e+00 1.6310293175845736e+00 2.1276875289947304e-05
6.8327974061320397e-04 -1.5799999999998318e-03 0.0000000000000000e+00 0.0000000000000000e+00 1.6310290614777936e+00 2.1825938465020154e-05
6.9192885125387736e-04 -1.5999999999998212e-03 0.0000000000000000e+00 0.0000000000000000e+00 1.6310288053721265e+00 2.2381996269761795e-05
7.0057796189455074e-04 -1.6199999999998093e-03 0.0000000000000000e+00 0.0000000000000000e+00 1.6310285492663072e+00 2.2945048709060790e-05
7.0922707253522413e-04 -1.6399999999997961e-03 0.0000000000000000e+00 0.0000000000000000e+00 1.6310282931617683e+00 2.3515095787805687e-05
7.1787618317589751e-04 -1.6599999999997836e-03 0.0000000000000000e+00 0.0000000000000000e+00 1.6310280370577821e+00 2.4092137510885104e-05
7.2652529381657090e-04 -1.6799999999997715e-03 0.0000000000000000e+00 0.0000000000000000e+00 1.6310277809538460e+00 2.4676173883187578e-05
7.3517440445724429e-04 -1.6999999999997586e-03 0.0000000000000000e+00 0.0000000000000000e+00 1.6310275248512600e+00 2.5267204909601643e-05
7.4382351509791767e-04 -1.7199999999997447e-03 0.0000000000000000e+00 0.0000000000000000e+00 1.6310272687489564e+00 2.5865230595015858e-05
7.5247262573859106e-04 -1.7399999999997326e-03 0.0000000000000000e+00 0.0000000000000000e+00 1.6310270126471029e+00 2.6470250944318852e-05
7.6112173637926444e-04 -1.7599999999997214e-03 0.0000000000000000e+00 0.0000000000000000e+00 1.6310267565464232e+00 2.7082265962399151e-05
7.6977084701993783e-04 -1.7799999999997082e-03 0.0000000000000000e+00 0.0000000000000000e+00 1.6310265004459263e+00 2.7701275654145239e-05
7.7841995766061121e-04 -1.7999999999996936e-03 0.0000000000000000e+00 0.0000000000000000e+00 1.6310262443460128e+00 2.8327280024445687e-05
7.8706906830128460e-04 -1.8199999999996773e-03 0.0000000000000000e+00 0.0000000000000000e+00 1.6310259882471907e+00 2.8960279078189060e-05
7.9571817894195799e-04 -1.8399999999996603e-03 0.0000000000000000e+00 0.0000000000000000e+00 1.6310257321484656e+00 2.9600272820263906e-05
8.0436728958263137e-04 -1.8599999999996434e-03 0.0000000000000000e+00 0.0000000000000000e+00 1.6310254760504792e+00 3.0247261255558850e-05
8.1301640022330476e-04 -1.8799999999996263e-03 0.0000000000000000e+00 0.0000000000000000e+00 1.6310252199535451e+00 3.0901244388962403e-05
8.2166551086397814e-04 -1.8999999999996077e-03 0.0000000000000000e+00 0.0000000000000000e+00 1.6310249638567156e+00 3.1562222225363112e-05
8.3031462150465153e-04 -1.9199999999995889e-03 0.0000000000000000e+00 0.0000000000000000e+00 1.6310247077606581e+00 3.2230194769649561e-05
8.3896373214532491e-04 -1.9399999999995686e-03 0.0000000000000000e+00 0.0000000000000000e+00 1.6310244516655832e+00 3.2905162026710256e-05
8.4761284278599830e-04 -1.9599999999995493e-03 0.0000000000000000e+00 0.0000000000000000e+00 1.6310241955707225e+00 3.3587124001433852e-05
8.5626195342667169e-04 -1.9799999999995286e-03 0.0000000000000000e+00 0.0000000000000000e+00 1.6310239394763966e+00 3.4276080698708819e-05
8.6491106406734507e-04 -1.9999999999995065e-03 0.0000000000000000e+00 0.0000000000000000e+00 1.6310236833832492e+00 3.4972032123423716e-05
