8.6491106406735161e-06 -2.0000000000000022e-05 0.0000000000000000e+00 0.0000000000000000e+00 1.6310488286851181e+00 3.4971232221174549e-09
1.7298221281347032e-05 -4.0000000000000024e-05 0.0000000000000000e+00 0.0000000000000000e+00 1.6310483616201148e+00 1.3988498831422520e-08
2.5947331922020550e-05 -6.0000000000000035e-05 0.0000000000000000e+00 0.0000000000000000e+00 1.6310478945209061e+00 3.1474135742344282e-08
3.4596442562694071e-05 -8.0000000000000129e-05 0.0000000000000000e+00 0.0000000000000000e+00 1.6310474274160482e+00 5.5954042869311905e-08
4.3245553203367592e-05 -1.0000000000000028e-04 0.0000000000000000e+00 0.0000000000000000e+00 1.6310469603167121e+00 8.7428229126754488e-08
5.1894663844041114e-05 -1.2000000000000049e-04 0.0000000000000000e+00 0.0000000000000000e+00 1.6310464932252320e+00 1.2589670342910119e-07
6.0543774484714635e-05 -1.4000000000000072e-04 0.0000000000000000e+00 0.0000000000000000e+00 1.6310460261285940e+00 1.7135947469078106e-07
6.9192885125388156e-05 -1.6000000000000091e-04 0.0000000000000000e+00 0.0000000000000000e+00 1.6310455590406394e+00 2.2381655182622295e-07
7.7841995766061677e-05 -1.8000000000000096e-04 0.0000000000000000e+00 0.0000000000000000e+00 1.6310450919473427e+00 2.8326794374985569e-07
8.6491106406735198e-05 -2.0000000000000090e-04 0.0000000000000000e+00 0.0000000000000000e+00 1.6310446248597561e+00 3.4971365937610837e-07
9.5140217047408719e-05 -2.2000000000000074e-04 0.0000000000000000e+00 0.0000000000000000e+00 1.6310441577740926e+00 4.2315370761940986e-07
1.0378932768808224e-04 -2.4000000000000060e-04 0.0000000000000000e+00 0.0000000000000000e+00 1.6310436906921051e+00 5.0358809739418971e-07
1.1243843832875576e-04 -2.6000000000000025e-04 0.0000000000000000e+00 0.0000000000000000e+00 1.6310432236114594e+00 5.9101683761487596e-07
1.2108754896942928e-04 -2.7999999999999970e-04 0.0000000000000000e+00 0.0000000000000000e+00 1.6310427565294841e+00 6.8543993719589772e-07
1.2973665961010279e-04 -2.9999999999999943e-04 0.0000000000000000e+00 0.0000000000000000e+00 1.6310422894544152e+00 7.8685740505168585e-07
1.3838577025077628e-04 -3.1999999999999900e-04 0.0000000000000000e+00 0.0000000000000000e+00 1.6310418223768988e+00 8.9526925009666761e-07
1.4703488089144978e-04 -3.3999999999999867e-04 0.0000000000000000e+00 0.0000000000000000e+00 1.6310413553041481e+00 1.0106754812452734e-06
1.5568399153212327e-04 -3.5999999999999834e-04 0.0000000000000000e+00 0.0000000000000000e+00 1.6310408882341871e+00 1.1330761074119316e-06
1.6433310217279677e-04 -3.7999999999999834e-04 0.0000000000000000e+00 0.0000000000000000e+00 1.6310404211642053e+00 1.2624711375110736e-06
1.7298221281347026e-04 -3.9999999999999828e-04 0.0000000000000000e+00 0.0000000000000000e+00 1.6310399540961233e+00 1.3988605804571259e-06
1.8163132345414376e-04 -4.1999999999999796e-04 0.0000000000000000e+00 0.0000000000000000e+00 1.6310394870309992e+00 1.5422444451645167e-06
1.9028043409481725e-04 -4.3999999999999747e-04 0.0000000000000000e+00 0.0000000000000000e+00 1.6310390199683296e+00 1.6926227405476748e-06
1.9892954473549074e-04 -4.5999999999999714e-04 0.0000000000000000e+00 0.0000000000000000e+00 1.6310385529077818e+00 1.8499954755210318e-06
2.0757865537616424e-04 -4.7999999999999649e-04 0.0000000000000000e+00 0.0000000000000000e+00 1.6310380858488296e+00 2.0143626589990140e-06
2.1622776601683773e-04 -4.9999999999999611e-04 0.0000000000000000e+00 0.0000000000000000e+00 1.6310376187922124e+00 2.1857242998960531e-06
2.2487687665751123e-04 -5.1999999999999616e-04 0.0000000000000000e+00 0.0000000000000000e+00 1.6310371517372741e+00 2.3640804071265820e-06
2.3352598729818472e-04 -5.3999999999999600e-04 0.0000000000000000e+00 0.0000000000000000e+00 1.6310366846847593e+00 2.5494309896050223e-06
2.4217509793885821e-04 -5.5999999999999551e-04 0.0000000000000000e+00 0.0000000000000000e+00 1.6310362176344084e+00 2.7417760562458040e-06
2.5082420857953171e-04 -5.7999999999999545e-04 0.0000000000000000e+00 0.0000000000000000e+00 1.6310357505866313e+00 2.9411156159633620e-06
2.5947331922020520e-04 -5.9999999999999529e-04 0.0000000000000000e+00 0.0000000000000000e+00 1.6310352835408786e+00 3.1474496776721200e-06
2.6812242986087870e-04 -6.1999999999999512e-04 0.0000000000000000e+00 0.0000000000000000e+00 1.6310348164966062e+00 3.3607782502865086e-06
2.7677154050155219e-04 -6.3999999999999441e-04 0.0000000000000000e+00 0.0000000000000000e+00 1.6310343494540538e+00 3.5811013427209516e-06
2.8542065114222568e-04 -6.5999999999999306e-04 0.0000000000000000e+00 0.0000000000000000e+00 1.6310338824134842e+00 3.8084189638898768e-06
2.9406976178289918e-04 -6.7999999999999127e-04 0.0000000000000000e+00 0.0000000000000000e+00 1.6310334153759936e+00 4.0427311227077141e-06
3.0271887242357267e-04 -6.9999999999998948e-04 0.0000000000000000e+00 0.0000000000000000e+00 1.6310329483407535e+00 4.2840378280888974e-06
3.1136798306424617e-04 -7.1999999999998693e-04 0.0000000000000000e+00 0.0000000000000000e+00 1.6310324813062711e+00 4.5323390889478469e-06
3.2001709370491966e-04 -7.3999999999998438e-04 0.0000000000000000e+00 0.0000000000000000e+00 1.6310320142743413e+00 4.7876349141990002e-06
3.2866620434559315e-04 -7.5999999999998139e-04 0.0000000000000000e+00 0.0000000000000000e+00 1.6310315472456858e+00 5.0499253127567808e-06
3.3731531498626665e-04 -7.7999999999997906e-04 0.0000000000000000e+00 0.0000000000000000e+00 1.6310310802179280e+00 5.3192102935356312e-06
3.4596442562694014e-04 -7.9999999999997738e-04 0.0000000000000000e+00 0.0000000000000000e+00 1.6310306131918471e+00 5.5954898654499795e-06
3.5461353626761364e-04 -8.1999999999997494e-04 0.0000000000000000e+00 0.0000000000000000e+00 1.6310301461693109e+00 5.8787640374142400e-06
3.6326264690828713e-04 -8.3999999999997326e-04 0.0000000000000000e+00 0.0000000000000000e+00 1.6310296791477956e+00 6.1690328183428577e-06
3.7191175754896062e-04 -8.5999999999997136e-04 0.0000000000000000e+00 0.0000000000000000e+00 1.6310292121282759e+00 6.4662962171502522e-06
3.8056086818963412e-04 -8.7999999999996946e-04 0.0000000000000000e+00 0.0000000000000000e+00 1.6310287451119134e+00 6.7705542427508530e-06
3.8920997883030761e-04 -8.9999999999996767e-04 0.0000000000000000e+00 0.0000000000000000e+00 1.6310282780962271e+00 7.0818069040590934e-06
3.9785908947098111e-04 -9.1999999999996533e-04 0.0000000000000000e+00 0.0000000000000000e+00 1.6310278110839058e+00 7.4000542099893911e-06
4.0650820011165460e-04 -9.3999999999996365e-04 0.0000000000000000e+00 0.0000000000000000e+00 1.6310273440729230e+00 7.7252961694561911e-06
4.1515731075232810e-04 -9.5999999999996143e-04 0.0000000000000000e+00 0.0000000000000000e+00 1.6310268770638368e+00 8.0575327913739104e-06
4.2380642139300159e-04 -9.7999999999995899e-04 0.0000000000000000e+00 0.0000000000000000e+00 1.6310264100577758e+00 8.3967640846569761e-06
4.3245553203367508e-04 -9.9999999999995687e-04 0.0000000000000000e+00 0.0000000000000000e+00 1.6310259430525214e+00 8.7429900582198306e-06
4.4110464267434858e-04 -1.0199999999999543e-03 0.0000000000000000e+00 0.0000000000000000e+00 1.6310254760507708e+00 9.0962107209768841e-06
4.4975375331502207e-04 -1.0399999999999522e-03 0.0000000000000000e+00 0.0000000000000000e+00 1.6310250090497767e+00 9.4564260818425876e-06
4.5840286395569557e-04 -1.0599999999999492e-03 0.0000000000000000e+00 0.0000000000000000e+00 1.6310245420520786e+00 9.8236361497313460e-06
4.6705197459636906e-04 -1.0799999999999469e-03 0.0000000000000000e+00 0.0000000000000000e+00 1.6310240750552647e+00 1.0197840933557614e-05
4.7570108523704255e-04 -1.0999999999999456e-03 0.0000000000000000e+00 0.0000000000000000e+00 1.6310236080616520e+00 1.0579040442235825e-05
4.8435019587771605e-04 -1.1199999999999444e-03 0.0000000000000000e+00 0.0000000000000000e+00 1.6310231410692020e+00 1.0967234684680396e-05
4.9299930651838949e-04 -1.1399999999999425e-03 0.0000000000000000e+00 0.0000000000000000e+00 1.6310226740797298e+00 1.1362423669805738e-05
5.0164841715906287e-04 -1.1599999999999415e-03 0.0000000000000000e+00 0.0000000000000000e+00 1.6310222070912881e+00 1.1764607406526309e-05
5.1029752779973626e-04 -1.1799999999999404e-03 0.0000000000000000e+00 0.0000000000000000e+00 1.6310217401060589e+00 1.2173785903756525e-05
5.1894663844040964e-04 -1.1999999999999392e-03 0.0000000000000000e+00 0.0000000000000000e+00 1.6310212731218434e+00 1.2589959170410812e-05
5.2759574908108303e-04 -1.2199999999999366e-03 0.0000000000000000e+00 0.0000000000000000e+00 1.6310208061407785e+00 1.3013127215403575e-05
5.3624485972175642e-04 -1.2399999999999332e-03 0.0000000000000000e+00 0.0000000000000000e+00 1.6310203391606923e+00 1.3443290047649252e-05
5.4489397036242980e-04 -1.2599999999999304e-03 0.0000000000000000e+00 0.0000000000000000e+00 1.6310198721838056e+00 1.3880447676062300e-05
5.5354308100310319e-04 -1.2799999999999270e-03 0.0000000000000000e+00 0.0000000000000000e+00 1.6310194052079128e+00 1.4324600109557124e-05
5.6219219164377657e-04 -1.2999999999999225e-03 0.0000000000000000e+00 0.0000000000000000e+00 1.6310189382350693e+00 1.4775747357048143e-05
5.7084130228444996e-04 -1.3199999999999180e-03 0.0000000000000000e+00 0.0000000000000000e+00 1.6310184712635791e+00 1.5233889427449807e-05
5.7949041292512334e-04 -1.3399999999999150e-03 0.0000000000000000e+00 0.0000000000000000e+00 1.6310180042946678e+00 1.5699026329676578e-05
5.8813952356579673e-04 -1.3599999999999123e-03 0.0000000000000000e+00 0.0000000000000000e+00 1.6310175373278102e+00 1.6171158072642857e-05
5.9678863420647012e-04 -1.3799999999999099e-03 0.0000000000000000e+00 0.0000000000000000e+00 1.6310170703625917e+00 1.6650284665263080e-05
6.0543774484714350e-04 -1.3999999999999074e-03 0.0000000000000000e+00 0.0000000000000000e+00 1.6310166034001501e+00 1.7136406116451659e-05
6.1408685548781689e-04 -1.4199999999999033e-03 0.0000000000000000e+00 0.0000000000000000e+00 1.6310161364388833e+00 1.7629522435122998e-05
6.2273596612849027e-04 -1.4399999999998984e-03 0.0000000000000000e+00 0.0000000000000000e+00 1.6310156694806062e+00 1.8129633630191537e-05
6.3138507676916366e-04 -1.4599999999998948e-03 0.0000000000000000e+00 0.0000000000000000e+00 1.6310152025238098e+00 1.8636739710571756e-05
6.4003418740983704e-04 -1.4799999999998918e-03 0.0000000000000000e+00 0.0000000000000000e+00 1.6310147355693401e+00 1.9150840685178069e-05
6.4868329805051043e-04 -1.4999999999998873e-03 0.0000000000000000e+00 0.0000000000000000e+00 1.6310142686172460e+00 1.9671936562924851e-05
6.5733240869118382e-04 -1.5199999999998823e-03 0.0000000000000000e+00 0.0000000000000000e+00 1.6310138016664384e+00 2.0200027352726559e-05
6.6598151933185720e-04 -1.5399999999998768e-03 0.0000000000000000e+00 0.0000000000000000e+00 1.6310133347186178e+00 2.0735113063497621e-05
6.7463062997253059e-04 -1.5599999999998723e-03 0.0000000000000000e+00 0.0000000000000000e+00 1.6310128677722782e+00 2.1277193704152497e-05
6.8327974061320397e-04 -1.5799999999998667e-03 0.0000000000000000e+00 0.0000000000000000e+00 1.6310124008280869e+00 2.1826269283605577e-05
6.9192885125387736e-04 -1.5999999999998613e-03 0.0000000000000000e+00 0.0000000000000000e+00 1.6310119338864695e+00 2.2382339810771308e-05
7.0057796189455074e-04 -1.6199999999998561e-03 0.0000000000000000e+00 0.0000000000000000e+00 1.6310114669461568e+00 2.2945405294564130e-05
7.0922707253522413e-04 -1.6399999999998512e-03 0.0000000000000000e+00 0.0000000000000000e+00 1.6310110000085811e+00 2.3515465743898463e-05
7.1787618317589751e-04 -1.6599999999998454e-03 0.0000000000000000e+00 0.0000000000000000e+00 1.6310105330730182e+00 2.4092521167688716e-05
7.2652529381657090e-04 -1.6799999999998405e-03 0.0000000000000000e+00 0.0000000000000000e+00 1.6310100661389613e+00 2.4676571574849356e-05
7.3517440445724429e-04 -1.6999999999998340e-03 0.0000000000000000e+00 0.0000000000000000e+00 1.6310095992077112e+00 2.5267616974294754e-05
7.4382351509791767e-04 -1.7199999999998291e-03 0.0000000000000000e+00 0.0000000000000000e+00 1.6310091322782043e+00 2.5865657374939427e-05
7.5247262573859106e-04 -1.7399999999998233e-03 0.0000000000000000e+00 0.0000000000000000e+00 1.6310086653506015e+00 2.6470692785697718e-05
7.6112173637926444e-04 -1.7599999999998168e-03 0.0000000000000000e+00 0.0000000000000000e+00 1.6310081984256317e+00 2.7082723215484088e-05
7.6977084701993783e-04 -1.7799999999998119e-03 0.0000000000000000e+00 0.0000000000000000e+00 1.6310077315023039e+00 2.7701748673213009e-05
7.7841995766061121e-04 -1.7999999999998063e-03 0.0000000000000000e+00 0.0000000000000000e+00 1.6310072645810128e+00 2.8327769167798845e-05
7.8706906830128460e-04 -1.8199999999998009e-03 0.0000000000000000e+00 0.0000000000000000e+00 1.6310067976622731e+00 2.8960784708156070e-05
7.9571817894195799e-04 -1.8399999999997936e-03 0.0000000000000000e+00 0.0000000000000000e+00 1.6310063307450893e+00 2.9600795303199037e-05
8.0436728958263137e-04 -1.8599999999997846e-03 0.0000000000000000e+00 0.0000000000000000e+00 1.6310058638300977e+00 3.0247800961842187e-05
8.1301640022330476e-04 -1.8799999999997744e-03 0.0000000000000000e+00 0.0000000000000000e+00 1.6310053969176177e+00 3.0901801692999950e-05
8.2166551086397814e-04 -1.8999999999997652e-03 0.0000000000000000e+00 0.0000000000000000e+00 1.6310049300067011e+00 3.1562797505586838e-05
8.3031462150465153e-04 -1.9199999999997576e-03 0.0000000000000000e+00 0.0000000000000000e+00 1.6310044630980103e+00 3.2230788408517286e-05
8.3896373214532491e-04 -1.9399999999997518e-03 0.0000000000000000e+00 0.0000000000000000e+00 1.6310039961917608e+00 3.2905774410705732e-05
8.4761284278599830e-04 -1.9599999999997441e-03 0.0000000000000000e+00 0.0000000000000000e+00 1.6310035292871854e+00 3.3587755521066487e-05
8.5626195342667169e-04 -1.9799999999997372e-03 0.0000000000000000e+00 0.0000000000000000e+00 1.6310030623845977e+00 3.4276731748514072e-05
8.6491106406734507e-04 -1.9999999999997320e-03 0.0000000000000000e+00 0.0000000000000000e+00 1.6310025954846465e+00 3.4972703101962953e-05
