8.6491106406735161e-06 -2.0000000000000008e-05 0.0000000000000000e+00 0.0000000000000000e+00 1.6310486704719771e+00 3.4971237253513499e-09
1.7298221281347032e-05 -4.0000000000000010e-05 0.0000000000000000e+00 0.0000000000000000e+00 1.6310480451954881e+00 1.3988502857293706e-08
2.5947331922020550e-05 -6.0000000000000029e-05 0.0000000000000000e+00 0.0000000000000000e+00 1.6310474198864477e+00 3.1474149329659551e-08
3.4596442562694071e-05 -7.9999999999999993e-05 0.0000000000000000e+00 0.0000000000000000e+00 1.6310467945734126e+00 5.5954075076281279e-08
4.3245553203367592e-05 -1.0000000000000006e-04 0.0000000000000000e+00 0.0000000000000000e+00 1.6310461692675535e+00 8.7428292030991553e-08
5.1894663844041114e-05 -1.2000000000000000e-04 0.0000000000000000e+00 0.0000000000000000e+00 1.6310455439712048e+00 1.2589681212762252e-07
6.0543774484714635e-05 -1.3999999999999996e-04 0.0000000000000000e+00 0.0000000000000000e+00 1.6310449186713527e+00 1.7135964730000685e-07
6.9192885125388156e-05 -1.6000000000000001e-04 0.0000000000000000e+00 0.0000000000000000e+00 1.6310442933818383e+00 2.2381680948197712e-07
7.7841995766061677e-05 -1.7999999999999990e-04 0.0000000000000000e+00 0.0000000000000000e+00 1.6310436680886362e+00 2.8326831060736532e-07
8.6491106406735198e-05 -1.9999999999999960e-04 0.0000000000000000e+00 0.0000000000000000e+00 1.6310430428027973e+00 3.4971416261000357e-07
9.5140217047408719e-05 -2.1999999999999952e-04 0.0000000000000000e+00 0.0000000000000000e+00 1.6310424175205360e+00 4.2315437742372555e-07
1.0378932768808224e-04 -2.3999999999999919e-04 0.0000000000000000e+00 0.0000000000000000e+00 1.6310417922436053e+00 5.0358896698236227e-07
1.1243843832875576e-04 -2.5999999999999873e-04 0.0000000000000000e+00 0.0000000000000000e+00 1.6310411669696681e+00 5.9101794321974640e-07
1.2108754896942928e-04 -2.7999999999999846e-04 0.0000000000000000e+00 0.0000000000000000e+00 1.6310405416960569e+00 6.8544131806971165e-07
1.2973665961010279e-04 -2.9999999999999797e-04 0.0000000000000000e+00 0.0000000000000000e+00 1.6310399164310061e+00 7.8685910346608879e-07
1.3838577025077628e-04 -3.1999999999999764e-04 0.0000000000000000e+00 0.0000000000000000e+00 1.6310392911651606e+00 8.9527131134271201e-07
1.4703488089144978e-04 -3.3999999999999699e-04 0.0000000000000000e+00 0.0000000000000000e+00 1.6310386659057345e+00 1.0106779536334113e-06
1.5568399153212327e-04 -3.5999999999999612e-04 0.0000000000000000e+00 0.0000000000000000e+00 1.6310380406507525e+00 1.1330790422720195e-06
1.6433310217279677e-04 -3.7999999999999530e-04 0.0000000000000000e+00 0.0000000000000000e+00 1.6310374153974032e+00 1.2624745891923703e-06
1.7298221281347026e-04 -3.9999999999999444e-04 0.0000000000000000e+00 0.0000000000000000e+00 1.6310367901476062e+00 1.3988646063282956e-06
1.8163132345414376e-04 -4.1999999999999367e-04 0.0000000000000000e+00 0.0000000000000000e+00 1.6310361649024210e+00 1.5422491056136292e-06
1.9028043409481725e-04 -4.3999999999999313e-04 0.0000000000000000e+00 0.0000000000000000e+00 1.6310355396613432e+00 1.6926280989822041e-06
1.9892954473549074e-04 -4.5999999999999253e-04 0.0000000000000000e+00 0.0000000000000000e+00 1.6310349144240408e+00 1.8500015983678505e-06
2.0757865537616424e-04 -4.7999999999999215e-04 0.0000000000000000e+00 0.0000000000000000e+00 1.6310342891899869e+00 2.0143696157044046e-06
2.1622776601683773e-04 -4.9999999999999231e-04 0.0000000000000000e+00 0.0000000000000000e+00 1.6310336639599221e+00 2.1857321629256999e-06
2.2487687665751123e-04 -5.1999999999999193e-04 0.0000000000000000e+00 0.0000000000000000e+00 1.6310330387331888e+00 2.3640892519655600e-06
2.3352598729818472e-04 -5.3999999999999166e-04 0.0000000000000000e+00 0.0000000000000000e+00 1.6310324135105323e+00 2.5494408947578243e-06
2.4217509793885821e-04 -5.5999999999999095e-04 0.0000000000000000e+00 0.0000000000000000e+00 1.6310317882916932e+00 2.7417871032363197e-06
2.5082420857953171e-04 -5.7999999999998992e-04 0.0000000000000000e+00 0.0000000000000000e+00 1.6310311630770808e+00 2.9411278893348803e-06
2.5947331922020520e-04 -5.9999999999998878e-04 0.0000000000000000e+00 0.0000000000000000e+00 1.6310305378661443e+00 3.1474632649873385e-06
2.6812242986087870e-04 -6.1999999999998764e-04 0.0000000000000000e+00 0.0000000000000000e+00 1.6310299126583407e+00 3.3607932421275288e-06
2.7677154050155219e-04 -6.3999999999998683e-04 0.0000000000000000e+00 0.0000000000000000e+00 1.6310292874539103e+00 3.5811178326892856e-06
2.8542065114222568e-04 -6.5999999999998568e-04 0.0000000000000000e+00 0.0000000000000000e+00 1.6310286622531165e+00 3.8084370486064374e-06
2.9406976178289918e-04 -6.7999999999998509e-04 0.0000000000000000e+00 0.0000000000000000e+00 1.6310280370570540e+00 4.0427509018128240e-06
3.0271887242357267e-04 -6.9999999999998481e-04 0.0000000000000000e+00 0.0000000000000000e+00 1.6310274118648938e+00 4.2840594042422759e-06
3.1136798306424617e-04 -7.1999999999998497e-04 0.0000000000000000e+00 0.0000000000000000e+00 1.6310267866751431e+00 4.5323625678286263e-06
3.2001709370491966e-04 -7.3999999999998459e-04 0.0000000000000000e+00 0.0000000000000000e+00 1.6310261614895996e+00 4.7876604045056989e-06
3.2866620434559315e-04 -7.5999999999998475e-04 0.0000000000000000e+00 0.0000000000000000e+00 1.6310255363089818e+00 5.0499529262073372e-06
3.3731531498626665e-04 -7.7999999999998502e-04 0.0000000000000000e+00 0.0000000000000000e+00 1.6310249111309130e+00 5.3192401448673700e-06
3.4596442562694014e-04 -7.9999999999998518e-04 0.0000000000000000e+00 0.0000000000000000e+00 1.6310242859561752e+00 5.5955220724196257e-06
3.5461353626761364e-04 -8.1999999999998578e-04 0.0000000000000000e+00 0.0000000000000000e+00 1.6310236607866337e+00 5.8787987207979440e-06
3.6326264690828713e-04 -8.3999999999998583e-04 0.0000000000000000e+00 0.0000000000000000e+00 1.6310230356197637e+00 6.1690701019361457e-06
3.7191175754896062e-04 -8.5999999999998664e-04 0.0000000000000000e+00 0.0000000000000000e+00 1.6310224104565438e+00 6.4663362277680789e-06
3.8056086818963412e-04 -8.7999999999998713e-04 0.0000000000000000e+00 0.0000000000000000e+00 1.6310217852981315e+00 6.7705971102275646e-06
3.8920997883030761e-04 -8.9999999999998772e-04 0.0000000000000000e+00 0.0000000000000000e+00 1.6310211601420472e+00 7.0818527612484373e-06
3.9785908947098111e-04 -9.1999999999998799e-04 0.0000000000000000e+00 0.0000000000000000e+00 1.6310205349909817e+00 7.4001031927645254e-06
4.0650820011165460e-04 -9.3999999999998750e-04 0.0000000000000000e+00 0.0000000000000000e+00 1.6310199098429041e+00 7.7253484167096559e-06
4.1515731075232810e-04 -9.5999999999998734e-04 0.0000000000000000e+00 0.0000000000000000e+00 1.6310192846983769e+00 8.0575884450176742e-06
4.2380642139300159e-04 -9.7999999999998631e-04 0.0000000000000000e+00 0.0000000000000000e+00 1.6310186595585254e+00 8.3968232896223946e-06
4.3245553203367508e-04 -9.9999999999998593e-04 0.0000000000000000e+00 0.0000000000000000e+00 1.6310180344211327e+00 8.7430529624576761e-06
4.4110464267434858e-04 -1.0199999999999851e-03 0.0000000000000000e+00 0.0000000000000000e+00 1.6310174092888952e+00 9.0962774754573336e-06
4.4975375331502207e-04 -1.0399999999999843e-03 0.0000000000000000e+00 0.0000000000000000e+00 1.6310167841590657e+00 9.4564968405552042e-06
4.5840286395569557e-04 -1.0599999999999824e-03 0.0000000000000000e+00 0.0000000000000000e+00 1.6310161590341845e+00 9.8237110696851013e-06
4.6705197459636906e-04 -1.0799999999999814e-03 0.0000000000000000e+00 0.0000000000000000e+00 1.6310155339118373e+00 1.0197920174780892e-05
4.7570108523704255e-04 -1.0999999999999801e-03 0.0000000000000000e+00 0.0000000000000000e+00 1.6310149087943453e+00 1.0579124167776391e-05
4.8435019587771605e-04 -1.1199999999999800e-03 0.0000000000000000e+00 0.0000000000000000e+00 1.6310142836796637e+00 1.0967323060605453e-05
4.9299930651838949e-04 -1.1399999999999785e-03 0.0000000000000000e+00 0.0000000000000000e+00 1.6310136585696149e+00 1.1362516865201867e-05
5.0164841715906287e-04 -1.1599999999999772e-03 0.0000000000000000e+00 0.0000000000000000e+00 1.6310130334622444e+00 1.1764705593499492e-05
5.1029752779973626e-04 -1.1799999999999762e-03 0.0000000000000000e+00 0.0000000000000000e+00 1.6310124083597404e+00 1.2173889257432163e-05
5.1894663844040964e-04 -1.1999999999999747e-03 0.0000000000000000e+00 0.0000000000000000e+00 1.6310117832598985e+00 1.2590067868933699e-05
5.2759574908108303e-04 -1.2199999999999746e-03 0.0000000000000000e+00 0.0000000000000000e+00 1.6310111581648599e+00 1.3013241439937966e-05
5.3624485972175642e-04 -1.2399999999999757e-03 0.0000000000000000e+00 0.0000000000000000e+00 1.6310105330724503e+00 1.3443409982378794e-05
5.4489397036242980e-04 -1.2599999999999775e-03 0.0000000000000000e+00 0.0000000000000000e+00 1.6310099079848919e+00 1.3880573508190010e-05
5.5354308100310319e-04 -1.2799999999999797e-03 0.0000000000000000e+00 0.0000000000000000e+00 1.6310092828999780e+00 1.4324732029305439e-05
5.6219219164377657e-04 -1.2999999999999817e-03 0.0000000000000000e+00 0.0000000000000000e+00 1.6310086578197633e+00 1.4775885557658900e-05
5.7084130228444996e-04 -1.3199999999999846e-03 0.0000000000000000e+00 0.0000000000000000e+00 1.6310080327425540e+00 1.5234034105184250e-05
5.7949041292512334e-04 -1.3399999999999868e-03 0.0000000000000000e+00 0.0000000000000000e+00 1.6310074076695724e+00 1.5699177683815290e-05
5.8813952356579673e-04 -1.3599999999999903e-03 0.0000000000000000e+00 0.0000000000000000e+00 1.6310067826002976e+00 1.6171316305485891e-05
5.9678863420647012e-04 -1.3799999999999936e-03 0.0000000000000000e+00 0.0000000000000000e+00 1.6310061575343093e+00 1.6650449982129854e-05
6.0543774484714350e-04 -1.3999999999999963e-03 0.0000000000000000e+00 0.0000000000000000e+00 1.6310055324727510e+00 1.7136578725681008e-05
6.1408685548781689e-04 -1.4199999999999977e-03 0.0000000000000000e+00 0.0000000000000000e+00 1.6310049074140169e+00 1.7629702548073160e-05
6.2273596612849027e-04 -1.4399999999999984e-03 0.0000000000000000e+00 0.0000000000000000e+00 1.6310042823599227e+00 1.8129821461240171e-05
6.3138507676916366e-04 -1.4599999999999997e-03 0.0000000000000000e+00 0.0000000000000000e+00 1.6310036573089608e+00 1.8636935477115885e-05
6.4003418740983704e-04 -1.4800000000000004e-03 0.0000000000000000e+00 0.0000000000000000e+00 1.6310030322619733e+00 1.9151044607634122e-05
6.4868329805051043e-04 -1.5000000000000011e-03 0.0000000000000000e+00 0.0000000000000000e+00 1.6310024072190132e+00 1.9672148864728715e-05
6.5733240869118382e-04 -1.5200000000000012e-03 0.0000000000000000e+00 0.0000000000000000e+00 1.6310017821789897e+00 2.0200248260333484e-05
6.6598151933185720e-04 -1.5400000000000014e-03 0.0000000000000000e+00 0.0000000000000000e+00 1.6310011571436025e+00 2.0735342806382291e-05
6.7463062997253059e-04 -1.5600000000000028e-03 0.0000000000000000e+00 0.0000000000000000e+00 1.6310005321113485e+00 2.1277432514808981e-05
6.8327974061320397e-04 -1.5800000000000054e-03 0.0000000000000000e+00 0.0000000000000000e+00 1.6309999070828891e+00 2.1826517397547394e-05
6.9192885125387736e-04 -1.6000000000000092e-03 0.0000000000000000e+00 0.0000000000000000e+00 1.6309992820586563e+00 2.2382597466531351e-05
7.0057796189455074e-04 -1.6200000000000138e-03 0.0000000000000000e+00 0.0000000000000000e+00 1.6309986570373776e+00 2.2945672733694700e-05
7.0922707253522413e-04 -1.6400000000000171e-03 0.0000000000000000e+00 0.0000000000000000e+00 1.6309980320204842e+00 2.3515743210971201e-05
7.1787618317589751e-04 -1.6600000000000215e-03 0.0000000000000000e+00 0.0000000000000000e+00 1.6309974070072557e+00 2.4092808910294754e-05
7.2652529381657090e-04 -1.6800000000000248e-03 0.0000000000000000e+00 0.0000000000000000e+00 1.6309967819971807e+00 2.4676869843599133e-05
7.3517440445724429e-04 -1.7000000000000266e-03 0.0000000000000000e+00 0.0000000000000000e+00 1.6309961569915623e+00 2.5267926022818160e-05
7.4382351509791767e-04 -1.7200000000000297e-03 0.0000000000000000e+00 0.0000000000000000e+00 1.6309955319893388e+00 2.5865977459885747e-05
7.5247262573859106e-04 -1.7400000000000315e-03 0.0000000000000000e+00 0.0000000000000000e+00 1.6309949069906655e+00 2.6471024166735641e-05
7.6112173637926444e-04 -1.7600000000000326e-03 0.0000000000000000e+00 0.0000000000000000e+00 1.6309942819962762e+00 2.7083066155301707e-05
7.6977084701993783e-04 -1.7800000000000322e-03 0.0000000000000000e+00 0.0000000000000000e+00 1.6309936570051800e+00 2.7702103437517747e-05
7.7841995766061121e-04 -1.8000000000000336e-03 0.0000000000000000e+00 0.0000000000000000e+00 1.6309930320177661e+00 2.8328136025317685e-05
7.8706906830128460e-04 -1.8200000000000334e-03 0.0000000000000000e+00 0.0000000000000000e+00 1.6309924070345554e+00 2.8961163930635260e-05
7.9571817894195799e-04 -1.8400000000000321e-03 0.0000000000000000e+00 0.0000000000000000e+00 1.6309917820545505e+00 2.9601187165404320e-05
8.0436728958263137e-04 -1.8600000000000289e-03 0.0000000000000000e+00 0.0000000000000000e+00 1.6309911570783837e+00 3.0248205741558670e-05
8.1301640022330476e-04 -1.8800000000000266e-03 0.0000000000000000e+00 0.0000000000000000e+00 1.6309905321063793e+00 3.0902219671032215e-05
8.2166551086397814e-04 -1.9000000000000228e-03 0.0000000000000000e+00 0.0000000000000000e+00 1.6309899071375893e+00 3.1563228965758729e-05
8.3031462150465153e-04 -1.9200000000000170e-03 0.0000000000000000e+00 0.0000000000000000e+00 1.6309892821726704e+00 3.2231233637672018e-05
8.3896373214532491e-04 -1.9400000000000129e-03 0.0000000000000000e+00 0.0000000000000000e+00 1.6309886572118437e+00 3.2906233698706037e-05
8.4761284278599830e-04 -1.9600000000000108e-03 0.0000000000000000e+00 0.0000000000000000e+00 1.6309880322543406e+00 3.3588229160794620e-05
8.5626195342667169e-04 -1.9800000000000069e-03 0.0000000000000000e+00 0.0000000000000000e+00 1.6309874073004720e+00 3.4277220035871492e-05
8.6491106406734507e-04 -2.0000000000000044e-03 0.0000000000000000e+00 0.0000000000000000e+00 1.6309867823508890e+00 3.4973206335870568e-05
