3.2385284013666983e-04 -1.9800000000000659e-03 0.0000000000000000e+00 0.0000000000000000e+00 1.9273737628683725e+00 2.1412937715345894e-05
3.2712408094613113e-04 -2.0000000000000660e-03 0.0000000000000000e+00 0.0000000000000000e+00 1.9273736814940554e+00 2.1847708071707403e-05
3.3121313195795776e-04 -2.0250000000000654e-03 0.0000000000000000e+00 0.0000000000000000e+00 1.9273735797764706e+00 2.2397315740549252e-05
3.3939123398161103e-04 -2.0750000000000642e-03 0.0000000000000000e+00 0.0000000000000000e+00 1.9273733763424317e+00 2.3517013493920755e-05
3.5574743802891756e-04 -2.1750000000000619e-03 0.0000000000000000e+00 0.0000000000000000e+00 1.9273729694792603e+00 2.5838338695746548e-05
3.8845984612353063e-04 -2.3750000000000572e-03 0.0000000000000000e+00 0.0000000000000000e+00 1.9273721557758707e+00 3.0808708138381748e-05
4.5388466231275677e-04 -2.7750000000000483e-03 0.0000000000000000e+00 0.0000000000000000e+00 1.9273705284555371e+00 4.2060325248806682e-05
5.8473429469120910e-04 -3.5750000000000300e-03 0.0000000000000000e+00 0.0000000000000000e+00 1.9273672741634529e+00 6.9807088924034671e-05
8.4643355944811376e-04 -5.1749999999999938e-03 0.0000000000000000e+00 0.0000000000000000e+00 1.9273607669742314e+00 1.4627486652208374e-04
1.3698320889619230e-03 -8.3749999999999224e-03 0.0000000000000000e+00 0.0000000000000000e+00 1.9273477581664604e+00 3.8310848214919910e-04
2.4166291479895416e-03 -1.4774999999999778e-02 0.0000000000000000e+00 0.0000000000000000e+00 1.9273217627826262e+00 1.1923764306526563e-03
4.5102232660447789e-03 -2.7574999999999489e-02 0.0000000000000000e+00 0.0000000000000000e+00 1.9272698605237581e+00 4.1533830008577384e-03
8.6974115021552535e-03 -5.3174999999998911e-02 0.0000000000000000e+00 0.0000000000000000e+00 1.9271664067180245e+00 1.5445821267670676e-02
1.7071787974376203e-02 -1.0437499999999764e-01 0.0000000000000000e+00 0.0000000000000000e+00 1.9269608756690582e+00 5.9516737775788309e-02
3.3820540918818101e-02 -2.0677499999999513e-01 0.0000000000000000e+00 0.0000000000000000e+00 1.9265551141741608e+00 2.3363744644103729e-01
