2.1999999999999872e-24 -1.9799999999999970e-03 0.0000000000000000e+00 0.0000000000000000e+00 2.0943951023926055e+00 1.7641799999999947e-05
2.2222222222222091e-24 -1.9999999999999970e-03 0.0000000000000000e+00 0.0000000000000000e+00 2.0943951023929293e+00 1.7999999999999946e-05
2.2499999999999866e-24 -2.0249999999999973e-03 0.0000000000000000e+00 0.0000000000000000e+00 2.0943951023929119e+00 1.8452812499999951e-05
2.3055555555555418e-24 -2.0749999999999979e-03 0.0000000000000000e+00 0.0000000000000000e+00 2.0943951023928453e+00 1.9375312499999961e-05
2.4166666666666521e-24 -2.1749999999999994e-03 0.0000000000000000e+00 0.0000000000000000e+00 2.0943951023929932e+00 2.1287812499999990e-05
2.6388888888888727e-24 -2.3750000000000030e-03 0.0000000000000000e+00 0.0000000000000000e+00 2.0943951023928804e+00 2.5382812500000066e-05
3.0833333333333140e-24 -2.7750000000000101e-03 0.0000000000000000e+00 0.0000000000000000e+00 2.0943951023928902e+00 3.4652812500000256e-05
3.9722222222221964e-24 -3.5750000000000239e-03 0.0000000000000000e+00 0.0000000000000000e+00 2.0943951023930412e+00 5.7512812500000766e-05
5.7499999999999613e-24 -5.1750000000000511e-03 0.0000000000000000e+00 0.0000000000000000e+00 2.0943951023929910e+00 1.2051281250000238e-04
9.3055555555554911e-24 -8.3750000000001063e-03 0.0000000000000000e+00 0.0000000000000000e+00 2.0943951023930643e+00 3.1563281250000796e-04
1.6416666666666551e-23 -1.4775000000000220e-02 0.0000000000000000e+00 0.0000000000000000e+00 2.0943951023931837e+00 9.8235281250002920e-04
3.0638888888888673e-23 -2.7575000000000450e-02 0.0000000000000000e+00 0.0000000000000000e+00 2.0943951023931580e+00 3.4217128125001114e-03
5.9083333333332911e-23 -5.3175000000000944e-02 0.0000000000000000e+00 0.0000000000000000e+00 2.0943951023931904e+00 1.2724112812500452e-02
1.1597222222222139e-22 -1.0437500000000194e-01 0.0000000000000000e+00 0.0000000000000000e+00 2.0943951023931904e+00 4.9023632812501820e-02
2.2974999999999837e-22 -2.0677500000000382e-01 0.0000000000000000e+00 0.0000000000000000e+00 2.0943951023931953e+00 1.9240155281250709e-01
4.5730555555555227e-22 -4.1157500000000752e-01 0.0000000000000000e+00 0.0000000000000000e+00 2.0943951023931953e+00 7.6227291281252785e-01
