3.2385284013666983e-04 -1.9800000000000867e-03 0.0000000000000000e+00 0.0000000000000000e+00 1.9273789575203848e+00 2.1412876073527305e-05
3.2712408094613113e-04 -2.0000000000000885e-03 0.0000000000000000e+00 0.0000000000000000e+00 1.9273789286045897e+00 2.1847644543023391e-05
3.3121313195795776e-04 -2.0250000000000914e-03 0.0000000000000000e+00 0.0000000000000000e+00 1.9273788924597990e+00 2.2397249799636504e-05
3.3939123398161103e-04 -2.0750000000000972e-03 0.0000000000000000e+00 0.0000000000000000e+00 1.9273788201701592e+00 2.3516942546898207e-05
3.5574743802891756e-04 -2.1750000000001087e-03 0.0000000000000000e+00 0.0000000000000000e+00 1.9273786755910198e+00 2.5838256989049736e-05
3.8845984612353063e-04 -2.3750000000001318e-03 0.0000000000000000e+00 0.0000000000000000e+00 1.9273783864366412e+00 3.0808601755755001e-05
4.5388466231275677e-04 -2.7750000000001775e-03 0.0000000000000000e+00 0.0000000000000000e+00 1.9273778081381230e+00 4.2060155553891972e-05
5.8473429469120910e-04 -3.5750000000002689e-03 0.0000000000000000e+00 0.0000000000000000e+00 1.9273766515849418e+00 6.9806726090012783e-05
8.4643355944811376e-04 -5.1750000000004527e-03 0.0000000000000000e+00 0.0000000000000000e+00 1.9273743386554003e+00 1.4627376596917062e-04
1.3698320889619230e-03 -8.3750000000008193e-03 0.0000000000000000e+00 0.0000000000000000e+00 1.9273697135007490e+00 3.8310381733537986e-04
2.4166291479895416e-03 -1.4775000000001551e-02 0.0000000000000000e+00 0.0000000000000000e+00 1.9273604660081947e+00 1.1923508175412049e-03
4.5102232660447789e-03 -2.7575000000003010e-02 0.0000000000000000e+00 0.0000000000000000e+00 1.9273419822709950e+00 4.1532164961811400e-03
8.6974115021552535e-03 -5.3175000000005919e-02 0.0000000000000000e+00 0.0000000000000000e+00 1.9273050596379284e+00 1.5444627273051417e-02
1.7071787974376203e-02 -1.0437500000001174e-01 0.0000000000000000e+00 0.0000000000000000e+00 1.9272313925410067e+00 5.9507708158571787e-02
3.3820540918818101e-02 -2.0677500000002333e-01 0.0000000000000000e+00 0.0000000000000000e+00 1.9270847615274891e+00 2.3356724048407715e-01
