8.5626195342667169e-04 -1.9799999999998187e-03 0.0000000000000000e+00 0.0000000000000000e+00 1.6309978437628720e+00 3.4276894510966290e-05
8.6491106406734507e-04 -1.9999999999998110e-03 0.0000000000000000e+00 0.0000000000000000e+00 1.6309973241744309e+00 3.4972870846598456e-05
8.7572245236818675e-04 -2.0249999999998026e-03 0.0000000000000000e+00 0.0000000000000000e+00 1.6309966746919233e+00 3.5852678317310993e-05
8.9734522896987010e-04 -2.0749999999997875e-03 0.0000000000000000e+00 0.0000000000000000e+00 1.6309953757395519e+00 3.7645083502942072e-05
9.4059078217323682e-04 -2.1749999999997561e-03 0.0000000000000000e+00 0.0000000000000000e+00 1.6309927778824509e+00 4.1361055393577040e-05
1.0270818885799702e-03 -2.3749999999996925e-03 0.0000000000000000e+00 0.0000000000000000e+00 1.6309875823625342e+00 4.9317649592730750e-05
1.2000641013934371e-03 -2.7749999999995656e-03 0.0000000000000000e+00 0.0000000000000000e+00 1.6309771920964991e+00 6.7329474385712413e-05
1.5460285270203708e-03 -3.5749999999993118e-03 0.0000000000000000e+00 0.0000000000000000e+00 1.6309564146588351e+00 1.1174794733548508e-04
2.2379573782742379e-03 -5.1749999999988056e-03 0.0000000000000000e+00 0.0000000000000000e+00 1.6309148721463647e+00 2.3416640897116667e-04
3.6218150807819723e-03 -8.3749999999977905e-03 0.0000000000000000e+00 0.0000000000000000e+00 1.6308318364701675e+00 6.1334717343426519e-04
6.3895304857974414e-03 -1.4774999999995753e-02 0.0000000000000000e+00 0.0000000000000000e+00 1.6306659616700989e+00 1.9092262931049314e-03
1.1924961295828380e-02 -2.7574999999991683e-02 0.0000000000000000e+00 0.0000000000000000e+00 1.6303349915888550e+00 6.6521927032443676e-03
2.2995822915890259e-02 -5.3174999999983534e-02 0.0000000000000000e+00 0.0000000000000000e+00 1.6296761165667313e+00 2.4752060669277452e-02
4.5137546156014015e-02 -1.0437499999996716e-01 0.0000000000000000e+00 0.0000000000000000e+00 1.6283702128542505e+00 9.5480356884854747e-02
8.9420992636261520e-02 -2.0677499999993434e-01 0.0000000000000000e+00 0.0000000000000000e+00 1.6258026176196876e+00 3.7563374805400912e-01
