3.2385284013666983e-04 -1.9800000000000893e-03 0.0000000000000000e+00 0.0000000000000000e+00 1.9273774732131306e+00 2.1412893685475657e-05
3.2712408094613113e-04 -2.0000000000000915e-03 0.0000000000000000e+00 0.0000000000000000e+00 1.9273774293067305e+00 2.1847662694076172e-05
3.3121313195795776e-04 -2.0250000000000949e-03 0.0000000000000000e+00 0.0000000000000000e+00 1.9273773744237526e+00 2.2397268639897524e-05
3.3939123398161103e-04 -2.0750000000001015e-03 0.0000000000000000e+00 0.0000000000000000e+00 1.9273772646579617e+00 2.3516962817476384e-05
3.5574743802891756e-04 -2.1750000000001143e-03 0.0000000000000000e+00 0.0000000000000000e+00 1.9273770451274204e+00 2.5838280333820697e-05
3.8845984612353063e-04 -2.3750000000001396e-03 0.0000000000000000e+00 0.0000000000000000e+00 1.9273766060738333e+00 3.0808632150791959e-05
4.5388466231275677e-04 -2.7750000000001896e-03 0.0000000000000000e+00 0.0000000000000000e+00 1.9273757279912822e+00 4.2060204038154781e-05
5.8473429469120910e-04 -3.5750000000002902e-03 0.0000000000000000e+00 0.0000000000000000e+00 1.9273739719275582e+00 6.9806829756879636e-05
8.4643355944811376e-04 -5.1750000000004917e-03 0.0000000000000000e+00 0.0000000000000000e+00 1.9273704602069330e+00 1.4627408041286954e-04
1.3698320889619230e-03 -8.3750000000008956e-03 0.0000000000000000e+00 0.0000000000000000e+00 1.9273634383893803e+00 3.8310515013935815e-04
2.4166291479895416e-03 -1.4775000000001703e-02 0.0000000000000000e+00 0.0000000000000000e+00 1.9273494012422103e+00 1.1923581355731527e-03
4.5102232660447789e-03 -2.7575000000003316e-02 0.0000000000000000e+00 0.0000000000000000e+00 1.9273213528335544e+00 4.1532640689462717e-03
8.6974115021552535e-03 -5.3175000000006543e-02 0.0000000000000000e+00 0.0000000000000000e+00 1.9272653590341553e+00 1.5444968414372708e-02
1.7071787974376203e-02 -1.0437500000001300e-01 0.0000000000000000e+00 0.0000000000000000e+00 1.9271537793355857e+00 5.9510288049211012e-02
3.3820540918818101e-02 -2.0677500000002588e-01 0.0000000000000000e+00 0.0000000000000000e+00 1.9269322185676687e+00 2.3358729932894645e-01
