6.1497619017623917e-04 -1.9800000000000147e-03 0.0000000000000000e+00 0.0000000000000000e+00 1.7712977104400531e+00 2.6986493293765030e-05
6.2118807088509006e-04 -2.0000000000000144e-03 0.0000000000000000e+00 0.0000000000000000e+00 1.7712975935315800e+00 2.7534430816316372e-05
6.2895292177115366e-04 -2.0250000000000138e-03 0.0000000000000000e+00 0.0000000000000000e+00 1.7712974473955985e+00 2.8227096913172832e-05
6.4448262354328085e-04 -2.0750000000000117e-03 0.0000000000000000e+00 0.0000000000000000e+00 1.7712971551256138e+00 2.9638243096450823e-05
6.7554202708753524e-04 -2.1750000000000077e-03 0.0000000000000000e+00 0.0000000000000000e+00 1.7712965705887327e+00 3.2563791499918985e-05
7.3766083417604400e-04 -2.3749999999999991e-03 0.0000000000000000e+00 0.0000000000000000e+00 1.7712954015315259e+00 3.8827913083718389e-05
8.6189844835306154e-04 -2.7749999999999823e-03 0.0000000000000000e+00 0.0000000000000000e+00 1.7712930634810029e+00 5.3008260392484530e-05
1.1103736767070966e-03 -3.5749999999999480e-03 0.0000000000000000e+00 0.0000000000000000e+00 1.7712883876355956e+00 8.7977411844405437e-05
1.6073241334151668e-03 -5.1749999999998776e-03 0.0000000000000000e+00 0.0000000000000000e+00 1.7712790369656968e+00 1.8434986424355643e-04
2.6012250468313070e-03 -8.3749999999997368e-03 0.0000000000000000e+00 0.0000000000000000e+00 1.7712603397086133e+00 4.8283394428513414e-04
4.5890268736635872e-03 -1.4774999999999459e-02 0.0000000000000000e+00 0.0000000000000000e+00 1.7712229615033506e+00 1.5027794234377017e-03
8.5646305273281466e-03 -2.7574999999998913e-02 0.0000000000000000e+00 0.0000000000000000e+00 1.7711482701446783e+00 5.2347446027909590e-03
1.6515837834657265e-02 -5.3174999999997821e-02 0.0000000000000000e+00 0.0000000000000000e+00 1.7709991461811783e+00 1.9468291403853713e-02
3.2418252449315503e-02 -1.0437499999999564e-01 0.0000000000000000e+00 0.0000000000000000e+00 1.7707019217156121e+00 7.5024407240714283e-02
6.4223081678631971e-02 -2.0677499999999124e-01 0.0000000000000000e+00 0.0000000000000000e+00 1.7701114754718028e+00 2.9457717957585622e-01
