6.1497619017623917e-04 -1.9799999999999961e-03 0.0000000000000000e+00 0.0000000000000000e+00 1.7712947098493836e+00 2.6986553592635568e-05
6.2118807088509006e-04 -1.9999999999999935e-03 0.0000000000000000e+00 0.0000000000000000e+00 1.7712945626381498e+00 2.7534492960944469e-05
6.2895292177115366e-04 -2.0249999999999908e-03 0.0000000000000000e+00 0.0000000000000000e+00 1.7712943786238928e+00 2.8227161417476105e-05
6.4448262354328085e-04 -2.0749999999999853e-03 0.0000000000000000e+00 0.0000000000000000e+00 1.7712940105979411e+00 2.9638312497799274e-05
6.7554202708753524e-04 -2.1749999999999743e-03 0.0000000000000000e+00 0.0000000000000000e+00 1.7712932745514631e+00 3.2563871426528180e-05
7.3766083417604400e-04 -2.3749999999999518e-03 0.0000000000000000e+00 0.0000000000000000e+00 1.7712918024844118e+00 3.8828017148660247e-05
8.6189844835306154e-04 -2.7749999999999077e-03 0.0000000000000000e+00 0.0000000000000000e+00 1.7712888584515869e+00 5.3008426390373657e-05
1.1103736767070966e-03 -3.5749999999998205e-03 0.0000000000000000e+00 0.0000000000000000e+00 1.7712829707910860e+00 8.7977766773614507e-05
1.6073241334151668e-03 -5.1749999999996478e-03 0.0000000000000000e+00 0.0000000000000000e+00 1.7712711970886821e+00 1.8435094081948792e-04
2.6012250468313070e-03 -8.3749999999993031e-03 0.0000000000000000e+00 0.0000000000000000e+00 1.7712476561544708e+00 4.8283850746988727e-04
4.5890268736635872e-03 -1.4774999999998612e-02 0.0000000000000000e+00 0.0000000000000000e+00 1.7712006001237337e+00 1.5028044785339802e-03
8.5646305273281466e-03 -2.7574999999997227e-02 0.0000000000000000e+00 0.0000000000000000e+00 1.7711065910477701e+00 5.2349074799448248e-03
1.6515837834657265e-02 -5.3174999999994456e-02 0.0000000000000000e+00 0.0000000000000000e+00 1.7709189819402278e+00 1.9469459385732992e-02
3.2418252449315503e-02 -1.0437499999998892e-01 0.0000000000000000e+00 0.0000000000000000e+00 1.7705453769176964e+00 7.5033240135862045e-02
6.4223081678631971e-02 -2.0677499999997784e-01 0.0000000000000000e+00 0.0000000000000000e+00 1.7698044389350924e+00 2.9464585600382509e-01
