6.1497619017623917e-04 -1.9800000000001526e-03 0.0000000000000000e+00 0.0000000000000000e+00 1.7712917093989702e+00 2.6986613891510592e-05
6.2118807088509006e-04 -2.0000000000001588e-03 0.0000000000000000e+00 0.0000000000000000e+00 1.7712915318878222e+00 2.7534555105577374e-05
6.2895292177115366e-04 -2.0250000000001664e-03 0.0000000000000000e+00 0.0000000000000000e+00 1.7712913099988878e+00 2.8227225921784579e-05
6.4448262354328085e-04 -2.0750000000001826e-03 0.0000000000000000e+00 0.0000000000000000e+00 1.7712908662242990e+00 2.9638381899153733e-05
6.7554202708753524e-04 -2.1750000000002145e-03 0.0000000000000000e+00 0.0000000000000000e+00 1.7712899786834202e+00 3.2563951353145066e-05
7.3766083417604400e-04 -2.3750000000002792e-03 0.0000000000000000e+00 0.0000000000000000e+00 1.7712882036390576e+00 3.8828121213613604e-05
8.6189844835306154e-04 -2.7750000000004095e-03 0.0000000000000000e+00 0.0000000000000000e+00 1.7712846536975642e+00 5.3008592388283458e-05
1.1103736767070966e-03 -3.5750000000006705e-03 0.0000000000000000e+00 0.0000000000000000e+00 1.7712775544034713e+00 8.7978121702868747e-05
1.6073241334151668e-03 -5.1750000000012003e-03 0.0000000000000000e+00 0.0000000000000000e+00 1.7712633581683306e+00 1.8435201739553869e-04
2.6012250468313070e-03 -8.3750000000022574e-03 0.0000000000000000e+00 0.0000000000000000e+00 1.7712349751021303e+00 4.8284307065500723e-04
4.5890268736635872e-03 -1.4775000000004373e-02 0.0000000000000000e+00 0.0000000000000000e+00 1.7711782465070516e+00 1.5028295336315216e-03
8.5646305273281466e-03 -2.7575000000008617e-02 0.0000000000000000e+00 0.0000000000000000e+00 1.7710649388274013e+00 5.2350703571033544e-03
1.6515837834657265e-02 -5.3175000000017097e-02 0.0000000000000000e+00 0.0000000000000000e+00 1.7708389164383362e+00 1.9470627367630156e-02
3.2418252449315503e-02 -1.0437500000003401e-01 0.0000000000000000e+00 0.0000000000000000e+00 1.7703892033868818e+00 7.5042073031079709e-02
6.4223081678631971e-02 -2.0677500000006790e-01 0.0000000000000000e+00 0.0000000000000000e+00 1.7694987896033940e+00 2.9471453243207058e-01
