8.5626195342667169e-04 -1.9799999999995980e-03 0.0000000000000000e+00 0.0000000000000000e+00 1.6309926254015188e+00 3.4277057273409265e-05
8.6491106406734507e-04 -1.9999999999995837e-03 0.0000000000000000e+00 0.0000000000000000e+00 1.6309920531298674e+00 3.4973038591224500e-05
8.7572245236818675e-04 -2.0249999999995662e-03 0.0000000000000000e+00 0.0000000000000000e+00 1.6309913377941208e+00 3.5852852431318337e-05
8.9734522896987010e-04 -2.0749999999995312e-03 0.0000000000000000e+00 0.0000000000000000e+00 1.6309899071378462e+00 3.7645270835356715e-05
9.4059078217323682e-04 -2.1749999999994621e-03 0.0000000000000000e+00 0.0000000000000000e+00 1.6309870458832414e+00 4.1361271136426746e-05
1.0270818885799702e-03 -2.3749999999993243e-03 0.0000000000000000e+00 0.0000000000000000e+00 1.6309813236095181e+00 4.9317930491261735e-05
1.2000641013934371e-03 -2.7749999999990482e-03 0.0000000000000000e+00 0.0000000000000000e+00 1.6309698800006029e+00 6.7329922457487639e-05
1.5460285270203708e-03 -3.5749999999984969e-03 0.0000000000000000e+00 0.0000000000000000e+00 1.6309469965355592e+00 1.1174890538237412e-04
2.2379573782742379e-03 -5.1749999999973970e-03 0.0000000000000000e+00 0.0000000000000000e+00 1.6309012445974196e+00 2.3416931493157152e-04
3.6218150807819723e-03 -8.3749999999952023e-03 0.0000000000000000e+00 0.0000000000000000e+00 1.6308098005508587e+00 6.1335949066514996e-04
6.3895304857974414e-03 -1.4774999999990820e-02 0.0000000000000000e+00 0.0000000000000000e+00 1.6306271506519767e+00 1.9092939233729281e-03
1.1924961295828380e-02 -2.7574999999982037e-02 0.0000000000000000e+00 0.0000000000000000e+00 1.6302627947025552e+00 6.6526323513500475e-03
2.2995822915890259e-02 -5.3174999999964452e-02 0.0000000000000000e+00 0.0000000000000000e+00 1.6295377876337509e+00 2.4755213358343242e-02
4.5137546156014015e-02 -1.0437499999992929e-01 0.0000000000000000e+00 0.0000000000000000e+00 1.6281020418538827e+00 9.5504199182827154e-02
8.9420992636261520e-02 -2.0677499999985907e-01 0.0000000000000000e+00 0.0000000000000000e+00 1.6252834209464913e+00 3.7581912372451876e-01
