3.2385284013666983e-04 -1.9800000000000329e-03 0.0000000000000000e+00 0.0000000000000000e+00 1.9273759890026589e+00 2.1412911297422754e-05
3.2712408094613113e-04 -2.0000000000000334e-03 0.0000000000000000e+00 0.0000000000000000e+00 1.9273759301076199e+00 2.1847680845127631e-05
3.3121313195795776e-04 -2.0250000000000342e-03 0.0000000000000000e+00 0.0000000000000000e+00 1.9273758564889376e+00 2.2397287480157148e-05
3.3939123398161103e-04 -2.0750000000000351e-03 0.0000000000000000e+00 0.0000000000000000e+00 1.9273757092520554e+00 2.3516983088052984e-05
3.5574743802891756e-04 -2.1750000000000371e-03 0.0000000000000000e+00 0.0000000000000000e+00 1.9273754147805988e+00 2.5838303678589723e-05
3.8845984612353063e-04 -2.3750000000000411e-03 0.0000000000000000e+00 0.0000000000000000e+00 1.9273748258502583e+00 3.0808662545826200e-05
4.5388466231275677e-04 -2.7750000000000487e-03 0.0000000000000000e+00 0.0000000000000000e+00 1.9273736480344970e+00 4.2060252522413022e-05
5.8473429469120910e-04 -3.5750000000000634e-03 0.0000000000000000e+00 0.0000000000000000e+00 1.9273712925855215e+00 6.9806933423736920e-05
8.4643355944811376e-04 -5.1750000000000936e-03 0.0000000000000000e+00 0.0000000000000000e+00 1.9273665824188848e+00 1.4627439485654417e-04
1.3698320889619230e-03 -8.3750000000001532e-03 0.0000000000000000e+00 0.0000000000000000e+00 1.9273571650058234e+00 3.8310648294326277e-04
2.4166291479895416e-03 -1.4775000000000272e-02 0.0000000000000000e+00 0.0000000000000000e+00 1.9273383418420551e+00 1.1923654536048493e-03
4.5102232660447789e-03 -2.7575000000000505e-02 0.0000000000000000e+00 0.0000000000000000e+00 1.9273007420050507e+00 4.1533116417104797e-03
8.6974115021552535e-03 -5.3175000000000971e-02 0.0000000000000000e+00 0.0000000000000000e+00 1.9272257270292907e+00 1.5445309555690456e-02
1.7071787974376203e-02 -1.0437500000000191e-01 0.0000000000000000e+00 0.0000000000000000e+00 1.9270764258438464e+00 5.9512867939836386e-02
3.3820540918818101e-02 -2.0677500000000382e-01 0.0000000000000000e+00 0.0000000000000000e+00 1.9267806596117043e+00 2.3360735817376105e-01
