8.5626195342667169e-04 -1.9799999999997315e-03 0.0000000000000000e+00 0.0000000000000000e+00 1.6310187198125914e+00 3.4276243461164743e-05
8.6491106406734507e-04 -1.9999999999997234e-03 0.0000000000000000e+00 0.0000000000000000e+00 1.6310184110098136e+00 3.4972199868063482e-05
8.7572245236818675e-04 -2.0249999999997132e-03 0.0000000000000000e+00 0.0000000000000000e+00 1.6310180250070352e+00 3.5851981861249273e-05
8.9734522896987010e-04 -2.0749999999996934e-03 0.0000000000000000e+00 0.0000000000000000e+00 1.6310172530063052e+00 3.7644334173247587e-05
9.4059078217323682e-04 -2.1749999999996551e-03 0.0000000000000000e+00 0.0000000000000000e+00 1.6310157090211945e+00 4.1360192422135297e-05
1.0270818885799702e-03 -2.3749999999995780e-03 0.0000000000000000e+00 0.0000000000000000e+00 1.6310126211201235e+00 4.9316525998548605e-05
1.2000641013934371e-03 -2.7749999999994251e-03 0.0000000000000000e+00 0.0000000000000000e+00 1.6310064455914013e+00 6.7327682098516816e-05
1.5460285270203708e-03 -3.5749999999991192e-03 0.0000000000000000e+00 0.0000000000000000e+00 1.6309940956281499e+00 1.1174411514773829e-04
2.2379573782742379e-03 -5.1749999999985028e-03 0.0000000000000000e+00 0.0000000000000000e+00 1.6309694000740893e+00 2.3415478512907263e-04
3.6218150807819723e-03 -8.3749999999972683e-03 0.0000000000000000e+00 0.0000000000000000e+00 1.6309200264362989e+00 6.1329790450931950e-04
6.3895304857974414e-03 -1.4774999999994808e-02 0.0000000000000000e+00 0.0000000000000000e+00 1.6308213488635119e+00 1.9089557720282247e-03
1.1924961295828380e-02 -2.7574999999989882e-02 0.0000000000000000e+00 0.0000000000000000e+00 1.6306242711185983e+00 6.6504341108044474e-03
2.2995822915890259e-02 -5.3174999999980085e-02 0.0000000000000000e+00 0.0000000000000000e+00 1.6302312140166562e+00 2.4739449912948769e-02
4.5137546156014015e-02 -1.0437499999996053e-01 0.0000000000000000e+00 0.0000000000000000e+00 1.6294494048222596e+00 9.5384987692710255e-02
8.9420992636261520e-02 -2.0677499999992130e-01 0.0000000000000000e+00 0.0000000000000000e+00 1.6279023164396389e+00 3.7489224537096721e-01
