3.2385284013666983e-04 -1.9800000000000980e-03 0.0000000000000000e+00 0.0000000000000000e+00 1.9273745048889486e+00 2.1412928909372430e-05
3.2712408094613113e-04 -2.0000000000000994e-03 0.0000000000000000e+00 0.0000000000000000e+00 1.9273744310072332e+00 2.1847698996181760e-05
3.3121313195795776e-04 -2.0250000000001005e-03 0.0000000000000000e+00 0.0000000000000000e+00 1.9273743386553293e+00 2.2397306320419543e-05
3.3939123398161103e-04 -2.0750000000001028e-03 0.0000000000000000e+00 0.0000000000000000e+00 1.9273741539524121e+00 2.3517003358632578e-05
3.5574743802891756e-04 -2.1750000000001074e-03 0.0000000000000000e+00 0.0000000000000000e+00 1.9273737845505252e+00 2.5838327023362192e-05
3.8845984612353063e-04 -2.3750000000001162e-03 0.0000000000000000e+00 0.0000000000000000e+00 1.9273730457658755e+00 3.0808692940864879e-05
4.5388466231275677e-04 -2.7750000000001341e-03 0.0000000000000000e+00 0.0000000000000000e+00 1.9273715682677044e+00 4.2060301006678012e-05
5.8473429469120910e-04 -3.5750000000001696e-03 0.0000000000000000e+00 0.0000000000000000e+00 1.9273686135586989e+00 6.9807037090607025e-05
8.4643355944811376e-04 -5.1750000000002410e-03 0.0000000000000000e+00 0.0000000000000000e+00 1.9273627052908588e+00 1.4627470930024913e-04
1.3698320889619230e-03 -8.3750000000003821e-03 0.0000000000000000e+00 0.0000000000000000e+00 1.9273508933483974e+00 3.8310781574725473e-04
2.4166291479895416e-03 -1.4775000000000666e-02 0.0000000000000000e+00 0.0000000000000000e+00 1.9273272877985257e+00 1.1923727716368355e-03
4.5102232660447789e-03 -2.7575000000001237e-02 0.0000000000000000e+00 0.0000000000000000e+00 1.9272801497259018e+00 4.1533592144757363e-03
8.6974115021552535e-03 -5.3175000000002373e-02 0.0000000000000000e+00 0.0000000000000000e+00 1.9271861631993525e+00 1.5445650697012189e-02
1.7071787974376203e-02 -1.0437500000000478e-01 0.0000000000000000e+00 0.0000000000000000e+00 1.9269993289078129e+00 5.9515447830477422e-02
3.3820540918818101e-02 -2.0677500000000959e-01 0.0000000000000000e+00 0.0000000000000000e+00 1.9266300608315656e+00 2.3362741701863754e-01
