3.2385284013666983e-04 -1.9800000000000789e-03 0.0000000000000000e+00 0.0000000000000000e+00 1.9273752469337100e+00 2.1412920103397882e-05
3.2712408094613113e-04 -2.0000000000000811e-03 0.0000000000000000e+00 0.0000000000000000e+00 1.9273751805450874e+00 2.1847689920655016e-05
3.3121313195795776e-04 -2.0250000000000836e-03 0.0000000000000000e+00 0.0000000000000000e+00 1.9273750975594839e+00 2.2397296900288699e-05
3.3939123398161103e-04 -2.0750000000000881e-03 0.0000000000000000e+00 0.0000000000000000e+00 1.9273749315889519e+00 2.3516993223343204e-05
3.5574743802891756e-04 -2.1750000000000970e-03 0.0000000000000000e+00 0.0000000000000000e+00 1.9273745996509699e+00 2.5838315350976535e-05
3.8845984612353063e-04 -2.3750000000001149e-03 0.0000000000000000e+00 0.0000000000000000e+00 1.9273739357906698e+00 3.0808677743346464e-05
4.5388466231275677e-04 -2.7750000000001510e-03 0.0000000000000000e+00 0.0000000000000000e+00 1.9273726081273546e+00 4.2060276764547295e-05
5.8473429469120910e-04 -3.5750000000002238e-03 0.0000000000000000e+00 0.0000000000000000e+00 1.9273699530327160e+00 6.9806985257176099e-05
8.4643355944811376e-04 -5.1750000000003694e-03 0.0000000000000000e+00 0.0000000000000000e+00 1.9273646437723937e+00 1.4627455207840787e-04
1.3698320889619230e-03 -8.3750000000006614e-03 0.0000000000000000e+00 0.0000000000000000e+00 1.9273540289614481e+00 3.8310714934529426e-04
2.4166291479895416e-03 -1.4775000000001245e-02 0.0000000000000000e+00 0.0000000000000000e+00 1.9273328141512862e+00 1.1923691126209657e-03
4.5102232660447789e-03 -2.7575000000002414e-02 0.0000000000000000e+00 0.0000000000000000e+00 1.9272904435505243e+00 4.1533354280935651e-03
8.6974115021552535e-03 -5.3175000000004739e-02 0.0000000000000000e+00 0.0000000000000000e+00 1.9272059366188770e+00 1.5445480126353078e-02
1.7071787974376203e-02 -1.0437500000000945e-01 0.0000000000000000e+00 0.0000000000000000e+00 1.9270378455026302e+00 5.9514157885163753e-02
3.3820540918818101e-02 -2.0677500000001883e-01 0.0000000000000000e+00 0.0000000000000000e+00 1.9267052416726771e+00 2.3361738759622627e-01
