6.1497619017623917e-04 -1.9799999999999189e-03 0.0000000000000000e+00 0.0000000000000000e+00 1.7712737096403988e+00 2.6986975684730704e-05
6.2118807088509006e-04 -1.9999999999999168e-03 0.0000000000000000e+00 0.0000000000000000e+00 1.7712733503894944e+00 2.7534927973342904e-05
6.2895292177115366e-04 -2.0249999999999136e-03 0.0000000000000000e+00 0.0000000000000000e+00 1.7712729013280000e+00 2.8227612947601217e-05
6.4448262354328085e-04 -2.0749999999999081e-03 0.0000000000000000e+00 0.0000000000000000e+00 1.7712720032154063e+00 2.9638798307241340e-05
6.7554202708753524e-04 -2.1749999999998962e-03 0.0000000000000000e+00 0.0000000000000000e+00 1.7712702070269810e+00 3.2564430912796902e-05
7.3766083417604400e-04 -2.3749999999998716e-03 0.0000000000000000e+00 0.0000000000000000e+00 1.7712666148013747e+00 3.8828745603260924e-05
8.6189844835306154e-04 -2.7749999999998227e-03 0.0000000000000000e+00 0.0000000000000000e+00 1.7712594309526266e+00 5.3009588375613178e-05
1.1103736767070966e-03 -3.5749999999997260e-03 0.0000000000000000e+00 0.0000000000000000e+00 1.7712450656638257e+00 8.7980251278114779e-05
1.6073241334151668e-03 -5.1749999999995324e-03 0.0000000000000000e+00 0.0000000000000000e+00 1.7712163447093692e+00 1.8435847685110816e-04
2.6012250468313070e-03 -8.3749999999991418e-03 0.0000000000000000e+00 0.0000000000000000e+00 1.7711589412121591e+00 4.8287044976347011e-04
4.5890268736635872e-03 -1.4774999999998362e-02 0.0000000000000000e+00 0.0000000000000000e+00 1.7710442872050245e+00 1.5029798642090153e-03
8.5646305273281466e-03 -2.7574999999996797e-02 0.0000000000000000e+00 0.0000000000000000e+00 1.7708155858835217e+00 5.2360476200259435e-03
1.6515837834657265e-02 -5.3174999999993547e-02 0.0000000000000000e+00 0.0000000000000000e+00 1.7703605684187900e+00 1.9477635258903524e-02
3.2418252449315503e-02 -1.0437499999998702e-01 0.0000000000000000e+00 0.0000000000000000e+00 1.7694597484169512e+00 7.5095070401957204e-02
6.4223081678631971e-02 -2.0677499999997387e-01 0.0000000000000000e+00 0.0000000000000000e+00 1.7676924675948769e+00 2.9512659099984728e-01
