3.2385284013666983e-04 -1.9800000000001388e-03 0.0000000000000000e+00 0.0000000000000000e+00 1.9273767310957981e+00 2.1412902491450856e-05
3.2712408094613113e-04 -2.0000000000001406e-03 0.0000000000000000e+00 0.0000000000000000e+00 1.9273766796948328e+00 2.1847671769603583e-05
3.3121313195795776e-04 -2.0250000000001426e-03 0.0000000000000000e+00 0.0000000000000000e+00 1.9273766154436922e+00 2.2397278060029038e-05
3.3939123398161103e-04 -2.0750000000001466e-03 0.0000000000000000e+00 0.0000000000000000e+00 1.9273764869417231e+00 2.3516972952766432e-05
3.5574743802891756e-04 -2.1750000000001542e-03 0.0000000000000000e+00 0.0000000000000000e+00 1.9273762299394139e+00 2.5838292006207045e-05
3.8845984612353063e-04 -2.3750000000001699e-03 0.0000000000000000e+00 0.0000000000000000e+00 1.9273757159446434e+00 3.0808647348311112e-05
4.5388466231275677e-04 -2.7750000000002014e-03 0.0000000000000000e+00 0.0000000000000000e+00 1.9273746879891360e+00 4.2060228280286351e-05
5.8473429469120910e-04 -3.5750000000002642e-03 0.0000000000000000e+00 0.0000000000000000e+00 1.9273726322171294e+00 6.9806881590311632e-05
8.4643355944811376e-04 -5.1750000000003885e-03 0.0000000000000000e+00 0.0000000000000000e+00 1.9273685212303813e+00 1.4627423763471220e-04
1.3698320889619230e-03 -8.3750000000006354e-03 0.0000000000000000e+00 0.0000000000000000e+00 1.9273603014817307e+00 3.8310581654132041e-04
2.4166291479895416e-03 -1.4775000000001128e-02 0.0000000000000000e+00 0.0000000000000000e+00 1.9273438708719794e+00 1.1923617945890233e-03
4.5102232660447789e-03 -2.7575000000002115e-02 0.0000000000000000e+00 0.0000000000000000e+00 1.9273110450969129e+00 4.1532878553284360e-03
8.6974115021552535e-03 -5.3175000000004094e-02 0.0000000000000000e+00 0.0000000000000000e+00 1.9272455344834034e+00 1.5445138985031772e-02
1.7071787974376203e-02 -1.0437500000000804e-01 0.0000000000000000e+00 0.0000000000000000e+00 1.9271150703235462e+00 5.9511577994524362e-02
3.3820540918818101e-02 -2.0677500000001597e-01 0.0000000000000000e+00 0.0000000000000000e+00 1.9268563175882494e+00 2.3359732875135628e-01
