6.1497619017623917e-04 -1.9799999999999228e-03 0.0000000000000000e+00 0.0000000000000000e+00 1.7712827088890120e+00 2.6986794788117754e-05
6.2118807088509006e-04 -1.9999999999999207e-03 0.0000000000000000e+00 0.0000000000000000e+00 1.7712824404951919e+00 2.7534741539457111e-05
6.2895292177115366e-04 -2.0249999999999175e-03 0.0000000000000000e+00 0.0000000000000000e+00 1.7712821050038043e+00 2.8227419434689691e-05
6.4448262354328085e-04 -2.0749999999999107e-03 0.0000000000000000e+00 0.0000000000000000e+00 1.7712814340272658e+00 2.9638590103193919e-05
6.7554202708753524e-04 -2.1749999999998966e-03 0.0000000000000000e+00 0.0000000000000000e+00 1.7712800920943155e+00 3.2564191132966518e-05
7.3766083417604400e-04 -2.3749999999998690e-03 0.0000000000000000e+00 0.0000000000000000e+00 1.7712774083131206e+00 3.8828433408430925e-05
8.6189844835306154e-04 -2.7749999999998141e-03 0.0000000000000000e+00 0.0000000000000000e+00 1.7712720410871483e+00 5.3009090381937483e-05
1.1103736767070966e-03 -3.5749999999997030e-03 0.0000000000000000e+00 0.0000000000000000e+00 1.7712613079804578e+00 8.7979186490468880e-05
1.6073241334151668e-03 -5.1749999999994674e-03 0.0000000000000000e+00 0.0000000000000000e+00 1.7712398471424995e+00 1.8435524712326327e-04
2.6012250468313070e-03 -8.3749999999989944e-03 0.0000000000000000e+00 0.0000000000000000e+00 1.7711969469356301e+00 4.8285676020905400e-04
4.5890268736635872e-03 -1.4774999999998045e-02 0.0000000000000000e+00 0.0000000000000000e+00 1.7711112321232076e+00 1.5029046989196333e-03
8.5646305273281466e-03 -2.7574999999996148e-02 0.0000000000000000e+00 0.0000000000000000e+00 1.7709401427049873e+00 5.2355589885623097e-03
1.6515837834657265e-02 -5.3174999999992360e-02 0.0000000000000000e+00 0.0000000000000000e+00 1.7705993072575019e+00 1.9474131313257929e-02
3.2418252449315503e-02 -1.0437499999998483e-01 0.0000000000000000e+00 0.0000000000000000e+00 1.7699228726101977e+00 7.5068571716483790e-02
6.4223081678631971e-02 -2.0677499999996968e-01 0.0000000000000000e+00 0.0000000000000000e+00 1.7685898836666554e+00 2.9492056171582198e-01
