3.1705792973163369e+01 3.1174209329156568e+01 3.2222857502246605e+01 3.4686895642076159e+01 3.8310427093671514e+01 4.2839397856359099e+01 4.8062065273050038e+01 5.3818191107430813e+01
2.9390629769493067e+01 2.9237631781337026e+01 3.0781426481131405e+01 3.3785659917279588e+01 3.7946678306141344e+01 4.3005105351651309e+01 4.8736026119047239e+01 5.4893760549382037e+01
2.7268698017841015e+01 2.7602449988158423e+01 2.9760824557507256e+01 3.3450290047338356e+01 3.8317904413174361e+01 4.3927487321463310e+01 4.9995399738748631e+01 5.6362529105239076e+01
2.5435887231741027e+01 2.6433587511371606e+01 2.9473598710600662e+01 3.3990517523437148e+01 3.9383530878210550e+01 4.5307331184389724e+01 5.1572218378132725e+01 5.8068506880101040e+01
2.4076680390287670e+01 2.6123322481336711e+01 3.0077601198019806e+01 3.5138449400135080e+01 4.0851436987052040e+01 4.6972411566310136e+01 5.3364463244495212e+01 5.9945635364605302e+01
2.3613071230799818e+01 2.6697041637370504e+01 3.1258542707887070e+01 3.6667299651338226e+01 4.2588404973678358e+01 4.8839991214008563e+01 5.5317181324334840e+01 6.1955379808464869e+01
2.4051328949843228e+01 2.7854977739917203e+01 3.2818587345551336e+01 3.8459240054538014e+01 4.4520724759506905e+01 5.0860937340713875e+01 5.7395767695866660e+01 6.4072145122274534e+01
2.5111039505771959e+01 2.9407012479326010e+01 3.4644541596633609e+01 4.0444174855205333e+01 4.6602135893831274e+01 5.3002876200020985e+01 5.9576396669856813e+01 6.6277605741234098e+01
2.6597699902267628e+01 3.1237302211190361e+01 3.6666062173550657e+01 4.2576621694724942e+01 4.8801299112614700e+01 5.5243000635043913e+01 6.1841687179750807e+01 6.8557985394320099e+01
2.8386727553984411e+01 3.3271771067630475e+01 3.8836595222756664e+01 4.4825266928565561e+01 5.1095829277982062e+01 5.7564478024734250e+01 6.4178441232644118e+01 7.0902567686406002e+01
3.0396759294816288e+01 3.5460848593365235e+01 4.1123839890171723e+01 4.7167592998577426e+01 5.3469104933528797e+01 5.9954456029076610e+01 6.6576337944633508e+01 7.3302802813871793e+01
3.2572988319798029e+01 3.7770076587703734e+01 4.3504544612307647e+01 4.9586858640166135e+01 5.5908414451043271e+01 6.2402864815358264e+01 6.9027123393842359e+01 7.5751734937401366e+01
3.4877343859889365e+01 4.0174726021889128e+01 4.5961470381498103e+01 5.2070284109281623e+01 5.8403807720945494e+01 6.4901652612561051e+01 7.1524078473482930e+01 7.8243616048786777e+01
3.7282625393645255e+01 4.2656566536224510e+01 4.8481521217292325e+01 5.4607902138216382e+01 6.0947348486393174e+01 6.7444274356991400e+01 7.4061653785071258e+01 8.0773635069274505e+01
3.9768903673703740e+01 4.5201844650989948e+01 5.1054543566640277e+01 5.7191799014059207e+01 6.3532607008609148e+01 7.0025336564139153e+01 7.6635210359033820e+01 8.3337721663754593e+01
4.2321247645659327e+01 4.7799975514459973e+01 5.3672526600575949e+01 5.9815595327012481e+01 6.6154304735171252e+01 7.2640342637553275e+01 7.9240830242906824e+01 8.5932400437046297e+01
4.4928247935674804e+01 5.0442670210565026e+01 5.6329054192181410e+01 6.2474081027739565e+01 6.8808058509771811e+01 7.5285505998080794e+01 8.1875174901799227e+01 8.8554680221907404e+01
4.7581032362278791e+01 5.3123337908488445e+01 5.9018919010647096e+01 6.5162951756404723e+01 7.1490192194196339e+01 7.7957610120681920e+01 8.4535377256422322e+01 9.1201968480638754e+01
5.0272593593278415e+01 5.5836665266415416e+01 6.1737845351474782e+01 6.7878615706691249e+01 7.4197595359819402e+01 8.0653901018093705e+01 8.7218957983202571e+01 9.3872004096824938e+01
5.2997319819383833e+01 5.8578318752608183e+01 6.4482284982133763e+01 7.0618048035047579e+01 7.6927615314355819e+01 8.3372004413060338e+01 8.9923759700366318e+01 9.6562803900911078e+01
5.5750660593346048e+01 6.1344723155211746e+01 6.7249266332036484e+01 7.3378681166111576e+01 7.9677973637000022e+01 8.6109860527460427e+01 9.2647894574330252e+01 9.9272619627729370e+01
5.8528884563076822e+01 6.4132902016381919e+01 7.0036279688914959e+01 7.6158318905701591e+01 8.2446700706838783e+01 8.8865672142372929e+01 9.5389702152818572e+01 1.0199990291589278e+02
6.1328900933754369e+01 6.6940353979964755e+01 7.2841188235750678e+01 7.8955070624831620e+01 8.5232083789098127e+01 9.1637862897145553e+01 9.8147715098547678e+01 1.0474327658755941e+02
6.4148125904951456e+01 6.9764960175425998e+01 7.5662160961695406e+01 8.1767298405841586e+01 8.8032625416702885e+01 9.4425043398741266e+01 1.0092063110083265e+02 1.0750151088959703e+02
6.6984381380347145e+01 7.2604913241581357e+01 7.8497617842812119e+01 8.4593575555486211e+01 9.0847009855494122e+01 9.7225983660017093e+01 1.0370728967050304e+02 1.1027350369454949e+02
6.9835817194548255e+01 7.5458660336208951e+01 8.1346187699442794e+01 8.7432652400775268e+01 9.3674075638993671e+01 1.0003959030350129e+02 1.0650665283237902e+02 1.1305826389122278e+02
7.2700850690157807e+01 7.8324858954561805e+01 8.4206674578055754e+01 9.0283429519293193e+01 9.6512793084881366e+01 1.0286488763528132e+02 1.0931778895589213e+02 1.1585489736596486e+02
7.5578119287708418e+01 8.1202342247357734e+01 8.7078028922182355e+01 9.3144935126900265e+01 9.9362245714552984e+01 1.0570100184383077e+02 1.1213985913259521e+02 1.1866259510414473e+02
7.8466442891081613e+01 8.4090090559559982e+01 8.9959326249614122e+01 9.6016306456268495e+01 1.0222161473777049e+02 1.0854714772308682e+02 1.1497210563580889e+02 1.2148062303881781e+02
8.1364793800458742e+01 8.6987208456702788e+01 9.2849748698619450e+01 9.8896774960617691e+01 1.0509016606179073e+02 1.1140261745382425e+02 1.1781384209389334e+02 1.2430831334836358e+02
8.4272272457138513e+01 8.9892905483485876e+01 9.5748569078731748e+01 1.0178565318161927e+02 1.0796723937141508e+02 1.1426677107478469e+02 1.2066444508260614e+02 1.2714505696284833e+02
8.7188087713513895e+01 9.2806481459004175e+01 9.8655138771800210e+01 1.0468232417916597e+02 1.1085223888605347e+02 1.1713902835048431e+02 1.2352334689939099e+02 1.2999029708419576e+02
9.0111540678986941e+01 9.5727313528578549e+01 1.0156887723193435e+02 1.0758623250997155e+02 1.1374462547971950e+02 1.2001886180132561e+02 1.2639002932733801e+02 1.3284352356099504e+02
9.3042011400739995e+01 9.8654845552395230e+01 1.0448926308903690e+02 1.1049687658640994e+02 1.1664390994185801e+02 1.2290579070360081e+02 1.2926401823194647e+02 1.3570426798717872e+02
9.5978947814577879e+01 1.0158857921322182e+02 1.0741582643976426e+02 1.1341380231956488e+02 1.1954964719350600e+02 1.2579937590187041e+02 1.3214487886196514e+02 1.3857209941653380e+02
9.8921856515482347e+01 1.0452806652298551e+02 1.1034814248665104e+02 1.1633659710356886e+02 1.2246143130622426e+02 1.2869921530682066e+02 1.3503221174822588e+02 1.4144662060332041e+02
1.0187029501630954e+02 1.0747290335509689e+02 1.1328582626016218e+02 1.1926488534024615e+02 1.2537889119447894e+02 1.3160493997449532e+02 1.3792564911260644e+02 1.4432746469411194e+02
1.0482386521276000e+02 1.1042272418924337e+02 1.1622852796284249e+02 1.2219832428542493e+02 1.2830168686938231e+02 1.3451621068034754e+02 1.4082485171372443e+02 1.4721429230806783e+02
1.0778220784373934e+02 1.1337719753539058e+02 1.1917592889017597e+02 1.2513660040280192e+02 1.3122950617038279e+02 1.3743271491597264e+02 1.4372950606775080e+02 1.5010678895276504e+02
1.1074499776507636e+02 1.1633602195315120e+02 1.2212773809569673e+02 1.2807942623679384e+02 1.3416206190681010e+02 1.4035416424823927e+02 1.4663932199264755e+02 1.5300466273087696e+02
1.1371193991301338e+02 1.1929892263977474e+02 1.2508368909823355e+02 1.3102653769679270e+02 1.3709908934983073e+02 1.4328029199025178e+02 1.4955403043228236e+02 1.5590764229974852e+02
1.1668276583053273e+02 1.2226564848213515e+02 1.2804353745244944e+02 1.3397769169311863e+02 1.4004034402481221e+02 1.4621085114155443e+02 1.5247338152351836e+02 1.5881547505153222e+02
1.1965723067010909e+02 1.2523596950745964e+02 1.3100705847853169e+02 1.3693266399719334e+02 1.4298559976405519e+02 1.4914561256156549e+02 1.5539714287486683e+02 1.6172792548623832e+02
1.2263511059861943e+02 1.2820967463071187e+02 1.3397404523517304e+02 1.3989124741054982e+02 1.4593464698477209e+02 1.5208436334567958e+02 1.5832509802988156e+02 1.6464477375398394e+02
1.2561620054159386e+02 1.3118656968979968e+02 1.3694430677586777e+02 1.4285325016718190e+02 1.4888729116043305e+02 1.5502690537800825e+02 1.6125704509232349e+02 1.6756581434603115e+02
1.2860031221556170e+02 1.3416647594558430e+02 1.3991766658439172e+02 1.4581849448036155e+02 1.5184335145984005e+02 1.5797305403851971e+02 1.6419279549335801e+02 1.7049085491699853e+02
1.3158727240612276e+02 1.3714922805932605e+02 1.4289396118519952e+02 1.4878681525862342e+02 1.5480265953310303e+02 1.6092263704550464e+02 1.6713217288377666e+02 1.7341971522299394e+02
1.3457692145651274e+02 1.4013467335072423e+02 1.4587303896271371e+02 1.5175805897096168e+02 1.5776505842645503e+02 1.6387549341696209e+02 1.7007501213654078e+02 1.7635222616242930e+02
1.3756911193735482e+02 1.4312267030046081e+02 1.4885475915214843e+02 1.5473208261655699e+02 1.6073040161014740e+02 1.6683147253674451e+02 1.7302115844690738e+02 1.7928822890799427e+02
1.4056370747237881e+02 1.4611308761007513e+02 1.5183899055814470e+02 1.5770875278928341e+02 1.6369855210574207e+02 1.6979043331320563e+02 1.7597046651906143e+02 1.8222757411973080e+02
1.4356058169745577e+02 1.4910580325735128e+02 1.5482561107068156e+02 1.6068794489288965e+02 1.6666938170092590e+02 1.7275224341972043e+02 1.7892279982960696e+02 1.8517012123041161e+02
1.4655961733592852e+02 1.5210070366960790e+02 1.5781450673693422e+02 1.6366954241326283e+02 1.6964277024158835e+02 1.7571677860783106e+02 1.8187802995948684e+02 1.8811573779550866e+02
1.4956070537969461e+02 1.5509768298888150e+02 1.6080557107040943e+02 1.6665343625120536e+02 1.7261860499243369e+02 1.7868392208495982e+02 1.8483603598695217e+02 1.9106429890096953e+02
1.5256374435780668e+02 1.5809664241003128e+02 1.6379870445563839e+02 1.6963952412412149e+02 1.7559678005866206e+02 1.8165356394964400e+02 1.8779670393510267e+02 1.9401568662283051e+02
1.5556863967580807e+02 1.6109748958887010e+02 1.6679381358531231e+02 1.7262771002774360e+02 1.7857719586200935e+02 1.8462560067812205e+02 1.9075992626830106e+02 1.9696978953339516e+02
1.5857530303350592e+02 1.6410013811032749e+02 1.6979081095275947e+02 1.7561790374997750e+02 1.8155975866502857e+02 1.8759993465684735e+02 1.9372560143243862e+02 1.9992650224931293e+02
1.6158365189890901e+02 1.6710450700199019e+02 1.7278961439708891e+02 1.7861002042983498e+02 1.8454438013830367e+02 1.9057647375615934e+02 1.9669363343461421e+02 2.0288572501742843e+02
1.6459360902711637e+02 1.7011052032035371e+02 1.7579014668934275e+02 1.8160398015626006e+02 1.8753097696608958e+02 1.9355513094090117e+02 1.9966393145830151e+02 2.0584736333472787e+02
1.6760510204328375e+02 1.7311810671851444e+02 1.7879233515438415e+02 1.8459970760291742e+02 1.9051947048646133e+02 1.9653582391426312e+02 2.0263640951051929e+02 2.0881132759912194e+02
1.7061806304554676e+02 1.7612719913771224e+02 1.8179611133196627e+02 1.8759713169544062e+02 1.9350978636249476e+02 1.9951847479155626e+02 2.0561098609791216e+02 2.1177753278815160e+02
1.7363242826565030e+02 1.7913773449395558e+02 1.8480141068103441e+02 1.9059618530789507e+02 1.9650185428138340e+02 2.0250300980099036e+02 2.0858758392898480e+02 2.1474589816302282e+02
1.7664813774364947e+02 1.8214965323876251e+02 1.8780817234832361e+02 1.9359680498573485e+02 1.9949560767873353e+02 2.0548935900885823e+02 2.1156612964003529e+02 2.1771634699564444e+02
1.7966513504820421e+02 1.8516289936269146e+02 1.9081633872607259e+02 1.9659893069505247e+02 2.0249098348558917e+02 2.0847745606680962e+02 2.1454655354259151e+02 2.2068880631659056e+02
1.8268336700716586e+02 1.8817741992909308e+02 1.9382585537609540e+02 1.9960250560139369e+02 2.0548792189600462e+02 2.1146723797914788e+02 2.1752878939038882e+02 2.2366320668211890e+02
1.8570278347814690e+02 1.9119316482836493e+02 1.9683667080072726e+02 2.0260747581461206e+02 2.0848636615322278e+02 2.1445864488830466e+02 2.2051277416412657e+02 2.2663948195856946e+02
1.8872333712102321e+02 1.9421008679743443e+02 1.9984873622153324e+02 2.0561379020601106e+02 2.1148626235272368e+02 2.1745161987683883e+02 2.2349844787242770e+02 2.2961756912263223e+02
1.9174498321060858e+02 1.9722814105770595e+02 2.0286200539225251e+02 2.0862140025347807e+02 2.1448755926059212e+02 2.2044610878447762e+02 2.2648575336757833e+02 2.3259740807612494e+02
1.9476767944373296e+02 2.0024728515620885e+02 2.0587643443256428e+02 2.1163025986320400e+02 2.1749020814581255e+02 2.2344206003886944e+02 2.2947463617477072e+02 2.3557894147405321e+02
1.9779138578176438e+02 2.0326747887228848e+02 2.0889198167828891e+02 2.1464032521384343e+02 2.2049416262524522e+02 2.2643942449885142e+02 2.3246504433369600e+02 2.3856211456484144e+02
2.0081606429338200e+02 2.0628868404198781e+02 2.1190860754077386e+02 2.1765155461414687e+02 2.2349937852016248e+02 2.2943815530915290e+02 2.3545692825144693e+02 2.4154687504173398e+02
2.0384167901256581e+02 2.0931086441326343e+02 2.1492627437534196e+02 2.2066390837153870e+02 2.2650581372334358e+02 2.3243820776556373e+02 2.3845024056578853e+02 2.4453317290445315e+02
2.0686819581631786e+02 2.1233398553494473e+02 2.1794494635964872e+02 2.2367734867051303e+02 2.2951342807582770e+02 2.3543953918968791e+02 2.4144493601794659e+02 2.4752096033029179e+02
2.0989558229737941e+02 2.1535801464621670e+02 2.2096458938148513e+02 2.2669183945996863e+02 2.3252218325251692e+02 2.3844210881248873e+02 2.4444097133413982e+02 2.5051019155388789e+02
2.1292380765935368e+02 2.1838292056776521e+02 2.2398517093514246e+02 2.2970734634870936e+02 2.3553204265589366e+02 2.4144587766590581e+02 2.4743830511515617e+02 2.5350082275500142e+02
2.1595284261711890e+02 2.2140867360382637e+02 2.2700666002546484e+02 2.3272383650841962e+02 2.3854297131718073e+02 2.4445080848189170e+02 2.5043689773333656e+02 2.5649281195367126e+02
2.1898265929702202e+02 2.2443524545386728e+02 2.3002902707879883e+02 2.3574127858348575e+02 2.4155493580432901e+02 2.4745686559827524e+02 2.5343671123638538e+02 2.5948611891218638e+02
2.2201323115517272e+02 2.2746260912998292e+02 2.3305224386016030e+02 2.3875964260709500e+02 2.4456790413627542e+02 2.5046401487091421e+02 2.5643770925748134e+02 2.6248070504335527e+02
2.2504453289810021e+02 2.3049073887930234e+02 2.3607628339607132e+02 2.4177889992309522e+02 2.4758184570296896e+02 2.5347222359164576e+02 2.5943985693120624e+02 2.6547653332459976e+02
2.2807654040336428e+02 2.3351961011194302e+02 2.3910111990270201e+02 2.4479902311314888e+02 2.5059673119071192e+02 2.5648146041158901e+02 2.6244312081485310e+02 2.6847356821744489e+02
2.3110923065345307e+02 2.3654919933430085e+02 2.4212672871908237e+02 2.4781998592876076e+02 2.5361253251240453e+02 2.5949169526939198e+02 2.6544746881471087e+02 2.7147177559200566e+02
2.3414258167398555e+02 2.3957948408706639e+02 2.4515308624508279e+02 2.5084176322780576e+02 2.5662922274231886e+02 2.6250289932405161e+02 2.6845287011696024e+02 2.7447112265611196e+02
2.3717657247021083e+02 2.4261044288753106e+02 2.4818016988370553e+02 2.5386433091521954e+02 2.5964677605505995e+02 2.6551504489196464e+02 2.7145929512284135e+02 2.7747157788873625e+02
2.4021118297128885e+02 2.4564205517578114e+02 2.5120795798731311e+02 2.5688766588754703e+02 2.6266516766840101e+02 2.6852810538790072e+02 2.7446671538778764e+02 2.8047311097742170e+02
2.4324639398184195e+02 2.4867430126425833e+02 2.5423642980828487e+02 2.5991174598105920e+02 2.6568437378970589e+02 2.7154205526961118e+02 2.7747510356424067e+02 2.8347569275942817e+02
2.4628218713280452e+02 2.5170716229036310e+02 2.5726556546046930e+02 2.6293654992316414e+02 2.6870437156567516e+02 2.7455686998581075e+02 2.8048443334788692e+02 2.8647929516633883e+02
2.4931854483380948e+02 2.5474062017226288e+02 2.6029534586725566e+02 2.6596205728685953e+02 2.7172513903517739e+02 2.7757252592729515e+02 2.8349467942707673e+02 2.8948389117188998e+02
2.5235545023226601e+02 2.5777465756811921e+02 2.6332575268121059e+02 2.6898824844799367e+02 2.7474665508494161e+02 2.8058900038097090e+02 2.8650581743520610e+02 2.9248945474280470e+02
2.5539288717604077e+02 2.6080925783830236e+02 2.6635676829394106e+02 2.7201510454513050e+02 2.7776889940791023e+02 2.8360627148659643e+02 2.8951782390585822e+02 2.9549596079242832e+02
2.5843084017564729e+02 2.6384440500961455e+02 2.6938837579301736e+02 2.7504260744183074e+02 2.8079185246406377e+02 2.8662431819604654e+02 2.9253067623051800e+02 2.9850338513697881e+02
2.6146929436802731e+02 2.6688008374062633e+02 2.7242055892207196e+02 2.7807073969118136e+02 2.8381549544354874e+02 2.8964312023492948e+02 2.9554435261868605e+02 3.0151170445424077e+02
2.6450823548487909e+02 2.6991627928836493e+02 2.7545330204775212e+02 2.8109948450241490e+02 2.8683981023194684e+02 2.9266265806639603e+02 2.9855883206023572e+02 3.0452089624454305e+02
2.6754764982390367e+02 2.7295297747813754e+02 2.7848659012913174e+02 2.8412882570947363e+02 2.8986477937754319e+02 2.9568291285699610e+02 3.0157409428986250e+02 3.0753093879387120e+02
2.7058752422020541e+02 2.7599016467699039e+02 2.8152040868894784e+02 2.8715874774138666e+02 2.9289038606045716e+02 2.9870386644444574e+02 3.0459011975349148e+02 3.1054181113898051e+02
2.7362784601825257e+02 2.7902782776914461e+02 2.8455474378650024e+02 2.9018923559434120e+02 2.9591661406351301e+02 3.0172550130718162e+02 3.0760688957651797e+02 3.1355349303438152e+02
2.7666860304643291e+02 2.8206595413268082e+02 2.8758958199217540e+02 2.9322027480533961e+02 2.9894344774473393e+02 3.0474780053558430e+02 3.1062438553376114e+02 3.1656596492107985e+02
2.7970978359441438e+02 2.8510453161644074e+02 2.9062491036357193e+02 2.9625185142734745e+02 3.0197087201135662e+02 3.0777074780476653e+02 3.1364259002102540e+02 3.1957920789696300e+02
2.8275137639162739e+02 2.8814354851190751e+02 2.9366071642309635e+02 2.9928395200583708e+02 3.0499887229526473e+02 3.1079432734882386e+02 3.1666148602816912e+02 3.2259320368873159e+02
2.8579337058589891e+02 2.9118299352674353e+02 2.9669698813683431e+02 3.0231656355663682e+02 3.0802743452975284e+02 3.1381852393645829e+02 3.1968105711358260e+02 3.2560793462528090e+02
2.8883575572289442e+02 2.9422285577216951e+02 2.9973371389453979e+02 3.0534967354499059e+02 3.1105654512753586e+02 3.1684332284788758e+02 3.2270128737999767e+02 3.2862338361244502e+02
2.9187852172738314e+02 2.9726312474884992e+02 3.0277088249066122e+02 3.0838326986574816e+02 3.1408619095992577e+02 3.1986870985296144e+02 3.2572216145153754e+02 3.3163953410902275e+02
